target_id	length	eff_length	est_counts	tpm
XM_026478077.3	1609	1429.9	0	0
XM_026478080.3	6046	5866.9	0	0
XM_026478083.3	2509	2329.9	0	0
XM_026478085.3	2434	2254.9	7	1.33286
XM_026478086.3	2425	2245.9	29	5.54396
XM_026478087.3	2288	2108.9	0	0
XM_026478088.3	2224	2044.9	0	0
XM_026478089.3	3098	2918.9	23.248	3.41963
XM_026478090.3	1357	1177.9	6	2.18703
XM_026478091.3	1312	1132.9	0	0
XM_026478092.3	1300	1120.9	0	0
XM_026478094.3	1697	1517.9	0	0
XM_026478095.3	3596	3416.9	0	0
XM_026478097.3	993	813.905	0	0
XM_026478098.3	10841	10661.9	0	0
XM_026478099.3	2079	1899.9	0.418839	0.0946517
XM_026478100.3	7847	7667.9	23	1.28785
XM_026478101.3	6255	6075.9	0	0
XM_026478102.3	4900	4720.9	4	0.363788
XM_026478103.3	1628	1448.9	0	0
XM_026478105.3	4341	4161.9	2	0.206325
XM_026478106.1	1359	1179.9	0	0
XM_026478107.1	1359	1179.9	0	0
XM_026478108.3	4405	4225.9	6.17554	0.627435
XM_026478109.3	4078	3898.9	21.8245	2.40333
XM_026478110.3	4041	3861.9	0	0
XM_026478114.3	3144	2964.9	0	0
XM_026478122.3	5800	5620.9	0	0
XM_026478124.3	5185	5005.9	1.22226	0.104832
XM_026478126.3	4573	4393.9	13	1.2703
XM_026478127.3	1566	1386.9	191	59.129
XM_026478128.3	1294	1114.9	22	8.47224
XM_026478129.3	1343	1163.9	38.0452	14.0345
XM_026478130.3	1386	1206.9	8.95476	3.18562
XM_026478131.3	1762	1582.9	0	0
XM_026478132.3	1759	1579.9	0	0
XM_026478133.2	3175	2995.9	440.533	63.1341
XM_026478135.3	3662	3482.9	0	0
XM_026478136.3	3554	3374.9	24	3.05326
XM_026478139.3	2722	2542.9	0	0
XM_026478140.3	2348	2168.9	53.2275	10.5368
XM_026478142.3	4236	4056.9	0	0
XM_026478143.3	338	163.695	51	133.767
XM_026478144.3	8601	8421.9	0	0
XM_026478146.3	3833	3653.9	22.035	2.58923
XM_026478150.3	2311	2131.9	132	26.584
XM_026478151.3	6755	6575.9	0	0
XM_026478153.3	7000	6820.9	90.9446	5.72464
XM_026478159.3	2152	1972.9	0	0
XM_026478163.3	9279	9099.9	0.394014	0.0185904
XM_026478165.3	2434	2254.9	61.9292	11.7918
XM_026478167.3	1687	1507.9	0	0
XM_026478168.3	2138	1958.9	1	0.21918
XM_026478169.3	9315	9135.9	111	5.21657
XM_026478170.3	3852	3672.9	9.5153	1.11231
XM_026478173.3	4464	4284.9	0	0
XM_026478174.3	5197	5017.9	0	0
XM_026478175.3	8598	8418.9	417.344	21.2839
XM_026478176.3	11857	11677.9	8.95821	0.329359
XM_026478179.3	8427	8247.9	1339.08	69.707
XM_026478180.3	843	663.98	0	0
XM_026478181.3	2987	2807.9	39	5.96342
XM_026478182.3	8430	8250.9	247.401	12.874
XM_026478183.3	10477	10297.9	30	1.25079
XM_026478185.3	3015	2835.9	0	0
XM_026478189.3	2391	2211.9	0	0
XM_026478191.3	6588	6408.9	0	0
XM_026478192.3	6767	6587.9	0	0
XM_026478193.3	6597	6417.9	0	0
XM_026478194.3	6585	6405.9	0	0
XM_026478195.3	5023	4843.9	6.15881	0.545902
XM_026478196.3	6484	6304.9	0.23954	0.0163122
XM_026478199.3	4589	4409.9	0.0233184	0.0022703
XM_026478200.3	4000	3820.9	190	21.3501
XM_026478202.3	21305	21125.9	0	0
XM_026478203.3	4061	3881.9	24	2.65448
XM_026478206.2	939	759.905	1	0.565008
XM_026478207.3	1835	1655.9	3	0.777856
XM_026478208.3	1465	1285.9	214	71.4527
XM_026478212.3	5507	5327.9	0	0
XM_026478213.3	1113	933.905	0	0
XM_026478215.3	1955	1775.9	7.52502	1.81929
XM_026478216.3	3721	3541.9	31.7145	3.84446
XM_026478217.3	1659	1479.9	0	0
XM_026478218.3	4039	3859.9	0	0
XM_026478219.3	6333	6153.9	92	6.41875
XM_026478220.3	4558	4378.9	0	0
XM_026478221.1	1824	1644.9	0	0
XM_026478223.3	7229	7049.9	48.2319	2.93741
XM_026478225.3	4249	4069.9	51.4953	5.43246
XM_026478230.1	882	702.98	0	0
XM_026478231.3	2913	2733.9	0	0
XM_026478232.3	4392	4212.9	188.498	19.2104
XM_026478237.3	4071	3891.9	0	0
XM_026478240.3	2392	2212.9	10.6341	2.06325
XM_026478241.3	4790	4610.9	4.71307	0.438865
XM_026478243.3	7888	7708.9	40.3489	2.24726
XM_026478244.3	2279	2099.9	4.01663	0.82125
XM_026478256.3	15206	15026.9	1.16402	0.0332585
XM_026478257.3	2506	2326.9	0	0
XM_026478258.3	2525	2345.9	6.92007	1.26652
XM_026478259.3	6504	6324.9	164.271	11.1511
XM_026478260.3	2509	2329.9	0	0
XM_026478261.3	2458	2278.9	0	0
XM_026478262.3	3255	3075.9	0	0
XM_026478263.3	2242	2062.9	13	2.70569
XM_026478265.3	5688	5508.9	6.98322	0.544257
XM_026478267.3	6675	6495.9	0	0
XM_026478270.3	1033	853.905	55	27.6546
XM_026478271.3	1861	1681.9	58.1883	14.8541
XM_026478272.3	4162	3982.9	39.8117	4.29165
XM_026478273.3	930	750.98	167	95.4776
XM_026478274.3	1809	1629.9	2	0.526843
XM_026478276.3	5005	4825.9	0	0
XM_026478278.3	5047	4867.9	0	0
XM_026478279.3	5035	4855.9	0	0
XM_026478280.3	4894	4714.9	9.77733e-05	8.9035e-06
XM_026478282.3	8406	8226.9	1.35642e-06	7.07901e-08
XM_026478283.3	8394	8214.9	0	0
XM_026478284.3	8294	8114.9	79.6372	4.21353
XM_026478285.3	8279	8099.9	0.000661743	3.5077e-05
XM_026478290.3	4690	4510.9	48	4.56868
XM_026478291.3	7074	6894.9	2.65055e-08	1.65052e-09
XM_026478292.3	6933	6753.9	0	0
XM_026478293.3	6961	6781.9	61.4865	3.89261
XM_026478295.3	6712	6532.9	5.51352	0.362356
XM_026478296.3	9714	9534.9	0	0
XM_026478297.3	4637	4457.9	0	0
XM_026478298.3	4580	4400.9	0	0
XM_026478299.3	9699	9519.9	0	0
XM_026478300.3	4622	4442.9	0.00750734	0.000725492
XM_026478303.3	9076	8896.9	3	0.144776
XM_026478308.3	9177	8997.9	27.3379	1.30448
XM_026478309.3	1777	1597.9	23	6.18003
XM_026478311.3	1579	1399.9	17.9379	5.50157
XM_026478312.3	2647	2467.9	8	1.39179
XM_026478313.3	513	334.091	0	0
XM_026478317.3	5855	5675.9	86.5162	6.54449
XM_026478318.3	3547	3367.9	20	2.54967
XM_026478320.3	8741	8561.9	0	0
XM_026478321.3	3804	3624.9	704	83.3853
XM_026478322.3	2471	2291.9	0	0
XM_026478323.3	2809	2629.9	0	0
XM_026478326.3	5940	5760.9	33.7947	2.51867
XM_026478327.3	2519	2339.9	0	0
XM_026478328.3	9165	8985.9	0.000920796	4.39962e-05
XM_026478329.3	6861	6681.9	0	0
XM_026478331.3	1885	1705.9	12.009	3.02249
XM_026478335.3	2818	2638.9	22	3.57942
XM_026478337.3	3820	3640.9	0	0
XM_026478339.3	11121	10941.9	0.000512348	2.01042e-05
XM_026478340.3	11278	11098.9	92.9972	3.59752
XM_026478341.3	6045	5865.9	23.6943	1.73429
XM_026478347.3	3434	3254.9	0	0
XM_026478348.3	907	727.98	102	60.1581
XM_026478350.3	3299	3119.9	0	0
XM_026478352.3	1414	1234.9	0	0
XM_026478353.3	1391	1211.9	9	3.18851
XM_026478355.3	1613	1433.9	34.0283	10.189
XM_026478356.3	1219	1039.9	37.9717	15.6776
XM_026478358.3	1976	1796.9	15.3782	3.67447
XM_026478361.3	335	161.043	4.62176	12.3219
XM_026478362.3	1440	1260.9	4281	1457.73
XM_026478365.3	1806	1626.9	0	0
XM_026478366.3	2953	2773.9	2	0.309565
XM_026478368.3	1990	1810.9	13.5964	3.2236
XM_026478371.3	2783	2603.9	83	13.6857
XM_026478372.3	2782	2602.9	0	0
XM_026478373.3	3090	2910.9	0	0
XM_026478374.3	2298	2118.9	0	0
XM_026478375.3	2175	1995.9	0	0
XM_026478376.3	1983	1803.9	0	0
XM_026478377.2	1899	1719.9	0	0
XM_026478378.2	1782	1602.9	0	0
XM_026478379.3	1764	1584.9	0	0
XM_026478380.3	605	425.98	31	31.2454
XM_026478382.3	1944	1764.9	41.3574	10.0611
XM_026478383.3	1914	1734.9	0	0
XM_026478386.3	2059	1879.9	41.4975	9.47762
XM_026478387.3	5606	5426.9	1	0.0791154
XM_026478388.3	5437	5257.9	0	0
XM_026478389.3	4186	4006.9	15	1.6073
XM_026478391.3	7161	6981.9	240	14.7588
XM_026478392.3	4871	4691.9	10	0.915091
XM_026478393.3	2107	1927.9	3	0.668112
XM_026478394.3	3354	3174.9	14	1.89326
XM_026478396.3	1980	1800.9	150	35.7614
XM_026478397.3	1470	1290.9	0	0
XM_026478400.3	5098	4918.9	0.00128762	0.000112391
XM_026478401.3	4206	4026.9	0	0
XM_026478403.2	1315	1135.9	0	0
XM_026478413.3	527	348.091	6341	7821.29
XM_026478414.3	5797	5617.9	1.83762	0.140441
XM_026478415.3	5787	5607.9	3.9731	0.304188
XM_026478417.3	5782	5602.9	0	0
XM_026478418.3	5772	5592.9	0	0
XM_026478419.3	5766	5586.9	12.8829	0.990043
XM_026478420.3	5757	5577.9	21.8777	1.684
XM_026478421.3	5752	5572.9	0	0
XM_026478422.3	5742	5562.9	0	0
XM_026478423.3	14639	14459.9	97.4097	2.89235
XM_026478424.3	12168	11988.9	238.59	8.5445
XM_026478426.3	2725	2545.9	10	1.68644
XM_026478427.3	3132	2952.9	0.0141512	0.00205758
XM_026478429.3	2934	2754.9	0	0
XM_026478431.2	1706	1526.9	0	0
XM_026478432.3	4236	4056.9	106.619	11.2838
XM_026478433.3	9958	9778.9	9	0.395153
XM_026478435.3	11864	11684.9	0	0
XM_026478436.3	11736	11556.9	0	0
XM_026478437.2	1170	990.905	0	0
XM_026478438.3	3358	3178.9	10	1.35063
XM_026478440.3	11861	11681.9	0.013097	0.000481361
XM_026478443.3	1892	1712.9	23	5.76512
XM_026478445.2	996	816.905	0	0
XM_026478446.3	8351	8171.9	0	0
XM_026478448.3	8322	8142.9	0	0
XM_026478449.3	8343	8163.9	0	0
XM_026478450.3	8347	8167.9	0	0
XM_026478451.3	9211	9031.9	0	0
XM_026478452.3	9208	9028.9	36.5491	1.73802
XM_026478453.3	2394	2214.9	836.817	162.214
XM_026478454.3	2401	2221.9	27.1833	5.25278
XM_026478455.2	4157	3977.9	1	0.107934
XM_026478456.3	3058	2878.9	118	17.5982
XM_026478458.3	18169	17989.9	249.274	5.94923
XM_026478459.3	17911	17731.9	0	0
XM_026478460.3	2874	2694.9	0	0
XM_026478461.3	5383	5203.9	111	9.15814
XM_026478462.3	2452	2272.9	17.695	3.34259
XM_026478463.3	6859	6679.9	31	1.99253
XM_026478464.3	7383	7203.9	0	0
XM_026478465.3	7567	7387.9	0	0
XM_026478466.3	7394	7214.9	18.9743	1.12914
XM_026478467.3	7382	7202.9	0	0
XM_026478468.3	7283	7103.9	0	0
XM_026478469.3	7190	7010.9	0	0
XM_026478470.3	7223	7043.9	0	0
XM_026478471.3	3606	3426.9	0	0
XM_026478472.3	789	609.98	0	0
XM_026478473.3	1807	1627.9	0	0
XM_026478474.3	705	525.98	0	0
XM_026478476.3	2229	2049.9	16.7295	3.50399
XM_026478478.3	2422	2242.9	29	5.55138
XM_026478479.3	3922	3742.9	25.6029	2.93693
XM_026478480.3	3897	3717.9	10.3901	1.19988
XM_026478481.3	3784	3604.9	13.0069	1.54915
XM_026478482.3	3759	3579.9	5.27865e-07	6.33089e-08
XM_026478483.3	6695	6515.9	0	0
XM_026478485.3	6655	6475.9	0	0
XM_026478492.3	5348	5168.9	0	0
XM_026478494.3	29744	29564.9	278.634	4.04642
XM_026478495.3	4099	3919.9	7	0.766719
XM_026478496.3	4071	3891.9	0	0
XM_026478508.2	1563	1383.9	0	0
XM_026478509.3	3378	3198.9	107	14.3614
XM_026478510.3	1249	1069.9	92	36.9195
XM_026478514.3	4197	4017.9	46	4.91554
XM_026478515.3	1793	1613.9	33	8.77909
XM_026478517.3	3331	3151.9	0.447934	0.0610174
XM_026478518.3	3328	3148.9	1.55207	0.211624
XM_026478521.3	2895	2715.9	2.27679	0.359933
XM_026478522.3	804	624.98	19.5709	13.4449
XM_026478524.3	2946	2766.9	25	3.87935
XM_026478527.3	2690	2510.9	0	0
XM_026478528.3	2552	2372.9	109.648	19.8396
XM_026478529.3	2662	2482.9	10.352	1.79011
XM_026478531.3	1315	1135.9	32.6099	12.326
XM_026478532.3	714	534.98	61.4291	49.3004
XM_026478534.3	1354	1174.9	0	0
XM_026478535.3	3220	3040.9	59.9259	8.46106
XM_026478536.3	3226	3046.9	0	0
XM_026478539.3	752	572.98	1044	782.302
XM_026478540.3	1929	1749.9	1	0.245357
XM_026478541.3	5671	5491.9	0	0
XM_026478543.3	3350	3170.9	0	0
XM_026478544.3	4146	3966.9	13	1.40704
XM_026478545.3	8428	8248.9	0	0
XM_026478546.3	4180	4000.9	0	0
XM_026478548.3	4847	4667.9	0	0
XM_026478549.3	8569	8389.9	5	0.255874
XM_026478553.3	5480	5300.9	31	2.51088
XM_026478554.3	8413	8233.9	23.1302	1.20611
XM_026478555.3	5414	5234.9	0	0
XM_026478556.3	6915	6735.9	3.28601e-06	2.09453e-07
XM_026478557.3	3410	3230.9	3.68067e-06	4.89121e-07
XM_026478564.3	10082	9902.9	28	1.21397
XM_026478565.3	1446	1266.9	45.6847	15.4825
XM_026478566.3	4481	4301.9	48	4.79064
XM_026478568.3	1447	1267.9	16.3153	5.52485
XM_026478569.3	1580	1400.9	0	0
XM_026478570.3	10374	10194.9	16.1462	0.679989
XM_026478572.3	14600	14420.9	45	1.33978
XM_026478573.3	2048	1868.9	5	1.14867
XM_026478575.3	4220	4040.9	0	0
XM_026478577.3	4109	3929.9	0	0
XM_026478578.3	3990	3810.9	6.67521	0.752056
XM_026478583.3	3888	3708.9	0	0
XM_026478584.3	4007	3827.9	0	0
XM_026478585.3	10399	10219.9	0	0
XM_026478586.3	10271	10091.9	2.14193	0.0911267
XM_026478587.3	10344	10164.9	0	0
XM_026478589.3	10096	9916.9	9.54389	0.413202
XM_026478592.3	8688	8508.9	672	33.9085
XM_026478593.3	1678	1498.9	1	0.286444
XM_026478594.3	1877	1697.9	0	0
XM_026478596.3	4810	4630.9	1.43826	0.133347
XM_026478597.3	1820	1640.9	28.5617	7.47334
XM_026478599.3	20719	20539.9	238.634	4.98824
XM_026478605.3	6295	6115.9	47	3.29952
XM_026478606.1	813	633.98	0	0
XM_026478608.3	3258	3078.9	20	2.78899
XM_026478609.1	2889	2709.9	0	0
XM_026478610.3	16630	16450.9	2.07811e-05	5.42366e-07
XM_026478611.2	1239	1059.9	0	0
XM_026478612.2	1011	831.905	0	0
XM_026478613.3	16618	16438.9	0.00412073	0.000107625
XM_026478615.2	477	298.277	0	0
XM_026478616.3	866	686.98	0	0
XM_026478617.3	16613	16433.9	0	0
XM_026478618.3	16604	16424.9	0	0
XM_026478619.3	6465	6285.9	0	0
XM_026478620.3	5155	4975.9	0	0
XM_026478621.3	5149	4969.9	0	0
XM_026478622.3	5226	5046.9	2.03676e-06	1.73272e-07
XM_026478623.3	5138	4958.9	0	0
XM_026478624.3	5229	5049.9	9.37881e-07	7.97404e-08
XM_026478625.3	5233	5053.9	53.4972	4.54483
XM_026478626.3	5201	5021.9	0	0
XM_026478627.3	16588	16408.9	0.814969	0.0213243
XM_026478629.3	4929	4749.9	0	0
XM_026478630.3	16562	16382.9	1.07262e-07	2.81105e-09
XM_026478631.3	16453	16273.9	23	0.606805
XM_026478633.3	1072	892.905	0	0
XM_026478634.3	4866	4686.9	0	0
XM_026478635.3	4792	4612.9	5	0.465381
XM_026478636.3	16549	16369.9	2.39137e-05	6.27211e-07
XM_026478637.2	3923	3743.9	0	0
XM_026478639.3	7898	7718.9	3.08649	0.171681
XM_026478640.3	2896	2716.9	10.9136	1.72468
XM_026478641.3	1901	1721.9	27	6.73237
XM_026478642.3	1253	1073.9	109	43.5787
XM_026478645.3	16531	16351.9	0.00158098	4.15118e-05
XM_026478647.3	2006	1826.9	8	1.88013
XM_026478648.3	7220	7040.9	6	0.365878
XM_026478649.3	13711	13531.9	66.5	2.10997
XM_026478650.3	16498	16318.9	1.46884e-07	3.86454e-09
XM_026478651.3	1970	1790.9	275.35	66.0125
XM_026478652.3	5439	5259.9	129.072	10.5358
XM_026478654.3	1958	1778.9	178.836	43.1634
XM_026478656.3	2908	2728.9	1	0.157335
XM_026478658.3	843	663.98	1	0.646634
XM_026478659.3	7402	7222.9	76.7314	4.56115
XM_026478660.3	455	276.419	0	0
XM_026478662.3	9669	9489.9	25.941	1.17365
XM_026478663.3	9657	9477.9	0	0
XM_026478664.3	9647	9467.9	0.31762	0.0144035
XM_026478665.3	9692	9512.9	0	0
XM_026478666.3	9638	9458.9	49.3823	2.24153
XM_026478667.3	9631	9451.9	0	0
XM_026478669.3	9501	9321.9	75.1062	3.45927
XM_026478670.3	9469	9289.9	0	0
XM_026478671.3	9424	9244.9	0.00094557	4.39142e-05
XM_026478672.3	9357	9177.9	12.5329	0.586302
XM_026478673.3	8059	7879.9	16.3827	0.892645
XM_026478674.3	8023	7843.9	2.32494e-07	1.2726e-08
XM_026478675.3	7889	7709.9	148.75	8.28363
XM_026478676.3	7855	7675.9	1.07131e-06	5.99238e-08
XM_026478678.3	13725	13545.9	217	6.87805
XM_026478679.3	3183	3003.9	72.846	10.412
XM_026478680.3	3171	2991.9	551.912	79.2019
XM_026478681.3	7162	6982.9	36.4001	2.2381
XM_026478682.3	7262	7082.9	0	0
XM_026478683.3	7160	6980.9	151.044	9.28975
XM_026478685.3	3512	3332.9	93	11.9805
XM_026478686.3	2737	2557.9	21	3.52491
XM_026478687.3	3818	3638.9	143	16.8725
XM_026478689.3	1691	1511.9	32	9.08739
XM_026478690.3	1226	1046.9	1	0.410116
XM_026478691.3	1588	1408.9	0	0
XM_026478692.3	5228	5048.9	87.6283	7.45179
XM_026478693.3	5364	5184.9	17.3717	1.43851
XM_026478695.3	1355	1175.9	0	0
XM_026478696.3	5565	5385.9	19	1.51464
XM_026478697.3	9650	9470.9	24.4726	1.10944
XM_026478703.3	3773	3593.9	310	37.0347
XM_026478705.3	9255	9075.9	39.2148	1.85513
XM_026478707.3	3452	3272.9	68.258	8.95434
XM_026478708.3	3227	3047.9	0	0
XM_026478710.3	2478	2298.9	0	0
XM_026478713.3	11262	11082.9	1.79771	0.0696435
XM_026478717.3	9030	8850.9	0	0
XM_026478719.3	3296	3116.9	24.0673	3.31526
XM_026478720.3	4448	4268.9	0	0
XM_026478721.3	3122	2942.9	0	0
XM_026478723.3	8345	8165.9	487.056	25.6087
XM_026478724.3	8904	8724.9	0	0
XM_026478726.3	13027	12847.9	17.9788	0.600815
XM_026478728.3	13088	12908.9	0.0371757	0.00123647
XM_026478731.3	8871	8691.9	0	0
XM_026478732.3	3683	3503.9	86	10.538
XM_026478733.3	3244	3064.9	1	0.140087
XM_026478734.3	8021	7841.9	6	0.328506
XM_026478735.3	1187	1007.9	0	0
XM_026478736.3	912	732.98	124.707	73.0485
XM_026478737.3	1186	1006.9	0	0
XM_026478738.3	8567	8387.9	0	0
XM_026478739.3	1006	826.905	0	0
XM_026478740.3	7106	6926.9	0	0
XM_026478742.3	3186	3006.9	1	0.142789
XM_026478748.3	8407	8227.9	0	0
XM_026478749.1	333	159.24	0	0
XM_026478750.3	6150	5970.9	0	0
XM_026478754.2	3984	3804.9	0	0
XM_026478756.3	7104	6924.9	0	0
XM_026478757.1	1326	1146.9	0	0
XM_026478758.3	4272	4092.9	0	0
XM_026478759.3	381	203.84	0	0
XM_026478762.3	2951	2771.9	7.92903	1.22816
XM_026478765.2	645	465.98	0	0
XM_026478766.3	1119	939.905	1	0.456804
XM_026478767.2	3327	3147.9	0	0
XM_026478768.2	414	236.073	0	0
XM_026478769.3	4217	4037.9	0	0
XM_026478771.3	3942	3762.9	186	21.2228
XM_026478772.2	906	726.98	0	0
XM_026478773.3	2942	2762.9	0	0
XM_026478774.3	4138	3958.9	0	0
XM_026478775.3	4763	4583.9	0	0
XM_026478777.3	4724	4544.9	6.95729e-06	6.57247e-07
XM_026478782.3	2580	2400.9	0	0
XM_026478783.3	4086	3906.9	0	0
XM_026478784.3	2807	2627.9	27	4.41131
XM_026478785.3	2475	2295.9	0	0
XM_026478786.3	5747	5567.9	0	0
XM_026478789.3	4069	3889.9	0	0
XM_026478790.3	2857	2677.9	0	0
XM_026478791.3	3934	3754.9	3.56802e-05	4.07983e-06
XM_026478792.3	3896	3716.9	20.7614	2.39822
XM_026478793.3	3568	3388.9	0	0
XM_026478799.3	4099	3919.9	98.1331	10.7486
XM_026478800.3	2519	2339.9	147	26.9732
XM_026478801.3	2249	2069.9	137.131	28.4445
XM_026478802.3	1966	1786.9	53.0661	12.7506
XM_026478803.3	9602	9422.9	28.0487	1.27803
XM_026478805.3	9512	9332.9	37.9478	1.74575
XM_026478806.3	9673	9493.9	0.00156143	7.06142e-05
XM_026478807.3	4288	4108.9	86.013	8.98776
XM_026478808.3	2423	2243.9	44.0762	8.4336
XM_026478809.3	2154	1974.9	0	0
XM_026478810.3	6086	5906.9	1	0.0726865
XM_026478811.3	2973	2793.9	13	1.99777
XM_026478812.3	3879	3699.9	88.4536	10.2645
XM_026478813.3	3065	2885.9	0	0
XM_026478814.3	6841	6661.9	9.87213	0.636247
XM_026478815.3	6549	6369.9	216.313	14.5802
XM_026478816.3	6690	6510.9	0	0
XM_026478817.3	6546	6366.9	83.8149	5.65206
XM_026478819.3	5356	5176.9	4	0.331744
XM_026478820.2	1374	1194.9	0	0
XM_026478822.3	1318	1138.9	0	0
XM_026478823.3	1287	1107.9	18.1705	7.04171
XM_026478825.3	2266	2086.9	5.69184	1.17102
XM_026478828.3	1153	973.905	0	0
XM_026478831.3	599	419.98	4.43908	4.53814
XM_026478832.3	905	725.98	0	0
XM_026478836.3	977	797.905	6.82411	3.67205
XM_026478837.3	5261	5081.9	0.0417245	0.00352515
XM_026478838.3	5829	5649.9	0	0
XM_026478839.3	5257	5077.9	0.11659	0.00985806
XM_026478840.3	5258	5078.9	0.09017	0.00762264
XM_026478841.3	5247	5067.9	1.52715	0.12938
XM_026478843.3	8572	8392.9	2.71737	0.139011
XM_026478844.3	3605	3425.9	26	3.25845
XM_026478845.3	3586	3406.9	0	0
XM_026478846.3	2077	1897.9	6.42269	1.45297
XM_026478847.3	4119	3939.9	5	0.544876
XM_026478848.3	2925	2745.9	2	0.312722
XM_026478849.3	1723	1543.9	2	0.55619
XM_026478851.3	7620	7440.9	478.965	27.6371
XM_026478852.3	6474	6294.9	0	0
XM_026478854.3	1340	1160.9	5.1353	1.89925
XM_026478855.2	1377	1197.9	0	0
XM_026478856.2	1224	1044.9	0	0
XM_026478857.3	1388	1208.9	0	0
XM_026478858.3	2408	2228.9	0	0
XM_026478860.3	2357	2177.9	3	0.59142
XM_026478861.3	3262	3082.9	176.504	24.5815
XM_026478862.3	3154	2974.9	27.8651	4.02161
XM_026478863.3	4966	4786.9	0	0
XM_026478864.3	3380	3200.9	29.8968	4.01019
XM_026478868.3	3421	3241.9	0	0
XM_026478869.3	3237	3057.9	0	0
XM_026478870.3	3768	3588.9	0	0
XM_026478871.3	8703	8523.9	74.3931	3.7472
XM_026478872.3	12940	12760.9	0.0287053	0.000965815
XM_026478873.3	12888	12708.9	5.91798	0.19993
XM_026478874.3	12885	12705.9	8.05331	0.272134
XM_026478875.3	1936	1756.9	4.18311	1.02227
XM_026478876.3	1516	1336.9	17.2005	5.524
XM_026478877.3	8997	8817.9	40.0775	1.95141
XM_026478878.3	3666	3486.9	5.51149	0.678644
XM_026478883.3	3991	3811.9	1.54016	0.173476
XM_026478885.3	2574	2394.9	1	0.179277
XM_026478889.3	1440	1260.9	21	7.15073
XM_026478890.3	1231	1051.9	38	15.5103
XM_026478891.3	4825	4645.9	22	2.03313
XM_026478892.3	2149	1969.9	51	11.1157
XM_026478893.3	4699	4519.9	5	0.474957
XM_026478900.3	1602	1422.9	0	0
XM_026478901.2	466	287.306	1150	1718.57
XM_026478902.3	4197	4017.9	0	0
XM_026478903.3	4158	3978.9	22	2.37396
XM_026478904.3	1437	1257.9	14	4.77852
XM_026478905.3	5543	5363.9	27.1121	2.17018
XM_026478906.3	419	240.905	264	470.512
XM_026478908.3	917	737.98	0	0
XM_026478910.3	5379	5199.9	44.8879	3.70636
XM_026478912.3	6944	6764.9	0.671711	0.0426318
XM_026478918.3	978	798.905	0	0
XM_026478919.3	1758	1578.9	0	0
XM_026478920.3	3669	3489.9	0	0
XM_026478921.3	7327	7147.9	58.1131	3.49067
XM_026478922.3	7143	6963.9	0	0
XM_026478923.3	1213	1033.9	0	0
XM_026478924.2	771	591.98	0	0
XM_026478925.3	1943	1763.9	3	0.73023
XM_026478926.3	1181	1001.9	0	0
XM_026478931.3	1195	1015.9	0	0
XM_026478934.3	2087	1907.9	0	0
XM_026478936.3	1263	1083.9	25.4217	10.0699
XM_026478937.3	1094	914.905	6.74372e-08	3.16473e-08
XM_026478945.3	3942	3762.9	30	3.42304
XM_026478946.3	1150	970.905	14.1738	6.26791
XM_026478948.2	1408	1228.9	0	0
XM_026478950.3	3857	3677.9	0	0
XM_026478952.3	962	782.905	125	68.5511
XM_026478953.3	1013	833.905	14.8262	7.63356
XM_026478954.3	2120	1940.9	12	2.65455
XM_026478955.3	1879	1699.9	0	0
XM_026478956.3	5385	5205.9	7.60635e-07	6.27326e-08
XM_026478961.3	5314	5134.9	0	0
XM_026478965.3	4789	4609.9	20.4372	1.90346
XM_026478967.3	5157	4977.9	35.3495	3.04895
XM_026478969.3	5142	4962.9	6.15684	0.532642
XM_026478970.3	9266	9086.9	1.84316	0.0870882
XM_026478971.3	7460	7280.9	52.4249	3.09148
XM_026478972.3	5259	5079.9	0	0
XM_026478973.3	4642	4462.9	0	0
XM_026478975.3	3945	3765.9	0	0
XM_026478977.3	2907	2727.9	0	0
XM_026478979.3	7990	7810.9	61	3.35306
XM_026478981.3	7853	7673.9	0	0
XM_026478983.3	3384	3204.9	351	47.0225
XM_026478988.3	2076	1896.9	0	0
XM_026478989.3	2073	1893.9	0	0
XM_026478990.3	1965	1785.9	0	0
XM_026478991.3	5384	5204.9	85	7.01164
XM_026478993.3	5104	4924.9	8.73791	0.761768
XM_026478995.3	3739	3559.9	0	0
XM_026478996.3	3317	3137.9	66.2185	9.06051
XM_026478997.3	5174	4994.9	56.6155	4.86655
XM_026478998.2	1197	1017.9	0	0
XM_026478999.3	2694	2514.9	603	102.946
XM_026479000.3	12188	12008.9	8.82697	0.315589
XM_026479003.3	12403	12223.9	2	0.0702479
XM_026479004.3	7343	7163.9	49.9039	2.99087
XM_026479006.3	3130	2950.9	0	0
XM_026479007.3	1349	1169.9	16.6901	6.12524
XM_026479009.3	1372	1192.9	7.30986	2.63098
XM_026479011.3	1208	1028.9	0	0
XM_026479012.3	1248	1068.9	0	0
XM_026479013.3	970	790.905	0	0
XM_026479016.3	4344	4164.9	26.7021	2.75267
XM_026479018.3	6434	6254.9	27	1.85335
XM_026479019.3	6280	6100.9	0	0
XM_026479020.3	1023	843.905	65.8007	33.4773
XM_026479022.3	7867	7687.9	0	0
XM_026479024.3	2943	2763.9	24.7004	3.83703
XM_026479026.3	1282	1102.9	0	0
XM_026479027.3	1260	1080.9	20	7.94431
XM_026479028.3	1266	1086.9	0	0
XM_026479029.3	2364	2184.9	1	0.196508
XM_026479030.2	267	103.51	0	0
XM_026479031.3	2160	1980.9	0	0
XM_026479033.3	2077	1897.9	5	1.13112
XM_026479037.3	1376	1196.9	12	4.30462
XM_026479040.3	836	656.98	0	0
XM_026479041.3	3464	3284.9	155.23	20.2893
XM_026479042.3	4480	4300.9	118	11.7797
XM_026479044.3	10712	10532.9	19	0.774495
XM_026479045.3	3871	3691.9	20.1851	2.34744
XM_026479048.3	3547	3367.9	0	0
XM_026479053.3	1698	1518.9	31.6837	8.95609
XM_026479054.3	5406	5226.9	43.8149	3.59907
XM_026479055.3	1735	1555.9	0.16832	0.0464479
XM_026479056.3	1732	1552.9	2.08916	0.577617
XM_026479057.3	3849	3669.9	0	0
XM_026479058.3	2271	2091.9	0	0
XM_026479059.3	2268	2088.9	0	0
XM_026479060.3	4110	3930.9	7.26209	0.7932
XM_026479061.3	1651	1471.9	0	0
XM_026479062.3	2112	1932.9	0.210936	0.0468547
XM_026479063.3	2109	1929.9	1.60131	0.356248
XM_026479070.3	5073	4893.9	0	0
XM_026479071.3	3731	3551.9	17.0828	2.06495
XM_026479072.3	1700	1520.9	3.11023	0.87802
XM_026479073.3	1211	1031.9	3.88977	1.61844
XM_026479074.3	1866	1686.9	0	0
XM_026479076.3	3324	3144.9	0	0
XM_026479078.2	6696	6516.9	16	1.05412
XM_026479079.3	3410	3230.9	4	0.531556
XM_026479080.2	2274	2094.9	1	0.204951
XM_026479081.3	5041	4861.9	66	5.82842
XM_026479082.3	3477	3297.9	2	0.260379
XM_026479083.2	2837	2657.9	0	0
XM_026479086.3	5031	4851.9	0	0
XM_026479087.3	1741	1561.9	38.1015	10.4737
XM_026479088.3	2466	2286.9	0	0
XM_026479089.2	1077	897.905	0	0
XM_026479090.3	984	804.905	0	0
XM_026479092.3	3479	3299.9	0	0
XM_026479093.3	5548	5368.9	0	0
XM_026479094.3	1369	1189.9	36.1637	13.0489
XM_026479095.3	1125	945.905	10.8915	4.9437
XM_026479097.3	9155	8975.9	1	0.0478338
XM_026479098.3	5605	5425.9	0.108416	0.00857894
XM_026479099.3	3214	3034.9	337.367	47.7277
XM_026479100.3	3244	3064.9	18.5822	2.60311
XM_026479105.3	3195	3015.9	13	1.85071
XM_026479112.3	3702	3522.9	3	0.365623
XM_026479113.3	5541	5361.9	69	5.52514
XM_026479114.3	3507	3327.9	0	0
XM_026479116.3	3682	3502.9	19	2.32883
XM_026479117.3	7565	7385.9	29.7708	1.73061
XM_026479118.3	8814	8634.9	42	2.08836
XM_026479119.3	4271	4091.9	4	0.419709
XM_026479120.3	7953	7773.9	82	4.52885
XM_026479121.3	4516	4336.9	8.15208	0.807052
XM_026479122.3	4514	4334.9	0	0
XM_026479123.3	3984	3804.9	4.84792	0.547048
XM_026479124.3	3981	3801.9	0	0
XM_026479126.3	3310	3130.9	0	0
XM_026479129.3	3093	2913.9	87.5765	12.904
XM_026479130.3	2945	2765.9	140.423	21.798
XM_026479133.3	5153	4973.9	2	0.172642
XM_026479139.3	757	577.98	33	24.514
XM_026479140.3	808	628.98	0	0
XM_026479141.3	2457	2277.9	8	1.50788
XM_026479144.3	3172	2992.9	1	0.143457
XM_026479147.3	2347	2167.9	0.000348336	6.89877e-05
XM_026479148.3	2332	2152.9	2.99965	0.598218
XM_026479149.3	3229	3049.9	0.213445	0.0300479
XM_026479150.3	3223	3043.9	2.78834	0.393304
XM_026479151.3	4143	3963.9	1.4571	0.157827
XM_026479153.3	4102	3922.9	0	0
XM_026479154.3	3727	3547.9	9	1.08914
XM_026479156.2	1707	1527.9	0	0
XM_026479157.2	1668	1488.9	0	0
XM_026479158.3	2751	2571.9	6	1.00164
XM_026479160.3	3963	3783.9	25	2.8367
XM_026479162.3	2503	2323.9	18.0195	3.32918
XM_026479163.3	8119	7939.9	203.445	11.0014
XM_026479164.3	2139	1959.9	1.67914	0.367846
XM_026479165.3	1817	1637.9	15.2804	4.00554
XM_026479167.3	1627	1447.9	9.30747	2.75998
XM_026479168.3	1450	1270.9	46.9144	15.8492
XM_026479169.3	1367	1187.9	53	19.1561
XM_026479170.3	6322	6142.9	61.2139	4.27848
XM_026479171.3	1083	903.905	0	0
XM_026479172.3	8099	7919.9	0.000127587	6.91669e-06
XM_026479173.3	4624	4444.9	182	17.5801
XM_026479174.3	712	532.98	0	0
XM_026479175.3	3593	3413.9	0	0
XM_026479176.3	3527	3347.9	0	0
XM_026479177.3	1716	1536.9	235	65.6499
XM_026479178.3	2732	2552.9	74	12.4454
XM_026479183.3	758	578.98	4	2.96626
XM_026479185.3	5177	4997.9	288	24.741
XM_026479186.3	5067	4887.9	0	0
XM_026479187.3	2133	1953.9	154.554	33.9619
XM_026479192.3	4156	3976.9	54.915	5.9287
XM_026479195.3	4928	4748.9	1.28403	0.11609
XM_026479196.3	4851	4671.9	33.6196	3.08967
XM_026479199.2	3700	3520.9	0	0
XM_026479200.3	1668	1488.9	0	0
XM_026479201.3	3482	3302.9	1	0.129992
XM_026479203.3	1686	1506.9	13.3815	3.81271
XM_026479204.3	1749	1569.9	26.8191	7.33472
XM_026479205.3	1511	1331.9	0	0
XM_026479206.3	1673	1493.9	0	0
XM_026479209.3	3605	3425.9	7	0.877276
XM_026479210.3	1108	928.905	6	2.77328
XM_026479211.3	9323	9143.9	1.0784e-05	5.06362e-07
XM_026479212.3	9320	9140.9	1.65483e-05	7.77282e-07
XM_026479216.3	9113	8933.9	23.0352	1.10704
XM_026479217.2	1623	1443.9	0	0
XM_026479219.3	1307	1127.9	0	0
XM_026479220.3	5910	5730.9	4.07849	0.305555
XM_026479221.3	2935	2755.9	76.4942	11.9173
XM_026479222.3	3503	3323.9	34.9215	4.51084
XM_026479225.3	4564	4384.9	163	15.9603
XM_026479227.3	10597	10417.9	173	7.12983
XM_026479230.3	2865	2685.9	18.5058	2.95823
XM_026479231.3	9497	9317.9	379.746	17.498
XM_026479235.3	7058	6878.9	15.3777	0.959808
XM_026479236.3	4789	4609.9	26	2.42156
XM_026479240.3	3829	3649.9	0	0
XM_026479241.3	3768	3588.9	15.7219	1.88086
XM_026479243.3	3152	2972.9	0	0
XM_026479244.3	2728	2548.9	0.918881	0.154782
XM_026479245.3	5065	4885.9	51	4.48166
XM_026479246.3	8323	8143.9	62.957	3.31914
XM_026479247.3	8259	8079.9	17.8197	0.946906
XM_026479249.3	3056	2876.9	2	0.298482
XM_026479253.3	2269	2089.9	0	0
XM_026479254.3	3630	3450.9	0	0
XM_026479257.1	798	618.98	0	0
XM_026479258.3	3955	3775.9	139	15.8055
XM_026479259.3	7350	7170.9	71.347	4.27184
XM_026479260.2	1284	1104.9	0	0
XM_026479264.2	6546	6366.9	0	0
XM_026479265.3	4376	4196.9	6.40983	0.655739
XM_026479266.3	7349	7169.9	18.4245	1.1033
XM_026479269.3	4809	4629.9	39.9906	3.70851
XM_026479270.1	1503	1323.9	0	0
XM_026479271.3	7324	7144.9	6.2285	0.374283
XM_026479272.3	1134	954.905	0	0
XM_026479274.3	1242	1062.9	0	0
XM_026479275.2	267	103.51	0	0
XM_026479276.3	7323	7143.9	0	0
XM_026479279.2	1260	1080.9	1	0.397215
XM_026479289.3	2004	1824.9	0	0
XM_026479295.3	3077	2897.9	21	3.11135
XM_026479296.3	3051	2871.9	0	0
XM_026479297.3	3130	2950.9	0	0
XM_026479298.3	1688	1508.9	11	3.13
XM_026479299.3	2979	2799.9	2.29868e-08	3.52492e-09
XM_026479300.3	2853	2673.9	4	0.642285
XM_026479301.3	2673	2493.9	2252.79	387.841
XM_026479303.3	1730	1550.9	19.4743	5.39125
XM_026479304.3	1628	1448.9	53.5257	15.8612
XM_026479308.3	1938	1758.9	137.449	33.5515
XM_026479309.3	1928	1748.9	13.7108	3.36597
XM_026479310.3	1993	1813.9	7.18239	1.70007
XM_026479311.3	1922	1742.9	0	0
XM_026479313.3	1417	1237.9	11	3.81521
XM_026479316.3	2637	2457.9	27	4.71642
XM_026479317.3	1004	824.905	0	0
XM_026479319.3	4050	3870.9	0	0
XM_026479320.3	12182	12002.9	34.6788	1.24048
XM_026479321.3	7333	7153.9	172	10.3228
XM_026479322.3	7255	7075.9	0	0
XM_026479323.3	3177	2997.9	0	0
XM_026479324.3	3237	3057.9	0	0
XM_026479325.3	3173	2993.9	148.751	21.3322
XM_026479326.3	3129	2949.9	0	0
XM_026479327.3	3096	2916.9	0	0
XM_026479328.3	3049	2869.9	0	0
XM_026479329.3	12089	11909.9	0.0851082	0.00306815
XM_026479330.3	7982	7802.9	0	0
XM_026479335.3	4614	4434.9	0	0
XM_026479336.3	4610	4430.9	0	0
XM_026479337.3	4610	4430.9	0	0
XM_026479339.3	4576	4396.9	0	0
XM_026479343.3	4504	4324.9	6	0.595646
XM_026479345.3	2314	2134.9	5	1.00555
XM_026479346.3	4147	3967.9	37	4.00363
XM_026479347.3	4106	3926.9	0	0
XM_026479349.3	3536	3356.9	5.88106e-06	7.52194e-07
XM_026479351.3	1740	1560.9	253	69.5917
XM_026479352.3	7106	6926.9	40	2.47933
XM_026479356.3	1077	897.905	1	0.478171
XM_026479357.3	2051	1871.9	38	8.71592
XM_026479358.3	2420	2240.9	75.1141	14.3917
XM_026479362.3	2389	2209.9	0	0
XM_026479363.3	2241	2061.9	29.8859	6.22316
XM_026479367.3	1130	950.905	0	0
XM_026479368.3	2622	2442.9	0	0
XM_026479370.3	2933	2753.9	2	0.311813
XM_026479371.3	2591	2411.9	71	12.639
XM_026479372.3	1434	1254.9	0	0
XM_026479373.3	1456	1276.9	15	5.04366
XM_026479377.3	2216	2036.9	17.724	3.73598
XM_026479378.3	1982	1802.9	16.276	3.87604
XM_026479379.3	9482	9302.9	0	0
XM_026479385.3	9156	8976.9	109	5.21331
XM_026479386.3	9437	9257.9	0	0
XM_026479391.3	9292	9112.9	5	0.235574
XM_026479393.3	4692	4512.9	28	2.66388
XM_026479394.3	4489	4309.9	0	0
XM_026479396.3	4606	4426.9	0	0
XM_026479397.3	4295	4115.9	0	0
XM_026479398.3	3713	3533.9	0	0
XM_026479399.3	2562	2382.9	3	0.54054
XM_026479400.3	5210	5030.9	65	5.54729
XM_026479401.3	5171	4991.9	0	0
XM_026479402.3	7061	6881.9	34.9178	2.17847
XM_026479403.3	6979	6799.9	0.21654	0.0136725
XM_026479406.3	7048	6868.9	0	0
XM_026479407.3	6980	6800.9	337.228	21.2897
XM_026479408.3	1402	1222.9	22.2868	7.8247
XM_026479409.3	1395	1215.9	0	0
XM_026479413.3	1942	1762.9	2.71324	0.660803
XM_026479414.3	1556	1376.9	5	1.55912
XM_026479417.2	1050	870.905	0	0
XM_026479418.3	9917	9737.9	142.613	6.28793
XM_026479419.3	9183	9003.9	84.8438	4.04578
XM_026479422.3	9450	9270.9	2.15618	0.0998566
XM_026479423.3	1398	1218.9	0	0
XM_026479425.3	3708	3528.9	0	0
XM_026479426.3	3486	3306.9	0	0
XM_026479428.3	12800	12620.9	0	0
XM_026479434.2	960	780.905	0	0
XM_026479435.3	6511	6331.9	119.424	8.09786
XM_026479437.3	6673	6493.9	0	0
XM_026479439.3	5035	4855.9	79	6.98506
XM_026479440.2	1470	1290.9	0	0
XM_026479441.2	1434	1254.9	0	0
XM_026479442.3	1527	1347.9	1	0.318533
XM_026479447.3	5892	5712.9	151	11.3484
XM_026479448.3	6417	6237.9	0	0
XM_026479449.3	5843	5663.9	1.76523e-05	1.33813e-06
XM_026479452.3	5640	5460.9	119	9.35612
XM_026479455.3	1788	1608.9	171	45.633
XM_026479456.3	6354	6174.9	152.065	10.5733
XM_026479457.3	3719	3539.9	0	0
XM_026479458.3	3666	3486.9	1	0.123133
XM_026479459.2	855	675.98	0	0
XM_026479462.3	5424	5244.9	23.2268	1.90136
XM_026479463.3	1811	1631.9	16.7732	4.413
XM_026479464.3	859	679.98	12.661	7.9944
XM_026479465.3	5889	5709.9	18.8241	1.41546
XM_026479466.3	3085	2905.9	6.17592	0.912502
XM_026479471.3	971	791.905	1	0.542176
XM_026479472.3	1682	1502.9	8.89749e-07	2.54185e-07
XM_026479473.3	1664	1484.9	6	1.73487
XM_026479476.3	3948	3768.9	19.1142	2.17748
XM_026479477.3	5299	5119.9	6.6141	0.554654
XM_026479478.3	4309	4129.9	0	0
XM_026479480.3	2834	2654.9	41.4829	6.70862
XM_026479481.3	1662	1482.9	1	0.289534
XM_026479488.3	17508	17328.9	20.598	0.51035
XM_026479489.3	6484	6304.9	95	6.46932
XM_026479490.3	3263	3083.9	16.1162	2.24375
XM_026479491.3	2023	1843.9	593.109	138.105
XM_026479492.3	2178	1998.9	0	0
XM_026479493.3	2473	2293.9	104	19.4658
XM_026479498.3	1006	826.905	61.6006	31.9848
XM_026479502.3	2655	2475.9	0	0
XM_026479505.3	2080	1900.9	30.2498	6.83243
XM_026479506.3	2197	2017.9	48.0312	10.2197
XM_026479508.3	1586	1406.9	0	0
XM_026479512.3	3664	3484.9	0.302011	0.0372087
XM_026479513.3	3653	3473.9	18.698	2.31095
XM_026479514.3	3004	2824.9	4	0.607952
XM_026479518.3	495	316.154	186	252.596
XM_026479519.3	637	457.98	75	70.3117
XM_026479520.3	20878	20698.9	0	0
XM_026479525.3	1607	1427.9	9	2.70618
XM_026479527.3	1409	1229.9	0	0
XM_026479529.3	20866	20686.9	0	0
XM_026479530.3	806	626.98	0	0
XM_026479531.3	5127	4947.9	37	3.21066
XM_026479533.3	5740	5560.9	7	0.540463
XM_026479534.3	3819	3639.9	0	0
XM_026479536.3	1470	1290.9	166.94	55.5238
XM_026479537.3	1456	1276.9	118.06	39.697
XM_026479538.3	6480	6300.9	27.1535	1.85027
XM_026479539.3	4883	4703.9	14	1.27786
XM_026479540.3	1183	1003.9	6.23316	2.66581
XM_026479541.3	1434	1254.9	30.7668	10.5265
XM_026479542.3	2727	2547.9	0	0
XM_026479543.3	2622	2442.9	31.2658	5.4951
XM_026479545.3	2819	2639.9	92.1183	14.982
XM_026479546.3	2809	2629.9	2211.88	361.107
XM_026479548.3	9462	9282.9	132	6.10525
XM_026479549.2	1987	1807.9	21.5939	5.12825
XM_026479550.3	2123	1943.9	6.4061	1.41492
XM_026479552.3	1614	1434.9	0	0
XM_026479553.3	19349	19169.9	4.65666	0.104296
XM_026479554.3	973	793.905	86	46.5097
XM_026479555.3	6467	6287.9	0	0
XM_026479556.3	6444	6264.9	189.543	12.9899
XM_026479557.3	6466	6286.9	0	0
XM_026479558.3	6576	6396.9	40.797	2.73824
XM_026479559.3	6139	5959.9	32.4895	2.34054
XM_026479560.3	6107	5927.9	0	0
XM_026479561.3	5967	5787.9	0.197971	0.0146857
XM_026479562.3	6108	5928.9	0	0
XM_026479563.3	4368	4188.9	21	2.15245
XM_026479564.3	8468	8288.9	93	4.81725
XM_026479568.3	1594	1414.9	180	54.6209
XM_026479569.3	4932	4752.9	16.9022	1.52686
XM_026479570.3	4960	4780.9	8.09775	0.727223
XM_026479571.3	3232	3052.9	498	70.0373
XM_026479574.3	13130	12950.9	197.119	6.53494
XM_026479575.3	2116	1936.9	0	0
XM_026479576.3	6665	6485.9	0	0
XM_026479580.3	3325	3145.9	26	3.54847
XM_026479582.3	1583	1403.9	214.986	65.7486
XM_026479583.3	1414	1234.9	25.0137	8.69676
XM_026479584.3	12462	12282.9	0	0
XM_026479587.2	2975	2795.9	0	0
XM_026479588.3	1147	967.905	0	0
XM_026479590.3	2437	2257.9	0	0
XM_026479591.3	1132	952.905	33	14.8689
XM_026479593.3	3647	3467.9	0	0
XM_026479594.3	3669	3489.9	2119	260.694
XM_026479598.3	1871	1691.9	2	0.507537
XM_026479599.3	5637	5457.9	0	0
XM_026479600.3	5090	4910.9	92	8.0434
XM_026479602.3	1343	1163.9	402	148.293
XM_026479603.3	12506	12326.9	54.1509	1.8861
XM_026479605.3	18483	18303.9	28.887	0.677599
XM_026479607.3	3780	3600.9	85.566	10.2024
XM_026479608.3	3500	3320.9	12.434	1.60756
XM_026479609.3	6652	6472.9	26	1.7246
XM_026479610.2	1501	1321.9	0	0
XM_026479611.2	801	621.98	0	0
XM_026479612.3	2459	2279.9	114.972	21.6515
XM_026479613.3	2469	2289.9	0	0
XM_026479614.3	6249	6069.9	24	1.69763
XM_026479615.3	508	329.091	0	0
XM_026479616.3	487	308.217	23	32.0395
XM_026479617.3	4931	4751.9	22.8128	2.06122
XM_026479618.3	4933	4753.9	13.1732	1.18974
XM_026479619.3	4958	4778.9	0.0140292	0.00126043
XM_026479620.3	5184	5004.9	0	0
XM_026479622.3	5195	5015.9	2	0.171196
XM_026479627.3	2452	2272.9	95	17.9455
XM_026479628.3	2257	2077.9	0	0
XM_026479629.3	1148	968.905	0	0
XM_026479630.3	1643	1463.9	24	7.03901
XM_026479631.3	1648	1468.9	0	0
XM_026479634.3	3746	3566.9	0	0
XM_026479635.3	4735	4555.9	0	0
XM_026479636.3	3774	3594.9	0	0
XM_026479637.3	3831	3651.9	0	0
XM_026479648.3	3720	3540.9	0	0
XM_026479649.3	3602	3422.9	0	0
XM_026479650.3	3561	3381.9	0	0
XM_026479653.3	2006	1826.9	3	0.705048
XM_026479654.3	1435	1255.9	21	7.1792
XM_026479655.3	1555	1375.9	0	0
XM_026479656.3	1515	1335.9	0	0
XM_026479657.3	4994	4814.9	281	25.0572
XM_026479658.3	1951	1771.9	871	211.053
XM_026479659.2	1576	1396.9	0	0
XM_026479660.3	2439	2259.9	0	0
XM_026479667.3	2430	2250.9	15.0172	2.86447
XM_026479668.3	2079	1899.9	0	0
XM_026479669.3	701	521.98	85	69.9163
XM_026479670.3	1491	1311.9	12	3.92728
XM_026479671.3	2370	2190.9	130	25.4761
XM_026479672.3	7679	7499.9	79.5919	4.55645
XM_026479676.3	571	391.98	1429	1565.24
XM_026479677.3	2000	1820.9	9	2.12211
XM_026479678.3	10425	10245.9	0.575518	0.0241169
XM_026479679.3	2607	2427.9	0	0
XM_026479680.3	3737	3557.9	114	13.757
XM_026479683.3	998	818.905	0	0
XM_026479684.3	6555	6375.9	10.2977	0.693448
XM_026479685.3	2045	1865.9	7	1.61073
XM_026479686.3	10401	10221.9	12.2795	0.515778
XM_026479687.3	4040	3860.9	3	0.333615
XM_026479688.3	1477	1297.9	2	0.661608
XM_026479691.1	1200	1020.9	0	0
XM_026479692.2	1482	1302.9	0	0
XM_026479693.3	3659	3479.9	44.904	5.54027
XM_026479694.3	1401	1221.9	0	0
XM_026479695.2	1371	1191.9	0	0
XM_026479696.3	1112	932.905	0	0
XM_026479698.1	1338	1158.9	0	0
XM_026479699.2	1092	912.905	0	0
XM_026479700.1	156	38.243	0	0
XM_026479701.2	1278	1098.9	0	0
XM_026479703.2	836	656.98	0	0
XM_026479704.2	1311	1131.9	0	0
XM_026479705.2	318	145.693	0	0
XM_026479707.3	5360	5180.9	0	0
XM_026479709.3	3199	3019.9	47.6563	6.77549
XM_026479710.3	4584	4404.9	85.8042	8.36345
XM_026479711.3	4488	4308.9	0	0
XM_026479712.3	5357	5177.9	0	0
XM_026479713.3	4534	4354.9	11.5895	1.14261
XM_026479714.3	2658	2478.9	690.678	119.627
XM_026479715.3	2591	2411.9	230.104	40.9616
XM_026479717.3	2503	2323.9	29393.8	5430.64
XM_026479719.3	4557	4377.9	0	0
XM_026479720.3	4280	4100.9	0	0
XM_026479721.3	4457	4277.9	0	0
XM_026479722.3	4407	4227.9	0	0
XM_026479723.3	4419	4239.9	0	0
XM_026479724.3	2538	2358.9	59.2371	10.7819
XM_026479727.3	5474	5294.9	0	0
XM_026479729.3	4269	4089.9	187.061	19.6374
XM_026479730.3	3926	3746.9	206.966	23.7159
XM_026479732.3	1139	959.905	0	0
XM_026479733.3	5316	5136.9	0.00106221	8.87813e-05
XM_026479738.3	2550	2370.9	255.872	46.3363
XM_026479740.3	2403	2223.9	0	0
XM_026479741.3	2345	2165.9	2.70428e-05	5.36075e-06
XM_026479742.3	2295	2115.9	36.0754	7.3203
XM_026479744.3	9789	9609.9	3.00008	0.134038
XM_026479749.3	6177	5997.9	51.6673	3.69854
XM_026479751.3	3507	3327.9	1.33266	0.171934
XM_026479752.2	1191	1011.9	1	0.424301
XM_026479753.3	5171	4991.9	1.43713	0.123607
XM_026479754.3	4328	4148.9	12	1.24183
XM_026479755.3	8147	7967.9	1	0.0538852
XM_026479757.3	2789	2609.9	0	0
XM_026479758.3	5168	4988.9	3.14921	0.271025
XM_026479759.3	4283	4103.9	0	0
XM_026479760.3	4247	4067.9	0	0
XM_026479761.3	4232	4052.9	0	0
XM_026479762.3	4220	4040.9	0	0
XM_026479763.3	4208	4028.9	0	0
XM_026479764.3	4196	4016.9	0	0
XM_026479765.3	4157	3977.9	0	0
XM_026479766.3	4145	3965.9	0	0
XM_026479767.3	4012	3832.9	0	0
XM_026479768.3	3913	3733.9	0	0
XM_026479769.3	3949	3769.9	0	0
XM_026479770.3	3859	3679.9	56.4887	6.5908
XM_026479772.3	4169	3989.9	46.8147	5.03772
XM_026479775.3	8593	8413.9	1.21293e-06	6.18945e-08
XM_026479776.3	8507	8327.9	0.806381	0.0415736
XM_026479777.3	8494	8314.9	6.19362	0.319816
XM_026479778.3	6082	5902.9	210	15.2745
XM_026479779.3	5864	5684.9	0	0
XM_026479780.3	3623	3443.9	56.6912	7.0677
XM_026479781.3	5758	5578.9	0	0
XM_026479790.2	1080	900.905	0	0
XM_026479791.3	1457	1277.9	0	0
XM_026479794.2	744	564.98	0	0
XM_026479795.3	2188	2008.9	0	0
XM_026479796.3	2697	2517.9	0	0
XM_026479799.3	2646	2466.9	100.286	17.4543
XM_026479800.3	1265	1085.9	5.97183	2.36118
XM_026479801.3	2786	2606.9	0	0
XM_026479803.3	6229	6049.9	11.8138	0.838409
XM_026479805.2	5529	5349.9	0	0
XM_026479807.3	6525	6345.9	0	0
XM_026479808.3	4036	3856.9	0	0
XM_026479809.3	2454	2274.9	0	0
XM_026479812.3	1780	1600.9	19	5.09567
XM_026479814.3	1556	1376.9	1	0.311824
XM_026479815.3	6232	6052.9	6.18616	0.438804
XM_026479816.1	912	732.98	0	0
XM_026479818.2	1629	1449.9	0	0
XM_026479819.2	966	786.905	0	0
XM_026479820.2	1599	1419.9	0	0
XM_026479821.3	3143	2963.9	11	1.59346
XM_026479827.2	939	759.905	0	0
XM_026479829.3	940	760.905	1057	596.428
XM_026479831.3	7470	7290.9	111.417	6.56118
XM_026479832.3	7814	7634.9	66.5835	3.74435
XM_026479833.3	2365	2185.9	227	44.587
XM_026479834.3	8650	8470.9	82	4.15621
XM_026479835.3	8655	8475.9	0	0
XM_026479836.3	6558	6378.9	63.2387	4.25647
XM_026479837.3	6390	6210.9	25.185	1.74101
XM_026479840.3	3788	3608.9	48	5.71057
XM_026479841.3	3178	2998.9	76	10.8809
XM_026479842.3	1326	1146.9	0	0
XM_026479844.3	7482	7302.9	309	18.1667
XM_026479846.2	1998	1818.9	10.737	2.53446
XM_026479847.3	1975	1795.9	307.263	73.4582
XM_026479848.3	3936	3756.9	79	9.02839
XM_026479853.3	1904	1724.9	0	0
XM_026479854.3	1852	1672.9	0	0
XM_026479855.3	5628	5448.9	0	0
XM_026479858.3	3827	3647.9	110	12.9468
XM_026479859.3	5604	5424.9	0	0
XM_026479860.3	5565	5385.9	0	0
XM_026479861.3	5478	5298.9	0	0
XM_026479862.3	5454	5274.9	0	0
XM_026479863.3	5439	5259.9	3.32695e-07	2.7157e-08
XM_026479864.3	5415	5235.9	0	0
XM_026479865.3	5391	5211.9	0	0
XM_026479866.3	5289	5109.9	0	0
XM_026479869.3	11013	10833.9	11.5543	0.457901
XM_026479870.3	6857	6677.9	35.6587	2.29266
XM_026479872.3	1153	973.905	9	3.96771
XM_026479873.3	6641	6461.9	0.223242	0.014833
XM_026479875.3	4248	4068.9	4.86125e-05	5.12961e-06
XM_026479876.3	4174	3994.9	14.6483	1.57433
XM_026479877.3	3851	3671.9	14.9985	1.75376
XM_026479878.3	4214	4034.9	0	0
XM_026479879.3	2873	2693.9	46	7.33144
XM_026479880.3	4899	4719.9	3	0.272899
XM_026479882.3	3004	2824.9	16.5724	2.5188
XM_026479883.3	1618	1438.9	19.4276	5.79698
XM_026479884.2	9004	8824.9	901	43.8357
XM_026479885.3	1661	1481.9	0	0
XM_026479890.3	1556	1376.9	108	33.677
XM_026479891.3	2464	2284.9	1	0.187908
XM_026479892.3	9675	9495.9	167	7.55081
XM_026479895.3	2585	2405.9	0	0
XM_026479897.3	2479	2299.9	15.3642	2.86822
XM_026479898.3	3025	2845.9	3	0.4526
XM_026479899.3	2348	2168.9	0	0
XM_026479900.3	2433	2253.9	0	0
XM_026479901.3	2279	2099.9	0	0
XM_026479903.3	6544	6364.9	31.7129	2.13923
XM_026479905.3	6095	5915.9	0	0
XM_026479906.3	14258	14078.9	0	0
XM_026479907.3	3736	3556.9	0	0
XM_026479909.3	3639	3459.9	4	0.496374
XM_026479910.3	3706	3526.9	34	4.13903
XM_026479911.3	3703	3523.9	0	0
XM_026479913.3	3182	3002.9	0	0
XM_026479914.3	896	716.98	28	16.7673
XM_026479915.3	921	741.98	0	0
XM_026479916.3	824	644.98	0	0
XM_026479917.3	2569	2389.9	18.6759	3.35517
XM_026479918.3	1730	1550.9	124.371	34.4309
XM_026479921.3	5964	5784.9	9824.34	729.156
XM_026479923.3	1296	1116.9	37	14.2233
XM_026479925.3	3427	3247.9	1057	139.729
XM_026479934.3	6793	6613.9	3.00359	0.194983
XM_026479939.3	4850	4670.9	34	3.1253
XM_026479944.3	1883	1703.9	13.2719	3.34427
XM_026479945.3	1904	1724.9	80.7281	20.0943
XM_026479949.3	2841	2661.9	2	0.32259
XM_026479950.3	3833	3653.9	36	4.23018
XM_026479951.3	2243	2063.9	8.79251	1.8291
XM_026479952.3	2396	2216.9	6	1.16203
XM_026479953.3	14035	13855.9	0.000172508	5.34549e-06
XM_026479954.3	2816	2636.9	0	0
XM_026479955.3	13995	13815.9	68.699	2.13494
XM_026479956.3	14383	14203.9	0	0
XM_026479957.3	13999	13819.9	0.00514339	0.000159793
XM_026479958.3	14003	13823.9	0.0035256	0.0001095
XM_026479961.3	13525	13345.9	2.22132e-05	7.14621e-07
XM_026479962.3	13408	13228.9	2.17321	0.0705329
XM_026479963.3	13261	13081.9	2.98565	0.0979898
XM_026479965.3	7009	6829.9	35	2.20022
XM_026479969.3	3819	3639.9	0	0
XM_026479970.3	4960	4780.9	0	0
XM_026479971.3	4973	4793.9	46	4.11985
XM_026479973.3	1568	1388.9	0	0
XM_026479974.3	4929	4749.9	152.216	13.7591
XM_026479975.3	2228	2048.9	3	0.628656
XM_026479977.3	2138	1958.9	101.419	22.229
XM_026479978.3	2984	2804.9	0	0
XM_026479982.3	2791	2611.9	114	18.7396
XM_026479983.3	3505	3325.9	0	0
XM_026479986.3	3097	2917.9	0	0
XM_026479987.3	13014	12834.9	0	0
XM_026479988.3	13399	13219.9	0	0
XM_026479989.3	13012	12832.9	0	0
XM_026479990.3	1934	1754.9	1	0.244658
XM_026479991.3	5430	5250.9	13	1.06297
XM_026479992.3	2508	2328.9	1	0.184358
XM_026479993.3	6137	5957.9	29	2.08986
XM_026479994.3	1782	1602.9	2	0.535717
XM_026479995.3	3372	3192.9	0.00322162	0.000433213
XM_026479996.3	3358	3178.9	0.996778	0.134628
XM_026479997.3	952	772.905	10	5.55504
XM_026479999.3	662	482.98	0	0
XM_026480002.3	1007	827.905	4	2.0744
XM_026480003.3	2156	1976.9	10	2.17184
XM_026480007.3	2696	2516.9	0	0
XM_026480010.3	6055	5875.9	29.2779	2.13934
XM_026480011.3	2267	2087.9	18.855	3.87731
XM_026480012.3	2320	2140.9	0	0
XM_026480013.3	1951	1771.9	8	1.93849
XM_026480014.3	4606	4426.9	0.248914	0.0241414
XM_026480016.3	4603	4423.9	0.602913	0.0585143
XM_026480018.3	4597	4417.9	3.54362	0.344385
XM_026480019.3	3442	3262.9	76	10.0005
XM_026480020.3	3304	3124.9	0	0
XM_026480021.3	4200	4020.9	0	0
XM_026480022.3	8662	8482.9	145.363	7.35738
XM_026480026.3	4321	4141.9	20	2.07321
XM_026480034.3	3724	3544.9	20	2.42236
XM_026480035.3	3678	3498.9	5	0.613552
XM_026480038.3	4704	4524.9	7	0.664205
XM_026480039.3	694	514.98	207.471	172.974
XM_026480040.3	5222	5042.9	0	0
XM_026480042.3	4621	4441.9	0.0422134	0.00408033
XM_026480043.3	6545	6365.9	0	0
XM_026480047.3	7007	6827.9	0	0
XM_026480050.3	5765	5585.9	1731	133.051
XM_026480052.3	5909	5729.9	0	0
XM_026480053.3	3695	3515.9	23	2.80869
XM_026480055.3	7381	7201.9	72.3509	4.3133
XM_026480057.3	3629	3449.9	0	0
XM_026480059.3	2400	2220.9	1	0.193323
XM_026480060.3	3574	3394.9	0	0
XM_026480062.3	13632	13452.9	30.5661	0.975524
XM_026480063.3	1399	1219.9	9.19621	3.23665
XM_026480066.3	5176	4996.9	402.194	34.558
XM_026480067.3	5023	4843.9	19.8057	1.75553
XM_026480068.3	12237	12057.9	55	1.95841
XM_026480069.3	1415	1235.9	873	303.279
XM_026480070.3	4603	4423.9	1.99036e-07	1.9317e-08
XM_026480071.3	2145	1965.9	1.18224	0.258199
XM_026480073.3	897	717.98	0	0
XM_026480074.3	1179	999.905	0	0
XM_026480075.3	5066	4886.9	2	0.175715
XM_026480077.3	12495	12315.9	18	0.627508
XM_026480078.3	1566	1386.9	164	50.7704
XM_026480081.3	10428	10248.9	125.236	5.24645
XM_026480082.3	7478	7298.9	105	6.17654
XM_026480083.3	7433	7253.9	1.57122e-06	9.29992e-08
XM_026480084.3	6743	6563.9	0	0
XM_026480086.3	1258	1078.9	17.5104	6.96831
XM_026480087.3	1047	867.905	79	39.0813
XM_026480090.3	2262	2082.9	83	17.1089
XM_026480091.3	2132	1952.9	6	1.31912
XM_026480093.3	3447	3267.9	0	0
XM_026480095.3	2704	2524.9	0	0
XM_026480096.3	1575	1395.9	0	0
XM_026480097.1	1173	993.905	0	0
XM_026480098.1	1086	906.905	0	0
XM_026480099.1	849	669.98	0	0
XM_026480100.3	714	534.98	0	0
XM_026480103.3	1527	1347.9	0	0
XM_026480105.3	5096	4916.9	32	2.79429
XM_026480106.2	2391	2211.9	0	0
XM_026480109.3	2077	1897.9	0	0
XM_026480110.3	5506	5326.9	0	0
XM_026480111.3	1851	1671.9	0	0
XM_026480112.3	1767	1587.9	0	0
XM_026480114.3	11226	11046.9	14.3359	0.557184
XM_026480116.3	11187	11007.9	0.744963	0.0290565
XM_026480117.3	5680	5500.9	0	0
XM_026480120.3	3190	3010.9	137	19.5361
XM_026480121.3	470	291.277	947	1395.91
XM_026480122.3	9094	8914.9	59	2.84151
XM_026480124.3	4978	4798.9	0	0
XM_026480125.3	1911	1731.9	700	173.535
XM_026480126.3	4417	4237.9	81.0361	8.20995
XM_026480127.3	2976	2796.9	2	0.307019
XM_026480129.3	1461	1281.9	0	0
XM_026480131.3	1198	1018.9	0	0
XM_026480132.3	5629	5449.9	0	0
XM_026480135.3	1633	1453.9	8	2.36248
XM_026480137.3	11887	11707.9	1.34229e-08	4.92244e-10
XM_026480138.3	11848	11668.9	1.04449e-06	3.84314e-08
XM_026480140.3	576	396.98	4	4.32618
XM_026480141.3	2348	2168.9	0	0
XM_026480142.3	1878	1698.9	0	0
XM_026480144.3	1722	1542.9	7.29379	2.02968
XM_026480147.3	3373	3193.9	0	0
XM_026480148.3	1788	1608.9	0	0
XM_026480149.3	5491	5311.9	0	0
XM_026480150.3	3869	3689.9	3	0.349076
XM_026480151.3	3360	3180.9	1	0.134978
XM_026480152.3	2118	1938.9	0	0
XM_026480158.3	1113	933.905	0	0
XM_026480160.1	1947	1767.9	0	0
XM_026480161.3	6549	6369.9	189	12.7392
XM_026480163.2	1002	822.905	0.5	0.260876
XM_026480167.3	9413	9233.9	528	24.5506
XM_026480168.3	1930	1750.9	0	0
XM_026480169.3	2015	1835.9	0	0
XM_026480170.3	6091	5911.9	3.04731	0.221311
XM_026480173.3	12072	11892.9	14.7205	0.531431
XM_026480174.3	11945	11765.9	17.2795	0.630551
XM_026480175.3	8082	7902.9	102.599	5.57405
XM_026480176.3	7805	7625.9	0.215392	0.012127
XM_026480177.3	7773	7593.9	0	0
XM_026480179.3	9589	9409.9	112	5.1103
XM_026480181.3	9781	9601.9	0	0
XM_026480182.3	2314	2134.9	0	0
XM_026480183.3	1032	852.905	88.5022	44.552
XM_026480184.3	951	771.905	4.03487	2.24429
XM_026480185.3	935	755.98	21.8966	12.4359
XM_026480186.3	1094	914.905	11	5.16215
XM_026480188.3	2906	2726.9	0.0081384	0.00128139
XM_026480189.3	2711	2531.9	19.1417	3.24598
XM_026480190.3	990	810.905	41.0734	21.7472
XM_026480191.3	1026	846.905	7.92664	4.01854
XM_026480192.3	2247	2067.9	3	0.62288
XM_026480193.2	2667	2487.9	1	0.172576
XM_026480194.3	2649	2469.9	115	19.9908
XM_026480195.3	5666	5486.9	29.1996	2.28488
XM_026480196.3	3807	3627.9	2	0.236694
XM_026480200.3	7461	7281.9	1.37199e-08	8.08944e-10
XM_026480206.3	7449	7269.9	398.425	23.5305
XM_026480207.3	9707	9527.9	853.024	38.4395
XM_026480208.3	2513	2333.9	0	0
XM_026480214.3	6746	6566.9	25.0425	1.63731
XM_026480215.3	3898	3718.9	1	0.115451
XM_026480216.3	6550	6370.9	0	0
XM_026480220.3	7857	7677.9	12.0038	0.671257
XM_026480221.3	3915	3735.9	1	0.114926
XM_026480222.3	1344	1164.9	1472	542.539
XM_026480223.3	5349	5169.9	5.24737e-07	4.35785e-08
XM_026480224.3	4768	4588.9	0	0
XM_026480225.3	4825	4645.9	0	0
XM_026480229.3	2871	2691.9	23.928	3.81646
XM_026480230.3	3134	2954.9	14	2.03422
XM_026480232.3	5039	4859.9	21	1.85526
XM_026480234.3	1136	956.905	0	0
XM_026480235.3	3820	3640.9	0	0
XM_026480238.3	2314	2134.9	4	0.804442
XM_026480240.3	2098	1918.9	0	0
XM_026480242.3	2023	1843.9	0	0
XM_026480243.3	9063	8883.9	2	0.0966584
XM_026480245.3	2846	2666.9	14	2.2539
XM_026480258.3	7495	7315.9	2	0.117375
XM_026480262.3	2842	2662.9	27	4.35333
XM_026480264.3	2023	1843.9	233	54.2539
XM_026480265.3	1595	1415.9	0	0
XM_026480266.3	6741	6561.9	52.3313	3.42409
XM_026480267.3	2702	2522.9	14.0893	2.39773
XM_026480268.2	328	154.673	0	0
XM_026480271.3	1784	1604.9	0	0
XM_026480273.3	2406	2226.9	19	3.66324
XM_026480274.3	2472	2292.9	0	0
XM_026480276.3	1164	984.905	0	0
XM_026480277.3	5620	5440.9	19.6316	1.54917
XM_026480278.3	1150	970.905	0	0
XM_026480279.3	4183	4003.9	0	0
XM_026480280.3	6348	6168.9	3.69586	0.25723
XM_026480281.2	14378	14198.9	0	0
XM_026480282.2	894	714.98	0	0
XM_026480283.2	870	690.98	0	0
XM_026480285.2	819	639.98	0	0
XM_026480286.3	6823	6643.9	0	0
XM_026480287.3	3630	3450.9	0	0
XM_026480288.3	15074	14894.9	0	0
XM_026480290.3	15045	14865.9	0	0
XM_026480291.3	14952	14772.9	0	0
XM_026480292.1	459	280.391	0	0
XM_026480293.3	2486	2306.9	60	11.167
XM_026480294.3	8903	8723.9	61	3.00215
XM_026480295.3	9014	8834.9	0	0
XM_026480296.3	8815	8635.9	0	0
XM_026480297.3	972	792.905	252	136.456
XM_026480299.3	4200	4020.9	125	13.3475
XM_026480300.3	8670	8490.9	0.000913268	4.61804e-05
XM_026480301.3	6521	6341.9	14.4632	0.979169
XM_026480306.3	1135	955.905	0	0
XM_026480309.3	1132	952.905	0	0
XM_026480310.3	7591	7411.9	218	12.6282
XM_026480311.3	9982	9802.9	515	22.5562
XM_026480313.3	1924	1744.9	17.3093	4.25914
XM_026480314.3	7286	7106.9	10.872	0.656814
XM_026480315.3	7107	6927.9	0	0
XM_026480316.3	10925	10745.9	9.54351	0.38131
XM_026480321.3	7884	7704.9	7	0.390071
XM_026480322.3	6568	6388.9	0	0
XM_026480324.3	12508	12328.9	504.671	17.5751
XM_026480327.3	12424	12244.9	885.957	31.0649
XM_026480328.3	12422	12242.9	13.8109	0.48434
XM_026480330.3	12313	12133.9	357.813	12.661
XM_026480331.3	1035	855.905	0	0
XM_026480332.3	3278	3098.9	35	4.84924
XM_026480333.3	6226	6046.9	0	0
XM_026480334.3	5920	5740.9	11.5927	0.866999
XM_026480335.3	9197	9017.9	0	0
XM_026480337.3	6034	5854.9	0	0
XM_026480341.3	1090	910.905	67	31.5802
XM_026480343.3	13845	13665.9	305	9.58241
XM_026480345.2	5086	4906.9	0	0
XM_026480346.3	4918	4738.9	0	0
XM_026480347.3	7703	7523.9	103.768	5.92155
XM_026480348.3	7367	7187.9	5.18865e-06	3.09932e-07
XM_026480349.3	2275	2095.9	6	1.22912
XM_026480350.3	7177	6997.9	163.47	10.0296
XM_026480351.3	6913	6733.9	103.365	6.59054
XM_026480352.3	10887	10707.9	26.0585	1.04486
XM_026480353.3	6120	5940.9	46.4578	3.35753
XM_026480354.3	6141	5961.9	21.5422	1.55138
XM_026480355.3	6790	6610.9	122.934	7.98408
XM_026480356.3	1063	883.905	2	0.971489
XM_026480359.3	1932	1752.9	5.70979	1.39854
XM_026480362.3	1625	1445.9	3.29021	0.977007
XM_026480363.3	13911	13731.9	0	0
XM_026480364.3	13827	13647.9	29.0056	0.912493
XM_026480365.3	2791	2611.9	7.95143	1.30708
XM_026480366.3	2767	2587.9	17.3252	2.87438
XM_026480367.3	6976	6796.9	0	0
XM_026480368.3	2069	1889.9	0	0
XM_026480369.3	2033	1853.9	35.3458	8.18585
XM_026480370.3	6933	6753.9	5.34708	0.339919
XM_026480371.3	4587	4407.9	197	19.1888
XM_026480374.3	2358	2178.9	212.823	41.9367
XM_026480375.3	7720	7540.9	0	0
XM_026480376.3	7515	7335.9	43	2.51668
XM_026480379.3	3581	3401.9	0	0
XM_026480380.3	3527	3347.9	0	0
XM_026480381.3	3542	3362.9	0	0
XM_026480385.3	14098	13918.9	11	0.339313
XM_026480386.3	2862	2682.9	1	0.160032
XM_026480387.3	25080	24900.9	1.65462	0.0285297
XM_026480388.3	5112	4932.9	0	0
XM_026480389.3	4407	4227.9	0	0
XM_026480390.3	4878	4698.9	18	1.64471
XM_026480391.3	4173	3993.9	0	0
XM_026480392.3	947	767.905	519	290.184
XM_026480393.3	3737	3557.9	12	1.44811
XM_026480396.3	25749	25569.9	25.5952	0.429777
XM_026480397.3	5550	5370.9	11.5241	0.921244
XM_026480398.3	5476	5296.9	1.69345e-08	1.37266e-09
XM_026480399.3	5526	5346.9	24.191	1.94252
XM_026480400.3	9811	9631.9	88	3.92269
XM_026480401.3	23875	23695.9	0	0
XM_026480402.3	4781	4601.9	0	0
XM_026480403.3	2965	2785.9	12	1.84939
XM_026480405.3	3030	2850.9	0	0
XM_026480406.3	2429	2249.9	73	13.9307
XM_026480407.3	2634	2454.9	0	0
XM_026480408.3	2448	2268.9	0	0
XM_026480409.3	3183	3003.9	1.67348	0.239193
XM_026480410.3	1388	1208.9	1.32652	0.471122
XM_026480411.3	4681	4501.9	0	0
XM_026480412.3	4655	4475.9	0	0
XM_026480415.3	1350	1170.9	182	66.7365
XM_026480416.3	12073	11893.9	903.068	32.5994
XM_026480417.3	11861	11681.9	99.0837	3.64168
XM_026480418.3	2187	2007.9	0	0
XM_026480419.3	7956	7776.9	277.979	15.3469
XM_026480420.3	5305	5125.9	2.01145	0.168481
XM_026480421.3	5965	5785.9	1.80259e-05	1.33764e-06
XM_026480422.3	7403	7223.9	0	0
XM_026480423.3	16548	16368.9	0	0
XM_026480424.3	9249	9069.9	3.68416	0.174401
XM_026480425.3	2305	2125.9	3.29902	0.666276
XM_026480426.3	16676	16496.9	8.04413	0.209358
XM_026480428.3	1161	981.905	95.7632	41.8738
XM_026480429.2	1228	1048.9	5.2368	2.1436
XM_026480431.3	5276	5096.9	9.56849	0.806029
XM_026480432.3	4022	3842.9	3	0.335178
XM_026480433.3	4744	4564.9	0	0
XM_026480437.3	6477	6297.9	140	9.54433
XM_026480438.3	13781	13601.9	21.6532	0.683495
XM_026480439.3	5267	5087.9	19.4315	1.63976
XM_026480442.1	1269	1089.9	0	0
XM_026480443.3	5711	5531.9	35.9537	2.7905
XM_026480445.3	1603	1423.9	0	0
XM_026480446.3	984	804.905	0	0
XM_026480447.3	1635	1455.9	69	20.3484
XM_026480448.3	805	625.98	2	1.37177
XM_026480449.3	5695	5515.9	0	0
XM_026480450.3	681	501.98	3	2.56595
XM_026480451.1	534	355.091	0	0
XM_026480452.1	531	352.091	0	0
XM_026480453.3	2980	2800.9	1	0.15329
XM_026480456.2	1407	1227.9	0	0
XM_026480457.2	1239	1059.9	0	0
XM_026480462.3	5659	5479.9	12.2222	0.957609
XM_026480468.3	2103	1923.9	63.2934	14.125
XM_026480470.3	5517	5337.9	0	0
XM_026480471.3	10405	10225.9	98	4.1147
XM_026480472.3	5190	5010.9	29	2.48482
XM_026480477.3	6084	5904.9	0	0
XM_026480482.3	7719	7539.9	0	0
XM_026480484.3	7717	7537.9	0	0
XM_026480485.3	7679	7499.9	0	0
XM_026480486.3	7677	7497.9	0	0
XM_026480488.3	6123	5943.9	0	0
XM_026480489.3	7495	7315.9	5.1127	0.300051
XM_026480490.2	450	271.446	0	0
XM_026480491.2	285	117.858	0	0
XM_026480492.3	5405	5225.9	413	33.9314
XM_026480493.3	1191	1011.9	0	0
XM_026480495.3	2943	2763.9	0	0
XM_026480497.3	2935	2755.9	1	0.155793
XM_026480498.3	6440	6260.9	30	2.0573
XM_026480499.3	6375	6195.9	0	0
XM_026480501.3	2628	2448.9	82.886	14.5319
XM_026480502.3	3192	3012.9	10.2132	1.45543
XM_026480503.3	2664	2484.9	0	0
XM_026480505.3	5409	5229.9	37	3.03754
XM_026480506.3	2075	1895.9	382.291	86.5747
XM_026480507.3	2119	1939.9	46.7092	10.338
XM_026480508.3	3420	3240.9	16.5896	2.19778
XM_026480509.3	3550	3370.9	0	0
XM_026480510.3	3286	3106.9	48.4104	6.68996
XM_026480511.3	11577	11397.9	204.979	7.72142
XM_026480512.3	11703	11523.9	0.00012045	4.48768e-06
XM_026480513.3	3796	3616.9	0	0
XM_026480515.2	552	373.018	0	0
XM_026480517.3	1976	1796.9	0	0
XM_026480520.3	3278	3098.9	3	0.415649
XM_026480521.3	3910	3730.9	7	0.805559
XM_026480524.3	7243	7063.9	139	8.44857
XM_026480525.3	666	486.98	10	8.81662
XM_026480526.3	4841	4661.9	37.7684	3.47839
XM_026480528.3	4727	4547.9	0.231607	0.0218652
XM_026480530.3	2249	2069.9	0	0
XM_026480531.3	3209	3029.9	1	0.141705
XM_026480537.3	9367	9187.9	0.000282722	1.32116e-05
XM_026480541.2	2303	2123.9	0	0
XM_026480548.3	9351	9171.9	19.2747	0.902282
XM_026480550.3	9092	8912.9	25.4354	1.22527
XM_026480551.3	9225	9045.9	0	0
XM_026480553.3	8504	8324.9	75	3.86808
XM_026480573.3	1870	1690.9	0	0
XM_026480576.3	5532	5352.9	0	0
XM_026480577.3	4045	3865.9	0	0
XM_026480579.3	3463	3283.9	2	0.261489
XM_026480580.3	1591	1411.9	0	0
XM_026480581.3	1228	1048.9	0	0
XM_026480582.2	1440	1260.9	0	0
XM_026480583.3	1765	1585.9	0	0
XM_026480584.3	6995	6815.9	57	3.59058
XM_026480593.3	2910	2730.9	0	0
XM_026480594.3	5931	5751.9	0	0
XM_026480595.3	2888	2708.9	8.65939e-07	1.37248e-07
XM_026480596.3	12097	11917.9	65.3887	2.35568
XM_026480599.3	12288	12108.9	7.02314	0.249023
XM_026480600.3	12051	11871.9	0	0
XM_026480604.3	6343	6163.9	0	0
XM_026480605.3	3937	3757.9	34.7945	3.97538
XM_026480606.3	3829	3649.9	10.2055	1.20051
XM_026480607.3	2082	1902.9	29	6.54326
XM_026480608.3	774	594.98	206	148.654
XM_026480611.3	1884	1704.9	4	1.00733
XM_026480613.3	5405	5225.9	3	0.246475
XM_026480614.3	2931	2751.9	0	0
XM_026480615.3	1683	1503.9	2988	853.049
XM_026480617.3	4197	4017.9	7.42736	0.793685
XM_026480618.3	4190	4010.9	30.3405	3.24784
XM_026480620.3	4054	3874.9	0	0
XM_026480621.3	1113	933.905	9.86194	4.53391
XM_026480622.3	1110	930.905	16.3702	7.55025
XM_026480623.3	2734	2554.9	423.313	71.1378
XM_026480624.3	1662	1482.9	197.727	57.2488
XM_026480627.3	3745	3565.9	191	22.9973
XM_026480629.3	3918	3738.9	15	1.7225
XM_026480630.3	1535	1355.9	5	1.58327
XM_026480632.3	13980	13800.9	27.1806	0.845599
XM_026480641.3	1948	1768.9	11.42	2.7719
XM_026480642.3	11376	11196.9	68.5394	2.62818
XM_026480643.3	2932	2752.9	1	0.155963
XM_026480650.2	1505	1325.9	0	0
XM_026480654.3	3578	3398.9	0	0
XM_026480656.3	3545	3365.9	24	3.06142
XM_026480657.3	2325	2145.9	0	0
XM_026480658.3	1956	1776.9	0	0
XM_026480659.3	2462	2282.9	13	2.44494
XM_026480660.3	7305	7125.9	83.1083	5.00746
XM_026480662.3	2746	2566.9	128	21.4099
XM_026480664.3	1221	1041.9	317	130.631
XM_026480665.3	15068	14888.9	0	0
XM_026480666.3	15059	14879.9	0	0
XM_026480667.3	15044	14864.9	0	0
XM_026480668.3	7943	7763.9	66	3.64987
XM_026480670.3	3909	3729.9	18.6247	2.14391
XM_026480672.3	4124	3944.9	183.469	19.9682
XM_026480673.3	6058	5878.9	60	4.38196
XM_026480677.3	2299	2119.9	1	0.202534
XM_026480681.3	5164	4984.9	0	0
XM_026480684.3	573	393.98	0	0
XM_026480689.3	9098	8918.9	8.09289	0.389588
XM_026480691.3	9389	9209.9	75.0735	3.49981
XM_026480694.3	9362	9182.9	26.9265	1.25897
XM_026480696.2	2022	1842.9	0	0
XM_026480697.2	1107	927.905	0	0
XM_026480698.3	6463	6283.9	0	0
XM_026480699.3	6370	6190.9	34.6737	2.40469
XM_026480700.3	6263	6083.9	24.3263	1.71675
XM_026480703.3	6020	5840.9	4.8693e-08	3.57931e-09
XM_026480704.3	6323	6143.9	0	0
XM_026480708.3	4537	4357.9	0	0
XM_026480709.3	4350	4170.9	3.23173	0.332673
XM_026480710.2	357	181.036	0	0
XM_026480711.3	2647	2467.9	506	88.031
XM_026480713.2	1194	1014.9	0	0
XM_026480714.3	8390	8210.9	147.301	7.70245
XM_026480715.3	8330	8150.9	29.6987	1.56439
XM_026480716.3	9977	9797.9	95.3297	4.17742
XM_026480724.3	10684	10504.9	3	0.122615
XM_026480726.3	3586	3406.9	0	0
XM_026480728.3	6561	6381.9	40	2.69106
XM_026480729.3	3039	2859.9	808.049	121.311
XM_026480730.3	1402	1222.9	1	0.351092
XM_026480731.2	1854	1674.9	0	0
XM_026480732.2	1518	1338.9	0	0
XM_026480733.2	744	564.98	0	0
XM_026480734.3	3715	3535.9	0	0
XM_026480736.2	3415	3235.9	0	0
XM_026480740.3	3545	3365.9	0	0
XM_026480742.3	7346	7166.9	29	1.73732
XM_026480743.3	2284	2104.9	4	0.815908
XM_026480744.3	2347	2167.9	0	0
XM_026480745.3	1104	924.905	3	1.39264
XM_026480747.3	1075	895.905	12	5.75086
XM_026480752.3	2490	2310.9	1	0.185794
XM_026480753.3	3519	3339.9	0	0
XM_026480755.3	3286	3106.9	0	0
XM_026480757.2	1263	1083.9	0	0
XM_026480758.3	2020	1840.9	1	0.233229
XM_026480759.3	1407	1227.9	1	0.349662
XM_026480760.3	1779	1599.9	0	0
XM_026480761.3	1584	1404.9	0	0
XM_026480763.2	588	408.98	0	0
XM_026480764.3	621	441.98	0	0
XM_026480766.2	942	762.905	0	0
XM_026480768.3	171	44.2589	0	0
XM_026480769.3	942	762.905	0	0
XM_026480770.2	942	762.905	0	0
XM_026480771.2	939	759.905	0	0
XM_026480772.2	939	759.905	0	0
XM_026480773.2	918	738.98	0	0
XM_026480774.3	939	759.905	0	0
XM_026480775.3	954	774.905	0	0
XM_026480776.3	939	759.905	0	0
XM_026480778.2	939	759.905	0	0
XM_026480779.2	1497	1317.9	1	0.325784
XM_026480780.2	1134	954.905	0	0
XM_026480781.2	834	654.98	0	0
XM_026480783.3	990	810.905	0	0
XM_026480784.3	978	798.905	0	0
XM_026480789.3	2732	2552.9	7	1.17727
XM_026480793.2	2949	2769.9	0	0
XM_026480794.1	1539	1359.9	0	0
XM_026480796.2	1995	1815.9	0	0
XM_026480803.2	1551	1371.9	0	0
XM_026480804.1	633	453.98	0	0
XM_026480806.3	921	741.98	0	0
XM_026480808.2	939	759.905	0	0
XM_026480809.2	939	759.905	0	0
XM_026480811.3	6640	6460.9	35	2.32588
XM_026480813.3	867	687.98	0	0
XM_026480815.2	1251	1071.9	1	0.400551
XM_026480816.3	2060	1880.9	0	0
XM_026480817.3	2731	2551.9	14	2.35547
XM_026480819.3	2984	2804.9	0	0
XM_026480820.3	2850	2670.9	0	0
XM_026480821.3	2770	2590.9	3.54903e-08	5.88128e-09
XM_026480822.3	2288	2108.9	0	0
XM_026480823.3	2283	2103.9	0	0
XM_026480824.3	1143	963.905	0	0
XM_026480825.3	3038	2858.9	13	1.95235
XM_026480826.3	1104	924.905	264.894	122.967
XM_026480827.3	1082	902.905	29.0464	13.8122
XM_026480828.3	1129	949.905	355	160.458
XM_026480829.3	3846	3666.9	97	11.3576
XM_026480830.3	1573	1393.9	45.6371	14.0572
XM_026480832.3	1466	1286.9	6.30651	2.10405
XM_026480834.2	1905	1725.9	0	0
XM_026480835.2	1928	1748.9	5	1.22749
XM_026480836.3	2525	2345.9	27.4466	5.02332
XM_026480838.3	1146	966.905	0	0
XM_026480839.3	2733	2553.9	20	3.36232
XM_026480841.3	2602	2422.9	0	0
XM_026480842.3	2430	2250.9	0	0
XM_026480843.3	3348	3168.9	34	4.60663
XM_026480844.3	3230	3050.9	0	0
XM_026480845.3	3378	3198.9	0	0
XM_026480846.3	2214	2034.9	0	0
XM_026480847.3	1184	1004.9	17	7.26336
XM_026480848.3	3206	3026.9	20.6008	2.92213
XM_026480853.3	1813	1633.9	22	5.78109
XM_026480855.3	1263	1083.9	0	0
XM_026480859.3	5092	4912.9	0	0
XM_026480860.3	3266	3086.9	82	11.4052
XM_026480861.3	3228	3048.9	2.87994e-06	4.05558e-07
XM_026480863.2	3102	2922.9	0	0
XM_026480864.3	2703	2523.9	180	30.6206
XM_026480865.3	1760	1580.9	31	8.41917
XM_026480867.3	7272	7092.9	3.80327	0.230222
XM_026480869.3	7288	7108.9	0.200968	0.0121377
XM_026480870.3	5197	5017.9	17	1.45459
XM_026480871.3	4989	4809.9	0	0
XM_026480872.3	758	578.98	0	0
XM_026480873.3	851	671.98	20.4352	13.0568
XM_026480874.3	847	667.98	32.7386	21.0431
XM_026480876.3	869	689.98	173	107.652
XM_026480883.3	2531	2351.9	200.526	36.6071
XM_026480885.3	1558	1378.9	122.261	38.0685
XM_026480886.3	4012	3832.9	0	0
XM_026480887.3	5214	5034.9	3.09742	0.264133
XM_026480888.3	3983	3803.9	0	0
XM_026480889.3	3979	3799.9	15.1084	1.7071
XM_026480890.3	3881	3701.9	0	0
XM_026480891.3	3853	3673.9	0	0
XM_026480892.3	823	643.98	531	354.026
XM_026480896.3	512	333.091	12.8109	16.5132
XM_026480897.2	1865	1685.9	0	0
XM_026480899.3	2531	2351.9	0	0
XM_026480900.3	2519	2339.9	0	0
XM_026480901.3	1043	863.905	483.706	240.397
XM_026480902.3	935	755.98	19.2935	10.9576
XM_026480903.3	1883	1703.9	11.8684	2.99061
XM_026480904.3	987	807.905	502.154	266.864
XM_026480907.3	2167	1987.9	62.8278	13.5697
XM_026480908.3	2281	2101.9	0	0
XM_026480910.3	1377	1197.9	3.18499	1.14156
XM_026480911.3	519	340.091	1415	1786.38
XM_026480912.3	7498	7318.9	27	1.58391
XM_026480922.3	3458	3278.9	0	0
XM_026480923.3	3310	3130.9	0	0
XM_026480924.3	3277	3097.9	0	0
XM_026480925.3	3238	3058.9	8.4276	1.18291
XM_026480927.3	1152	972.905	8	3.53048
XM_026480928.3	2534	2354.9	26.4874	4.82925
XM_026480930.3	2987	2807.9	3.63643	0.55604
XM_026480935.3	2332	2152.9	91.8784	18.3232
XM_026480937.3	2278	2098.9	66.4625	13.5956
XM_026480938.3	2720	2540.9	5.0299	0.849932
XM_026480939.3	957	777.905	454	250.578
XM_026480940.3	2604	2424.9	11.7076	2.07293
XM_026480941.3	2601	2421.9	0	0
XM_026480942.3	2595	2415.9	15.1296	2.68882
XM_026480943.3	2592	2412.9	0	0
XM_026480946.3	2101	1921.9	0	0
XM_026480948.3	2063	1883.9	2.48483	0.566306
XM_026480949.3	2025	1845.9	0	0
XM_026480950.3	2003	1823.9	0.00664001	0.00156308
XM_026480952.3	1993	1813.9	8.67134	2.05251
XM_026480957.3	5446	5266.9	42	3.42379
XM_026480959.3	1508	1328.9	185	59.7711
XM_026480960.3	1068	888.905	2	0.966025
XM_026480961.3	3597	3417.9	17	2.13551
XM_026480968.3	3435	3255.9	1111	146.506
XM_026480969.3	926	746.98	8	4.59827
XM_026480970.3	1061	881.905	0	0
XM_026480971.3	4647	4467.9	166	15.9521
XM_026480972.3	880	700.98	2	1.225
XM_026480975.3	5203	5023.9	0	0
XM_026480980.3	4753	4573.9	41	3.84867
XM_026480981.3	1654	1474.9	27	7.85983
XM_026480982.3	1771	1591.9	0	0
XM_026480984.3	1208	1028.9	576	240.359
XM_026480985.3	459	280.391	9	13.7814
XM_026480986.3	5109	4929.9	0.262505	0.0228619
XM_026480989.3	3177	2997.9	0	0
XM_026480990.3	2589	2409.9	30	5.34484
XM_026480991.3	1583	1403.9	110.116	33.6763
XM_026480994.3	1550	1370.9	8.88441	2.7825
XM_026480995.2	1478	1298.9	12	3.96659
XM_026480996.3	2760	2580.9	1.51702	0.252368
XM_026480997.3	2756	2576.9	11.483	1.91324
XM_026480998.3	2727	2547.9	0	0
XM_026480999.3	2703	2523.9	0	0
XM_026481000.3	2606	2426.9	27.0729	4.78956
XM_026481001.3	2603	2423.9	83.9271	14.8662
XM_026481010.3	11187	11007.9	351.899	13.7254
XM_026481011.3	4264	4084.9	16.0795	1.69007
XM_026481013.3	2036	1856.9	0	0
XM_026481014.3	1808	1628.9	0	0
XM_026481017.3	4380	4200.9	0	0
XM_026481019.3	4462	4282.9	0	0
XM_026481020.3	4451	4271.9	87	8.74402
XM_026481021.3	1282	1102.9	0	0
XM_026481022.3	4934	4754.9	4	0.361187
XM_026481023.3	3579	3399.9	71.985	9.09051
XM_026481024.3	4322	4142.9	8	0.829084
XM_026481025.3	2319	2139.9	80.4283	16.1372
XM_026481026.3	2617	2437.9	0	0
XM_026481027.3	2319	2139.9	80.4283	16.1372
XM_026481031.3	23027	22847.9	20.4399	0.384101
XM_026481032.3	3337	3157.9	32.8939	4.47228
XM_026481033.3	1440	1260.9	545	185.579
XM_026481034.3	3280	3100.9	80.4969	11.1456
XM_026481035.3	3475	3295.9	8.50314	1.10769
XM_026481037.3	1458	1278.9	0	0
XM_026481038.3	7203	7023.9	0	0
XM_026481039.3	7152	6972.9	0	0
XM_026481040.3	7052	6872.9	126.203	7.88391
XM_026481041.3	6993	6813.9	85.7974	5.40619
XM_026481043.3	3073	2893.9	14.001	2.07724
XM_026481050.3	5151	4971.9	0	0
XM_026481051.3	5139	4959.9	37.2706	3.22631
XM_026481053.2	1629	1449.9	4	1.1845
XM_026481054.3	736	556.98	0	0
XM_026481055.3	1694	1514.9	28	7.93572
XM_026481056.3	1680	1500.9	0	0
XM_026481058.2	989	809.905	1	0.530127
XM_026481059.3	4542	4362.9	29.1053	2.86425
XM_026481060.3	2988	2808.9	2	0.305708
XM_026481061.3	2955	2775.9	28	4.33079
XM_026481062.3	3036	2856.9	1.46895	0.220762
XM_026481063.3	5642	5462.9	0	0
XM_026481066.3	5563	5383.9	1.45328e-08	1.15896e-09
XM_026481067.3	5478	5298.9	15.1893	1.23074
XM_026481068.3	3041	2861.9	0	0
XM_026481069.3	2186	2006.9	14.5957	3.12256
XM_026481072.3	3390	3210.9	0	0
XM_026481073.3	2405	2225.9	107	20.6391
XM_026481074.3	555	376.018	0	0
XM_026481075.3	1077	897.905	0	0
XM_026481077.3	5675	5495.9	431	33.6707
XM_026481078.3	3221	3041.9	20765	2930.89
XM_026481079.3	2209	2029.9	11	2.32665
XM_026481080.3	3137	2957.9	38.8494	5.63915
XM_026481082.3	1781	1601.9	125	33.5032
XM_026481083.3	2051	1871.9	0	0
XM_026481085.3	1106	926.905	4	1.85284
XM_026481087.3	1138	958.905	0	0
XM_026481088.3	2932	2752.9	117.58	18.3382
XM_026481090.3	3569	3389.9	0	0
XM_026481091.3	2875	2695.9	13	2.07039
XM_026481092.3	1491	1311.9	0	0
XM_026481093.3	1648	1468.9	0	0
XM_026481094.3	1573	1393.9	0.226784	0.0698543
XM_026481095.3	1570	1390.9	3.77322	1.16474
XM_026481098.3	1780	1600.9	0	0
XM_026481099.3	1753	1573.9	12	3.27353
XM_026481102.3	2543	2363.9	29	5.26722
XM_026481103.3	3819	3639.9	3	0.353871
XM_026481104.3	1887	1707.9	663	166.672
XM_026481105.3	7867	7687.9	0	0
XM_026481106.3	4012	3832.9	6	0.672104
XM_026481107.3	3010	2830.9	58.0107	8.79824
XM_026481108.3	5414	5234.9	0	0
XM_026481110.3	555	376.018	0	0
XM_026481111.3	5851	5671.9	5.98934	0.453381
XM_026481114.3	3196	3016.9	0	0
XM_026481115.3	2701	2521.9	0	0
XM_026481116.3	2135	1955.9	112.341	24.6605
XM_026481117.3	2132	1952.9	28.6594	6.30085
XM_026481118.3	2129	1949.9	0	0
XM_026481120.3	3621	3441.9	2088	260.462
XM_026481121.3	4286	4106.9	5.55664	0.580913
XM_026481122.3	4286	4106.9	0	0
XM_026481123.3	2114	1934.9	0	0
XM_026481124.3	11505	11325.9	1047.22	39.699
XM_026481125.3	4289	4109.9	0	0
XM_026481127.3	4076	3896.9	0	0
XM_026481128.3	3592	3412.9	243.621	30.6481
XM_026481129.3	3699	3519.9	0	0
XM_026481132.3	3493	3313.9	22.7968	2.95357
XM_026481133.3	1389	1209.9	0	0
XM_026481134.3	11466	11286.9	117.274	4.46107
XM_026481135.3	659	479.98	0	0
XM_026481136.3	609	429.98	7.82164	7.81021
XM_026481138.3	3822	3642.9	20	2.3572
XM_026481140.3	2280	2100.9	0	0
XM_026481141.3	4115	3935.9	0	0
XM_026481143.3	4037	3857.9	3.48031	0.387328
XM_026481144.3	4031	3851.9	0	0
XM_026481145.3	4028	3848.9	0	0
XM_026481146.3	2394	2214.9	9.18221	1.77994
XM_026481147.3	4013	3833.9	0	0
XM_026481148.3	3935	3755.9	21.6333	2.47298
XM_026481153.3	6014	5834.9	0.000541202	3.98234e-05
XM_026481154.3	3318	3138.9	25.693	3.51439
XM_026481156.3	3204	3024.9	13.3082	1.88895
XM_026481157.3	3127	2947.9	0	0
XM_026481160.3	1142	962.905	1	0.445892
XM_026481167.3	578	398.98	134	144.201
XM_026481168.3	3185	3005.9	233	33.2808
XM_026481169.3	447	268.446	1899	3037.26
XM_026481171.3	2135	1955.9	20	4.39032
XM_026481174.3	1555	1375.9	0	0
XM_026481175.3	580	400.98	294	314.802
XM_026481176.3	6488	6308.9	0	0
XM_026481177.3	6474	6294.9	16.0976	1.09796
XM_026481178.3	6416	6236.9	0	0
XM_026481179.3	6401	6221.9	30.7301	2.12058
XM_026481180.3	6368	6188.9	0	0
XM_026481181.3	6302	6122.9	42.7299	2.99632
XM_026481182.3	6414	6234.9	0	0
XM_026481183.3	6212	6032.9	0.220423	0.0156872
XM_026481184.3	570	390.98	0	0
XM_026481185.3	1405	1225.9	0	0
XM_026481186.3	6326	6146.9	0	0
XM_026481187.3	6413	6233.9	66.2895	4.5656
XM_026481188.3	6311	6131.9	0	0
XM_026481189.3	4333	4153.9	23.2878	2.40705
XM_026481190.3	4207	4027.9	13.7122	1.46165
XM_026481194.2	1900	1720.9	44	10.9776
XM_026481195.2	1895	1715.9	0	0
XM_026481197.3	2422	2242.9	75	14.357
XM_026481198.3	1956	1776.9	1	0.241629
XM_026481199.3	785	605.98	7	4.95967
XM_026481201.2	1107	927.905	0	0
XM_026481202.3	3316	3136.9	10	1.36871
XM_026481205.3	2557	2377.9	0	0
XM_026481207.3	998	818.905	0	0
XM_026481208.3	1006	826.905	0	0
XM_026481209.3	810	630.98	0	0
XM_026481210.3	1525	1345.9	0	0
XM_026481213.3	2147	1967.9	0	0
XM_026481214.3	5255	5075.9	35	2.96052
XM_026481215.3	2095	1915.9	17	3.80968
XM_026481216.3	2162	1982.9	163.454	35.3921
XM_026481217.3	1980	1800.9	44.5465	10.6203
XM_026481218.3	1974	1794.9	0	0
XM_026481219.3	5262	5082.9	40.5733	3.42722
XM_026481220.3	3700	3520.9	0	0
XM_026481222.3	4455	4275.9	1	0.100412
XM_026481225.3	1057	877.905	0	0
XM_026481226.3	4215	4035.9	2	0.212766
XM_026481231.3	4027	3847.9	1	0.111581
XM_026481236.3	3684	3504.9	4.02876	0.493524
XM_026481237.3	3639	3459.9	12.1681	1.50998
XM_026481239.3	3585	3405.9	14.4475	1.82127
XM_026481240.3	3567	3387.9	17.5803	2.22796
XM_026481242.3	3540	3360.9	109.848	14.033
XM_026481243.3	3531	3351.9	0	0
XM_026481244.3	3531	3351.9	7.23312	0.926505
XM_026481245.3	3468	3288.9	66.5769	8.69131
XM_026481246.3	3388	3208.9	18.1169	2.42405
XM_026481247.3	1374	1194.9	3	1.07796
XM_026481248.3	1534	1354.9	0	0
XM_026481249.3	1645	1465.9	0	0
XM_026481252.3	2369	2189.9	50	9.80298
XM_026481256.3	558	379.018	199	225.427
XM_026481257.2	363	186.702	1036	2382.45
XM_026481258.3	1191	1011.9	36	15.2748
XM_026481259.3	2238	2058.9	0	0
XM_026481260.3	1494	1314.9	52	16.9794
XM_026481261.3	1887	1707.9	95	23.8821
XM_026481262.3	1062	882.905	0	0
XM_026481263.3	4463	4283.9	0.999078	0.100132
XM_026481265.3	3526	3346.9	74	9.49296
XM_026481266.3	3478	3298.9	0	0
XM_026481267.3	1592	1412.9	9	2.73491
XM_026481268.3	894	714.98	0	0
XM_026481269.3	3769	3589.9	0.000326046	3.8995e-05
XM_026481270.3	3736	3556.9	55.8765	6.74482
XM_026481271.3	3596	3416.9	14.1231	1.77465
XM_026481272.3	3881	3701.9	86.5874	10.0425
XM_026481273.3	1553	1373.9	0	0
XM_026481274.3	1103	923.905	1	0.464715
XM_026481275.3	1309	1129.9	0	0
XM_026481276.3	1246	1066.9	1	0.402428
XM_026481277.3	3410	3230.9	0	0
XM_026481279.3	7424	7244.9	15.3301	0.9085
XM_026481280.3	3099	2919.9	1	0.147043
XM_026481281.3	800	620.98	58.2545	40.2777
XM_026481282.3	1434	1254.9	5.74552	1.96577
XM_026481286.3	501	322.091	0	0
XM_026481287.3	8405	8225.9	196	10.2302
XM_026481288.3	1885	1705.9	0	0
XM_026481289.3	2681	2501.9	48	8.23728
XM_026481292.3	413	235.073	25	45.6616
XM_026481293.2	465	286.306	0	0
XM_026481294.3	8220	8040.9	0	0
XM_026481295.3	4127	3947.9	8.33421e-08	9.06382e-09
XM_026481296.3	4078	3898.9	0.998246	0.109928
XM_026481298.3	4618	4438.9	0	0
XM_026481303.3	4448	4268.9	0	0
XM_026481304.3	2033	1853.9	47.4394	10.9866
XM_026481308.3	6783	6603.9	55.2158	3.58985
XM_026481310.3	6747	6567.9	0	0
XM_026481311.3	9236	9056.9	0	0
XM_026481313.3	4656	4476.9	0	0
XM_026481314.3	3394	3214.9	38	5.07492
XM_026481315.3	2630	2450.9	19.2786	3.37725
XM_026481316.3	2014	1834.9	186.721	43.6912
XM_026481317.3	9106	8926.9	0	0
XM_026481319.3	6062	5882.9	16	1.16773
XM_026481320.3	2693	2513.9	3	0.512373
XM_026481321.3	11388	11208.9	22	0.8427
XM_026481322.3	11524	11344.9	0.831644	0.0314739
XM_026481323.3	11492	11312.9	33.175	1.25907
XM_026481329.3	1537	1357.9	1	0.316187
XM_026481330.2	1027	847.905	0	0
XM_026481331.2	939	759.905	0	0
XM_026481332.1	933	753.98	0	0
XM_026481333.2	987	807.905	0	0
XM_026481334.2	927	747.98	0	0
XM_026481335.3	11282	11102.9	134.847	5.21458
XM_026481337.2	936	756.98	0	0
XM_026481341.3	1970	1790.9	7.42735	1.78064
XM_026481342.3	1531	1351.9	2.57265	0.817048
XM_026481344.3	1764	1584.9	44.0679	11.938
XM_026481345.3	1806	1626.9	0	0
XM_026481346.3	2722	2542.9	82.3771	13.9088
XM_026481349.3	11068	10888.9	17.3654	0.684721
XM_026481350.3	1848	1668.9	5	1.28633
XM_026481352.3	1836	1656.9	0	0
XM_026481353.3	1164	984.905	0	0
XM_026481354.3	1140	960.905	2	0.893641
XM_026481355.3	2847	2667.9	25	4.02331
XM_026481357.3	2727	2547.9	0	0
XM_026481358.3	1141	961.905	1361	607.491
XM_026481359.3	5310	5130.9	0	0
XM_026481360.3	5288	5108.9	56	4.70624
XM_026481361.3	5519	5339.9	0	0
XM_026481362.3	2459	2279.9	34.3728	6.47309
XM_026481363.3	2666	2486.9	31	5.352
XM_026481364.3	995	815.905	57	29.995
XM_026481366.3	6448	6268.9	24	1.64374
XM_026481367.3	2941	2761.9	2	0.31091
XM_026481368.3	3494	3314.9	10.068	1.30403
XM_026481369.3	2177	1997.9	1.93195	0.415179
XM_026481370.3	2423	2243.9	0.00522863	0.00100045
XM_026481373.3	1035	855.905	23.7718	11.9248
XM_026481374.3	4967	4787.9	11	0.986415
XM_026481377.3	3237	3057.9	278	39.0332
XM_026481382.3	1837	1657.9	67	17.3512
XM_026481383.3	4767	4587.9	200	18.7167
XM_026481384.3	2117	1937.9	672.658	149.031
XM_026481385.3	2084	1904.9	64.3648	14.5074
XM_026481386.2	2105	1925.9	0	0
XM_026481387.3	2901	2721.9	38	5.9941
XM_026481388.3	2227	2047.9	0	0
XM_026481390.3	1523	1343.9	256	81.7871
XM_026481392.3	1189	1009.9	18	7.65254
XM_026481393.2	1278	1098.9	0	0
XM_026481394.2	1272	1092.9	0	0
XM_026481395.3	6124	5944.9	29	2.09443
XM_026481396.3	6837	6657.9	79.216	5.10845
XM_026481397.3	6824	6644.9	72.7597	4.70128
XM_026481399.3	5355	5175.9	33.7589	2.80037
XM_026481400.3	5343	5163.9	23.2654	1.93439
XM_026481401.3	4455	4275.9	0	0
XM_026481402.3	4350	4170.9	65.8834	6.78203
XM_026481403.3	3547	3367.9	111.788	14.2511
XM_026481404.3	3434	3254.9	32	4.2211
XM_026481405.3	2755	2575.9	0	0
XM_026481406.3	2760	2580.9	0	0
XM_026481407.3	2753	2573.9	0	0
XM_026481408.3	2957	2777.9	110	17.0016
XM_026481409.3	2757	2577.9	0	0
XM_026481410.3	2743	2563.9	15.2397	2.55205
XM_026481411.3	2747	2567.9	52.3236	8.74847
XM_026481412.3	2733	2553.9	0	0
XM_026481413.3	839	659.98	13	8.45718
XM_026481415.3	1230	1050.9	2	0.817109
XM_026481417.3	1844	1664.9	85.5885	22.0719
XM_026481418.3	1775	1595.9	19.4115	5.22234
XM_026481420.3	1506	1326.9	15.0691	4.87597
XM_026481422.3	2701	2521.9	21.0142	3.57765
XM_026481423.3	1489	1309.9	32.9309	10.7939
XM_026481424.3	3518	3338.9	17	2.18604
XM_026481425.3	6019	5839.9	73.6272	5.4131
XM_026481426.3	6032	5852.9	4.04398	0.296655
XM_026481427.3	6142	5962.9	2.9537	0.212678
XM_026481436.3	4522	4342.9	0	0
XM_026481438.3	3737	3557.9	39	4.70634
XM_026481439.3	6404	6224.9	0	0
XM_026481441.3	6311	6131.9	0	0
XM_026481442.3	6299	6119.9	1.68972e-08	1.18545e-09
XM_026481445.3	5543	5363.9	2.60162	0.208245
XM_026481448.2	1126	946.905	0	0
XM_026481449.3	4785	4605.9	15	1.39827
XM_026481457.3	1143	963.905	0	0
XM_026481459.3	2365	2185.9	0	0
XM_026481463.3	734	554.98	0	0
XM_026481464.3	747	567.98	0	0
XM_026481465.3	956	776.905	6	3.31587
XM_026481466.3	2027	1847.9	0	0
XM_026481470.3	2578	2398.9	0	0
XM_026481473.3	2461	2281.9	0	0
XM_026481475.3	2122	1942.9	83.9067	18.5421
XM_026481476.3	2276	2096.9	0	0
XM_026481479.2	1773	1593.9	1	0.269371
XM_026481480.3	2751	2571.9	0	0
XM_026481482.3	5360	5180.9	12.3255	1.02144
XM_026481483.3	1692	1512.9	90.9957	25.824
XM_026481484.3	1623	1443.9	8.00428	2.38011
XM_026481485.3	1500	1320.9	44	14.3019
XM_026481486.3	2046	1866.9	34.4475	7.92226
XM_026481489.3	1587	1407.9	0	0
XM_026481490.3	4965	4785.9	0	0
XM_026481493.3	3307	3127.9	0	0
XM_026481495.3	848	668.98	0	0
XM_026481496.2	1554	1374.9	0	0
XM_026481497.2	1110	930.905	0	0
XM_026481498.1	282	115.361	0	0
XM_026481499.3	987	807.905	0	0
XM_026481500.3	957	777.905	0	0
XM_026481501.2	963	783.905	0	0
XM_026481502.3	957	777.905	0	0
XM_026481503.3	2375	2195.9	54	10.5583
XM_026481504.2	1837	1657.9	0	0
XM_026481505.3	1795	1615.9	0	0
XM_026481506.1	774	594.98	0	0
XM_026481507.3	10102	9922.9	446.287	19.3103
XM_026481508.2	3777	3597.9	1	0.119334
XM_026481509.3	6066	5886.9	90.128	6.57334
XM_026481512.1	1926	1746.9	1	0.245779
XM_026481513.2	960	780.905	0	0
XM_026481515.3	4228	4048.9	12	1.2725
XM_026481516.3	1168	988.905	267	115.923
XM_026481520.3	2535	2355.9	2	0.36449
XM_026481521.2	687	507.98	0	0
XM_026481522.1	324	151.051	0	0
XM_026481523.3	1510	1330.9	37.9998	12.2588
XM_026481525.3	5966	5786.9	0	0
XM_026481526.3	5918	5738.9	0	0
XM_026481527.3	3611	3431.9	5	0.62553
XM_026481528.3	9696	9516.9	68.118	3.07312
XM_026481531.3	9697	9517.9	6.80213	0.306844
XM_026481532.3	9701	9521.9	65.5713	2.95667
XM_026481534.3	10175	9995.9	1	0.0429528
XM_026481538.2	995	815.905	0	0
XM_026481545.3	7699	7519.9	0	0
XM_026481547.3	8031	7851.9	0	0
XM_026481548.3	7987	7807.9	0	0
XM_026481550.3	7434	7254.9	0	0
XM_026481551.3	3870	3690.9	0	0
XM_026481552.3	4817	4637.9	5.08547	0.470785
XM_026481553.3	4796	4616.9	24.1175	2.24282
XM_026481554.3	4744	4564.9	99.9084	9.39688
XM_026481556.3	4656	4476.9	34.4207	3.30107
XM_026481557.3	4240	4060.9	0	0
XM_026481558.3	1343	1163.9	0.000181537	6.69669e-05
XM_026481559.3	4227	4047.9	36.5793	3.87988
XM_026481563.3	3610	3430.9	937.533	117.325
XM_026481564.3	3530	3350.9	0.00130701	0.000167467
XM_026481565.3	1138	958.905	158	70.7449
XM_026481569.3	4371	4191.9	13.5723	1.39013
XM_026481570.3	4818	4638.9	17.4277	1.61302
XM_026481574.3	4075	3895.9	0	0
XM_026481575.3	5168	4988.9	0	0
XM_026481576.3	6291	6111.9	96.7807	6.79869
XM_026481578.3	6087	5907.9	347.429	25.2491
XM_026481583.3	2900	2720.9	17	2.68256
XM_026481584.3	1272	1092.9	0	0
XM_026481590.3	7434	7254.9	202.037	11.9567
XM_026481591.3	4759	4579.9	84.9631	7.96503
XM_026481592.3	10128	9948.9	0	0
XM_026481593.3	4574	4394.9	123.37	12.0524
XM_026481595.3	2415	2235.9	48	9.21725
XM_026481597.3	4190	4010.9	133.638	14.3055
XM_026481599.3	4095	3915.9	22.3615	2.45179
XM_026481601.3	1615	1435.9	0	0
XM_026481605.3	1528	1348.9	0	0
XM_026481607.3	597	417.98	37	38.0066
XM_026481608.3	3391	3211.9	0	0
XM_026481609.3	2187	2007.9	8.59249	1.83734
XM_026481610.2	2114	1934.9	2.63401	0.584482
XM_026481614.3	6312	6132.9	14.946	1.04634
XM_026481616.3	6340	6160.9	12.1492	0.846675
XM_026481617.3	6262	6082.9	42.5275	3.00173
XM_026481618.3	1045	865.905	41	20.3295
XM_026481619.3	1081	901.905	0	0
XM_026481620.3	932	752.98	0	0
XM_026481623.3	760	580.98	11	8.12914
XM_026481625.3	5889	5709.9	41	3.08296
XM_026481627.3	8808	8628.9	0	0
XM_026481628.3	8345	8165.9	3.09768	0.162872
XM_026481630.3	7835	7655.9	44.9406	2.52032
XM_026481631.3	6906	6726.9	51.0594	3.25892
XM_026481633.3	5716	5536.9	0	0
XM_026481634.3	7397	7217.9	23.3766	1.39054
XM_026481638.3	3068	2888.9	0	0
XM_026481639.3	2993	2813.9	0	0
XM_026481640.3	835	655.98	32	20.9446
XM_026481641.3	6767	6587.9	265.632	17.312
XM_026481643.3	6678	6498.9	200.856	13.2696
XM_026481644.3	4726	4546.9	10.636	1.00433
XM_026481645.3	3028	2848.9	1342	202.25
XM_026481646.2	2868	2688.9	222	35.4479
XM_026481647.3	9028	8848.9	0	0
XM_026481648.3	8029	7849.9	2.42551	0.132664
XM_026481649.3	4931	4751.9	30.2072	2.72933
XM_026481651.3	4787	4607.9	52.673	4.90792
XM_026481652.3	4862	4682.9	51.1434	4.68908
XM_026481654.3	1922	1742.9	97.3816	23.9892
XM_026481655.3	8266	8086.9	260.69	13.8406
XM_026481656.3	8266	8086.9	84.4983	4.4862
XM_026481657.3	558	379.018	0	0
XM_026481658.3	4752	4572.9	0	0
XM_026481659.3	1889	1709.9	6	1.50658
XM_026481660.3	4196	4016.9	0	0
XM_026481663.3	4090	3910.9	64.1805	7.04594
XM_026481664.3	4227	4047.9	64.8195	6.87526
XM_026481667.3	10377	10197.9	26	1.09465
XM_026481670.3	4372	4192.9	0	0
XM_026481671.2	1528	1348.9	0	0
XM_026481672.3	1433	1253.9	0	0
XM_026481674.2	2776	2596.9	0	0
XM_026481677.3	1711	1531.9	24	6.72656
XM_026481685.3	7013	6833.9	4.96363	0.311849
XM_026481686.3	6229	6049.9	0	0
XM_026481687.3	3436	3256.9	19	2.50474
XM_026481688.3	8232	8052.9	0.00940278	0.000501323
XM_026481689.3	1281	1101.9	0	0
XM_026481690.3	7685	7505.9	0	0
XM_026481691.3	7698	7518.9	0	0
XM_026481693.3	4086	3906.9	50	5.49478
XM_026481694.3	1264	1084.9	0	0
XM_026481695.3	5971	5791.9	22.923	1.69928
XM_026481701.3	4812	4632.9	6.64698	0.616006
XM_026481703.3	4744	4564.9	0	0
XM_026481704.3	1395	1215.9	0	0
XM_026481705.3	7609	7429.9	10.0004	0.577891
XM_026481709.3	3490	3310.9	235	30.4744
XM_026481710.3	1159	979.905	2	0.876314
XM_026481711.3	920	740.98	0	0
XM_026481712.2	1488	1308.9	0	0
XM_026481713.1	381	203.84	0	0
XM_026481714.3	1183	1003.9	0	0
XM_026481715.2	805	625.98	1	0.685887
XM_026481716.3	930	750.98	0	0
XM_026481717.2	588	408.98	0	0
XM_026481718.3	550	371.056	0	0
XM_026481719.3	2021	1841.9	1	0.233102
XM_026481720.3	1244	1064.9	0	0
XM_026481721.2	1395	1215.9	0	0
XM_026481722.3	764	584.98	0	0
XM_026481723.3	1546	1366.9	0	0
XM_026481724.3	741	561.98	0	0
XM_026481725.3	657	477.98	0	0
XM_026481726.3	1119	939.905	0	0
XM_026481728.2	1836	1656.9	0	0
XM_026481729.2	570	390.98	0	0
XM_026481731.3	1863	1683.9	1	0.254974
XM_026481732.3	494	315.154	2	2.72471
XM_026481733.3	496	317.123	0	0
XM_026481735.1	297	127.649	0	0
XM_026481739.3	1707	1527.9	0	0
XM_026481740.3	1833	1653.9	0	0
XM_026481742.3	615	435.98	0	0
XM_026481745.3	1860	1680.9	0	0
XM_026481748.3	3431	3251.9	0	0
XM_026481750.3	1065	885.905	2	0.969296
XM_026481751.2	1467	1287.9	0	0
XM_026481758.3	1653	1473.9	300	87.3907
XM_026481761.3	558	379.018	0	0
XM_026481762.1	528	349.091	0	0
XM_026481763.1	405	227.259	0	0
XM_026481764.2	1305	1125.9	0	0
XM_026481768.2	1113	933.905	0	0
XM_026481769.3	498	319.091	87	117.063
XM_026481770.1	417	238.977	0	0
XM_026481771.2	1554	1374.9	0	0
XM_026481773.3	5401	5221.9	18	1.47998
XM_026481774.3	2027	1847.9	32.5327	7.55882
XM_026481775.3	2104	1924.9	0	0
XM_026481776.3	2008	1828.9	0	0
XM_026481777.3	4522	4342.9	1.69542	0.167614
XM_026481779.3	1721	1541.9	0	0
XM_026481780.3	2081	1901.9	0	0
XM_026481783.3	3289	3109.9	72	9.94029
XM_026481784.3	4472	4292.9	21	2.1003
XM_026481785.3	2769	2589.9	82	13.5939
XM_026481787.3	1714	1534.9	79.0652	22.1165
XM_026481788.3	1748	1568.9	0	0
XM_026481792.3	2720	2540.9	0	0
XM_026481793.3	6953	6773.9	27.1805	1.72279
XM_026481794.3	2340	2160.9	123.819	24.6018
XM_026481795.3	1632	1452.9	206	60.8756
XM_026481797.3	3055	2875.9	136.771	20.419
XM_026481798.3	1472	1292.9	49.8064	16.5399
XM_026481799.2	1734	1554.9	0	0
XM_026481800.3	3214	3034.9	0	0
XM_026481801.3	1373	1193.9	99.0579	35.6232
XM_026481802.3	1338	1158.9	486.942	180.403
XM_026481803.3	1796	1616.9	1	0.265539
XM_026481805.3	4912	4732.9	0	0
XM_026481806.3	4523	4343.9	11.9816	1.18426
XM_026481808.3	2115	1935.9	0	0
XM_026481809.3	2198	2018.9	0	0
XM_026481811.3	3004	2824.9	0	0
XM_026481812.3	2109	1929.9	0	0
XM_026481813.3	2114	1934.9	0	0
XM_026481817.3	974	794.905	63	34.0282
XM_026481818.3	1016	836.905	0	0
XM_026481819.3	1148	968.905	58.0477	25.7227
XM_026481822.3	1300	1120.9	0	0
XM_026481823.3	1259	1079.9	0	0
XM_026481824.3	6011	5831.9	3.38474	0.249189
XM_026481826.3	1439	1259.9	130.847	44.5904
XM_026481827.3	1431	1251.9	43.3789	14.8772
XM_026481828.3	630	450.98	3513	3344.52
XM_026481829.2	1008	828.905	7	3.62583
XM_026481830.2	954	774.905	0	0
XM_026481832.3	709	529.98	4749	3847.3
XM_026481833.3	3019	2839.9	10	1.51185
XM_026481835.3	12830	12650.9	2	0.0678769
XM_026481838.3	1190	1010.9	5.49931	2.33567
XM_026481839.3	1915	1735.9	0	0
XM_026481840.3	3096	2916.9	0	0
XM_026481841.3	3220	3040.9	9	1.27073
XM_026481842.3	905	725.98	0	0
XM_026481843.3	973	793.905	0	0
XM_026481844.3	874	694.98	0	0
XM_026481849.3	1255	1075.9	1324	528.357
XM_026481851.3	1248	1068.9	1	0.401675
XM_026481856.3	4342	4162.9	0	0
XM_026481858.3	3780	3600.9	3	0.357703
XM_026481861.3	3684	3504.9	546.366	66.93
XM_026481862.3	1971	1791.9	20.937	5.01664
XM_026481864.3	1659	1479.9	51.063	14.8145
XM_026481865.3	752	572.98	24	17.9839
XM_026481866.3	1861	1681.9	51	13.0191
XM_026481867.3	2758	2578.9	0	0
XM_026481868.3	3899	3719.9	538.546	62.159
XM_026481869.3	1152	972.905	4	1.76524
XM_026481870.3	1140	960.905	0	0
XM_026481871.3	686	506.98	0	0
XM_026481873.3	955	775.905	937	518.495
XM_026481874.3	4247	4067.9	15.3949	1.62488
XM_026481875.3	4233	4053.9	291.605	30.8841
XM_026481876.3	2623	2443.9	6	1.0541
XM_026481877.3	1569	1389.9	0	0
XM_026481878.3	1653	1473.9	1	0.291302
XM_026481880.3	4122	3942.9	93	10.127
XM_026481881.3	3050	2870.9	13	1.94419
XM_026481882.3	2920	2740.9	0	0
XM_026481884.3	2699	2519.9	0	0
XM_026481885.3	3707	3527.9	23.1771	2.82069
XM_026481886.3	1025	845.905	0	0
XM_026481888.3	986	806.905	10	5.32098
XM_026481889.2	2718	2538.9	0	0
XM_026481890.3	2667	2487.9	0	0
XM_026481893.3	3311	3131.9	18	2.46761
XM_026481898.3	3285	3105.9	0	0
XM_026481899.3	1652	1472.9	0	0
XM_026481900.3	1623	1443.9	0	0
XM_026481902.3	1599	1419.9	1.24071	0.375167
XM_026481903.3	1907	1727.9	1	0.248481
XM_026481904.2	1020	840.905	0	0
XM_026481909.3	1044	864.905	0	0
XM_026481910.3	2090	1910.9	5.49111	1.23377
XM_026481911.3	1742	1562.9	1.50889	0.414515
XM_026481912.3	2057	1877.9	21	4.8013
XM_026481913.3	697	517.98	1332	1104.09
XM_026481914.2	1038	858.905	0	0
XM_026481915.3	3147	2967.9	12.2919	1.77821
XM_026481916.3	4557	4377.9	0	0
XM_026481918.3	1579	1399.9	47	14.4149
XM_026481919.3	2492	2312.9	0	0
XM_026481920.3	2885	2705.9	52	8.25096
XM_026481921.3	4005	3825.9	1	0.112222
XM_026481922.3	3464	3284.9	60	7.84227
XM_026481924.3	2282	2102.9	29.7256	6.06911
XM_026481925.3	2352	2172.9	10.2744	2.03015
XM_026481926.3	819	639.98	9	6.03795
XM_026481928.3	1000	820.905	0	0
XM_026481930.3	2224	2044.9	0	0
XM_026481932.3	1834	1654.9	0	0
XM_026481937.3	1450	1270.9	1.90601e-05	6.43912e-06
XM_026481938.3	3828	3648.9	0	0
XM_026481939.3	3385	3205.9	0.000329072	4.40711e-05
XM_026481940.3	3400	3220.9	7.44231e-07	9.92072e-08
XM_026481942.3	2902	2722.9	0	0
XM_026481943.2	747	567.98	0	0
XM_026481944.3	792	612.98	112	78.4486
XM_026481947.3	2117	1937.9	231.261	51.2369
XM_026481948.3	1455	1275.9	392.739	132.16
XM_026481949.3	4722	4542.9	56	5.29258
XM_026481951.3	4556	4376.9	0	0
XM_026481953.3	1777	1597.9	294.305	79.0788
XM_026481954.3	1695	1515.9	12	3.39878
XM_026481955.2	2766	2586.9	0	0
XM_026481956.3	1684	1504.9	6.05768e-07	1.72827e-07
XM_026481957.3	1666	1486.9	4	1.15502
XM_026481959.3	3834	3654.9	6	0.704837
XM_026481960.3	5751	5571.9	0	0
XM_026481961.3	4407	4227.9	0	0
XM_026481962.3	4320	4140.9	0	0
XM_026481963.3	2817	2637.9	81	13.1838
XM_026481964.3	2059	1879.9	3.42861	0.78306
XM_026481965.3	2085	1905.9	0	0
XM_026481967.3	1886	1706.9	4.54811	1.14402
XM_026481970.3	2808	2628.9	0	0
XM_026481971.3	1711	1531.9	1	0.280273
XM_026481972.3	1635	1455.9	0	0
XM_026481974.3	5470	5290.9	61	4.95009
XM_026481975.3	6240	6060.9	0	0
XM_026481976.3	6707	6527.9	0	0
XM_026481977.3	6355	6175.9	15.2565	1.06064
XM_026481978.3	6312	6132.9	0.00025143	1.76021e-05
XM_026481981.3	9594	9414.9	298	13.5898
XM_026481982.3	3631	3451.9	8	0.995049
XM_026481984.3	2839	2659.9	0	0
XM_026481985.3	3360	3180.9	54.6976	7.38297
XM_026481986.3	3339	3159.9	18.3535	2.49378
XM_026481988.3	2791	2611.9	1	0.164383
XM_026481989.3	2435	2255.9	0	0
XM_026481990.3	2402	2222.9	0	0
XM_026481992.3	4312	4132.9	19.2903	2.004
XM_026481993.3	3771	3591.9	71	8.48686
XM_026481994.3	3457	3277.9	8	1.04787
XM_026481995.3	697	517.98	6	4.97338
XM_026481996.3	1309	1129.9	220	83.5977
XM_026481997.3	803	623.98	27	18.5783
XM_026481998.2	213	66.5435	0	0
XM_026481999.3	7489	7309.9	0	0
XM_026482000.3	2054	1874.9	109	24.9609
XM_026482001.3	2728	2548.9	1	0.168446
XM_026482002.3	5588	5408.9	0	0
XM_026482010.3	2255	2075.9	0.0223722	0.00462716
XM_026482013.3	656	476.98	0	0
XM_026482014.3	6127	5947.9	4	0.288742
XM_026482015.3	3469	3289.9	8.94007	1.16673
XM_026482016.3	5384	5204.9	36	2.96964
XM_026482017.2	2154	1974.9	0	0
XM_026482018.3	4055	3875.9	0	0
XM_026482020.3	3226	3046.9	58.3294	8.21943
XM_026482021.3	3151	2971.9	60.6706	8.7651
XM_026482022.3	3210	3030.9	4	0.566632
XM_026482024.3	5699	5519.9	0	0
XM_026482027.3	2817	2637.9	1.55722	0.253457
XM_026482028.3	2836	2656.9	452.765	73.1661
XM_026482029.3	2805	2625.9	343.935	56.2355
XM_026482030.3	2809	2629.9	84.7432	13.835
XM_026482032.3	3036	2856.9	8	1.20229
XM_026482033.3	2136	1956.9	0	0
XM_026482034.3	5226	5046.9	8.79128	0.747895
XM_026482035.3	5009	4829.9	3.20872	0.285238
XM_026482036.3	545	366.056	156	182.975
XM_026482038.3	937	757.905	31.4858	17.8367
XM_026482040.3	2294	2114.9	19	3.85724
XM_026482041.3	3019	2839.9	1	0.151185
XM_026482043.3	4877	4697.9	55	5.02657
XM_026482044.3	2674	2494.9	4.82375e-08	8.30127e-09
XM_026482045.3	2635	2455.9	41	7.1678
XM_026482046.3	2647	2467.9	0	0
XM_026482047.3	3283	3103.9	2.45861	0.340091
XM_026482048.3	1900	1720.9	2.19757	0.548277
XM_026482049.3	1877	1697.9	4	1.01149
XM_026482051.3	3796	3616.9	8	0.949656
XM_026482052.3	1780	1600.9	13	3.48651
XM_026482053.3	1067	887.905	13.2945	6.42864
XM_026482054.3	1069	889.905	0.7055	0.340382
XM_026482055.3	4140	3960.9	2	0.216795
XM_026482057.3	3392	3212.9	33	4.40991
XM_026482058.3	1453	1273.9	0	0
XM_026482059.3	5484	5304.9	310.489	25.1294
XM_026482061.3	1702	1522.9	319598	90104.1
XM_026482062.3	3624	3444.9	5.18816	0.646621
XM_026482063.3	2382	2202.9	8.81184	1.71745
XM_026482067.3	2940	2760.9	5	0.777557
XM_026482068.3	878	698.98	2.48017	1.52346
XM_026482069.3	835	655.98	2.51983	1.64928
XM_026482070.3	2933	2753.9	82	12.7843
XM_026482072.3	3017	2837.9	0	0
XM_026482073.3	1552	1372.9	0	0
XM_026482075.3	1308	1128.9	4.31283	1.64028
XM_026482078.3	7191	7011.9	0	0
XM_026482085.3	2175	1995.9	17	3.65698
XM_026482089.3	2295	2115.9	32	6.49333
XM_026482090.3	2502	2322.9	370	68.3886
XM_026482091.3	466	287.306	1	1.49441
XM_026482092.3	7092	6912.9	0	0
XM_026482093.3	1204	1024.9	17.9737	7.52954
XM_026482094.3	1245	1065.9	5.02626	2.0246
XM_026482095.3	1708	1528.9	135	37.9111
XM_026482096.3	2691	2511.9	2.65837	0.454387
XM_026482097.3	1981	1801.9	15.3416	3.65555
XM_026482098.3	5410	5230.9	68	5.58143
XM_026482099.2	1587	1407.9	0	0
XM_026482100.2	1525	1345.9	0	0
XM_026482101.3	1938	1758.9	10	2.44102
XM_026482102.3	2877	2697.9	129.476	20.6052
XM_026482103.3	2547	2367.9	0	0
XM_026482104.3	3061	2881.9	12.544	1.86883
XM_026482111.3	2096	1916.9	0	0
XM_026482116.3	10369	10189.9	21.9692	0.925672
XM_026482120.3	9648	9468.9	65	2.94732
XM_026482121.3	2367	2187.9	0	0
XM_026482122.3	4762	4582.9	0	0
XM_026482123.3	3486	3306.9	33	4.28455
XM_026482125.3	3436	3256.9	0	0
XM_026482128.3	3378	3198.9	0	0
XM_026482130.3	2691	2511.9	0	0
XM_026482131.3	2687	2507.9	0	0
XM_026482132.3	2625	2445.9	22	3.86186
XM_026482133.3	1098	918.905	0	0
XM_026482134.3	3218	3038.9	0	0
XM_026482135.3	3518	3338.9	32.3028	4.15384
XM_026482136.3	7156	6976.9	21.5	1.32309
XM_026482139.3	8067	7887.9	0	0
XM_026482141.3	4731	4551.9	12	1.13188
XM_026482143.3	3162	2982.9	0	0
XM_026482144.3	2587	2407.9	0	0
XM_026482145.3	3294	3114.9	14.8451	2.04622
XM_026482147.3	2665	2485.9	0	0
XM_026482148.3	1808	1628.9	2	0.527166
XM_026482149.3	1901	1721.9	15	3.74021
XM_026482150.3	975	795.905	5	2.69726
XM_026482151.3	5949	5769.9	105	7.81329
XM_026482152.3	5922	5742.9	2.59124e-07	1.93726e-08
XM_026482153.3	4952	4772.9	0	0
XM_026482154.3	1310	1130.9	5.22939	1.98536
XM_026482155.3	1412	1232.9	0	0
XM_026482156.3	1275	1095.9	0	0
XM_026482157.3	1966	1786.9	8.04917	1.93403
XM_026482158.3	3144	2964.9	15	2.17217
XM_026482159.3	2137	1957.9	103	22.587
XM_026482161.3	5469	5289.9	5.98373	0.485666
XM_026482162.3	5493	5313.9	0.0162725	0.00131478
XM_026482163.3	5655	5475.9	0	0
XM_026482165.3	980	800.905	26.9325	14.4381
XM_026482166.3	640	460.98	12.0675	11.2395
XM_026482167.3	2274	2094.9	2.67304	0.547842
XM_026482170.3	2446	2266.9	0	0
XM_026482173.3	3661	3481.9	0	0
XM_026482179.3	528	349.091	1669	2052.73
XM_026482180.3	2359	2179.9	2	0.393918
XM_026482181.3	1121	941.905	0	0
XM_026482182.3	3496	3316.9	0	0
XM_026482184.3	3414	3234.9	0	0
XM_026482185.3	3315	3135.9	0	0
XM_026482186.3	3568	3388.9	0	0
XM_026482188.3	905	725.98	80	47.3128
XM_026482189.3	3256	3076.9	0	0
XM_026482191.3	5649	5469.9	16.4658	1.29246
XM_026482192.3	7290	7110.9	8.66655	0.523281
XM_026482193.3	2426	2246.9	0	0
XM_026482195.3	2571	2391.9	13	2.33353
XM_026482196.3	5601	5421.9	0	0
XM_026482197.2	4893	4713.9	4.74713	0.432379
XM_026482198.2	3900	3720.9	3.25287	0.375345
XM_026482199.3	4721	4541.9	0	0
XM_026482201.3	2124	1944.9	38	8.38878
XM_026482204.3	3535	3355.9	16	2.04703
XM_026482206.3	1248	1068.9	6	2.41005
XM_026482207.3	1202	1022.9	0	0
XM_026482208.3	1157	977.905	0	0
XM_026482210.3	2303	2123.9	4.47138	0.903899
XM_026482212.3	10552	10372.9	198	8.19555
XM_026482213.3	3261	3081.9	11.556	1.60991
XM_026482214.3	2817	2637.9	29.5114	4.80335
XM_026482215.3	2805	2625.9	33.9326	5.54819
XM_026482216.3	3163	2983.9	0.386065	0.0555506
XM_026482217.3	1305	1125.9	1.39402	0.531596
XM_026482220.3	3430	3250.9	0	0
XM_026482222.2	360	183.852	0	0
XM_026482223.3	1723	1543.9	114	31.7028
XM_026482224.3	3247	3067.9	0	0
XM_026482225.3	1820	1640.9	0	0
XM_026482226.2	1854	1674.9	1	0.256344
XM_026482230.3	2681	2501.9	17	2.91737
XM_026482232.3	772	592.98	0	0
XM_026482234.3	1080	900.905	0	0
XM_026482235.3	1045	865.905	0	0
XM_026482236.3	1016	836.905	4	2.05209
XM_026482237.3	2113	1933.9	0	0
XM_026482238.3	2110	1930.9	2	0.444716
XM_026482239.3	3512	3332.9	9	1.1594
XM_026482241.3	3854	3674.9	125.791	14.6966
XM_026482242.3	5236	5056.9	105	8.91493
XM_026482243.3	2999	2819.9	2	0.304515
XM_026482244.3	3904	3724.9	3	0.345796
XM_026482245.2	1485	1305.9	0	0
XM_026482246.3	2497	2317.9	0	0
XM_026482247.3	3092	2912.9	0	0
XM_026482248.3	3362	3182.9	49	6.60976
XM_026482249.3	3468	3288.9	0	0
XM_026482250.3	2560	2380.9	9.90909	1.78692
XM_026482251.3	822	642.98	0	0
XM_026482252.3	786	606.98	0	0
XM_026482254.3	502	323.091	0	0
XM_026482255.3	466	287.306	0	0
XM_026482256.3	3226	3046.9	41	5.77748
XM_026482257.2	2224	2044.9	0	0
XM_026482258.3	3603	3423.9	0	0
XM_026482259.3	3050	2870.9	8	1.19642
XM_026482262.3	2666	2486.9	0	0
XM_026482264.3	2113	1933.9	19.3786	4.3023
XM_026482265.3	2247	2067.9	0	0
XM_026482266.3	2103	1923.9	21	4.68651
XM_026482267.3	2867	2687.9	0	0
XM_026482268.3	2798	2618.9	0.467277	0.076607
XM_026482269.3	2796	2616.9	1.26636	0.20777
XM_026482270.3	5066	4886.9	0	0
XM_026482271.3	4958	4778.9	161.437	14.504
XM_026482273.3	4835	4655.9	14.3138	1.31997
XM_026482274.3	4817	4637.9	50.2493	4.6518
XM_026482275.3	2375	2195.9	18.7684	3.66966
XM_026482276.3	8623	8443.9	4	0.20339
XM_026482278.3	2619	2439.9	0	0
XM_026482279.3	829	649.98	29	19.1563
XM_026482280.3	1507	1327.9	33.5242	10.8394
XM_026482281.3	1336	1156.9	47	17.4427
XM_026482285.3	2168	1988.9	0	0
XM_026482286.3	2156	1976.9	0	0
XM_026482287.3	1978	1798.9	6.03157	1.43958
XM_026482288.3	2941	2761.9	2.86802	0.445848
XM_026482291.3	7867	7687.9	81.9221	4.57516
XM_026482292.3	1904	1724.9	0	0
XM_026482294.3	2506	2326.9	0	0
XM_026482295.3	1814	1634.9	1.03188	0.270989
XM_026482299.3	4264	4084.9	18.9904	1.99603
XM_026482301.3	4484	4304.9	175.43	17.4966
XM_026482303.3	4032	3852.9	0	0
XM_026482304.3	2325	2145.9	0	0
XM_026482305.3	3808	3628.9	0	0
XM_026482306.3	3777	3597.9	22	2.62535
XM_026482307.2	714	534.98	0	0
XM_026482309.3	903	723.98	0	0
XM_026482310.3	1501	1321.9	323	104.91
XM_026482312.3	14209	14029.9	185.653	5.68146
XM_026482313.3	14125	13945.9	26.881	0.827585
XM_026482314.3	14088	13908.9	259.402	8.00743
XM_026482315.3	14152	13972.9	46.9011	1.44115
XM_026482316.3	1227	1047.9	119	48.7572
XM_026482317.3	1274	1094.9	12	4.70564
XM_026482321.3	3235	3055.9	28.9934	4.07355
XM_026482323.3	3470	3290.9	0	0
XM_026482324.3	3510	3330.9	33.6767	4.34091
XM_026482325.3	3454	3274.9	76.3233	10.0063
XM_026482326.3	3470	3290.9	0	0
XM_026482332.3	8893	8713.9	8	0.394176
XM_026482334.2	694	514.98	368.873	307.539
XM_026482335.3	1869	1689.9	376.548	95.6691
XM_026482336.3	4590	4410.9	6.44101e-05	6.2696e-06
XM_026482337.3	4549	4369.9	12.6373	1.24164
XM_026482339.3	2430	2250.9	44	8.39284
XM_026482340.3	4243	4063.9	60	6.33901
XM_026482341.3	3561	3381.9	36	4.5704
XM_026482343.2	649	469.98	1	0.913553
XM_026482345.3	4735	4555.9	4.97743	0.469077
XM_026482346.3	2962	2782.9	23.9084	3.68863
XM_026482347.3	2931	2751.9	0	0
XM_026482349.3	3400	3220.9	4.09162	0.545419
XM_026482350.3	1726	1546.9	2	0.555111
XM_026482351.3	3072	2892.9	2.70618	0.401639
XM_026482352.3	2003	1823.9	14.2938	3.3648
XM_026482358.3	1881	1701.9	107.102	27.0193
XM_026482359.3	1215	1035.9	41.2898	17.1134
XM_026482360.3	979	799.905	3.71021	1.99147
XM_026482361.3	1513	1333.9	0	0
XM_026482364.3	4405	4225.9	0	0
XM_026482365.3	2649	2469.9	1.93372	0.336145
XM_026482367.3	813	633.98	56	37.925
XM_026482368.3	2356	2176.9	2	0.394461
XM_026482371.2	2986	2806.9	7.00517	1.07153
XM_026482372.2	2875	2695.9	19.4926	3.1044
XM_026482375.3	1307	1127.9	456	173.582
XM_026482377.3	2087	1907.9	0	0
XM_026482378.3	3816	3636.9	43.8181	5.17291
XM_026482382.3	2252	2072.9	0	0
XM_026482383.3	780	600.98	1365	975.182
XM_026482384.3	2634	2454.9	0	0
XM_026482386.3	1594	1414.9	15	4.55174
XM_026482388.3	1314	1134.9	23.6186	8.93527
XM_026482389.3	1105	925.905	0	0
XM_026482390.2	1233	1053.9	0	0
XM_026482391.3	2031	1851.9	0	0
XM_026482392.3	1141	961.905	287	128.104
XM_026482398.3	3945	3765.9	2	0.228021
XM_026482399.2	1847	1667.9	141	36.2962
XM_026482400.3	5034	4854.9	2	0.176873
XM_026482401.3	1044	864.905	0.000148772	7.38526e-05
XM_026482402.2	1037	857.905	5.99985	3.00272
XM_026482404.3	653	473.98	0	0
XM_026482406.3	3470	3290.9	12	1.56559
XM_026482408.3	618	438.98	9	8.8026
XM_026482409.2	1164	984.905	0	0
XM_026482410.3	8324	8144.9	7	0.368999
XM_026482416.3	7370	7190.9	0	0
XM_026482417.3	3675	3495.9	6.89645	0.846992
XM_026482418.3	3887	3707.9	36.1035	4.18056
XM_026482419.3	4868	4688.9	13	1.19038
XM_026482420.3	4948	4768.9	0	0
XM_026482421.2	938	758.905	0	0
XM_026482422.3	4846	4666.9	0	0
XM_026482425.3	4660	4480.9	0	0
XM_026482428.3	4484	4304.9	0	0
XM_026482429.3	4499	4319.9	0	0
XM_026482430.3	4472	4292.9	0	0
XM_026482431.3	4401	4221.9	18	1.83053
XM_026482432.3	2915	2735.9	1.77242e-08	2.78151e-09
XM_026482437.3	4628	4448.9	11.3677	1.09707
XM_026482438.3	866	686.98	0	0
XM_026482440.3	944	764.905	6.7857	3.80891
XM_026482441.3	1185	1005.9	2	0.853663
XM_026482444.2	354	178.271	0	0
XM_026482445.2	1008	828.905	0	0
XM_026482446.2	960	780.905	0	0
XM_026482447.3	391	213.567	0	0
XM_026482448.2	885	705.98	0	0
XM_026482449.3	1131	951.905	3.83059	1.72777
XM_026482450.2	765	585.98	1	0.732707
XM_026482451.3	2147	1967.9	13	2.8363
XM_026482459.3	807	627.98	0	0
XM_026482461.1	1125	945.905	0	0
XM_026482462.3	744	564.98	0	0
XM_026482463.2	2910	2730.9	0	0
XM_026482464.1	2034	1854.9	0	0
XM_026482466.1	576	396.98	0	0
XM_026482467.3	3332	3152.9	0	0
XM_026482469.3	1097	917.905	0	0
XM_026482474.3	1756	1576.9	136	37.0294
XM_026482475.3	1273	1093.9	25	9.81237
XM_026482476.3	354	178.271	0	0
XM_026482477.3	5544	5364.9	140.986	11.2831
XM_026482478.3	5801	5621.9	10.0137	0.764759
XM_026482479.3	2194	2014.9	3	0.639264
XM_026482481.3	1690	1510.9	1	0.284169
XM_026482483.3	799	619.98	0	0
XM_026482488.3	1166	986.905	44	19.1422
XM_026482490.3	412	234.096	0	0
XM_026482491.3	9248	9068.9	56.725	2.68555
XM_026482492.3	1542	1362.9	2	0.630054
XM_026482493.3	6908	6728.9	186	11.8681
XM_026482501.3	2232	2052.9	111	23.2149
XM_026482513.3	2732	2552.9	42	7.06363
XM_026482514.3	786	606.98	0	0
XM_026482515.3	618	438.98	0	0
XM_026482517.3	4579	4399.9	5	0.48791
XM_026482518.3	909	729.98	127	74.6975
XM_026482519.3	528	349.091	0	0
XM_026482520.3	2007	1827.9	144	33.8238
XM_026482527.3	5423	5243.9	35	2.86567
XM_026482528.3	4132	3952.9	0	0
XM_026482529.3	4030	3850.9	0	0
XM_026482530.3	3981	3801.9	30	3.38792
XM_026482531.3	2376	2196.9	0	0
XM_026482532.3	3863	3683.9	0	0
XM_026482534.3	4143	3963.9	157	17.0055
XM_026482535.3	3963	3783.9	88	9.98518
XM_026482539.3	2736	2556.9	0	0
XM_026482541.3	2661	2481.9	0	0
XM_026482544.3	3129	2949.9	1	0.145548
XM_026482545.3	2599	2419.9	2	0.35485
XM_026482546.3	2775	2595.9	22.7064	3.75555
XM_026482547.3	2790	2610.9	7.29356	1.19939
XM_026482549.3	2173	1993.9	0	0
XM_026482550.3	2502	2322.9	19.0528	3.5216
XM_026482551.3	2588	2408.9	0	0
XM_026482552.3	4900	4720.9	80	7.27576
XM_026482553.3	3948	3768.9	0	0
XM_026482554.3	1842	1662.9	5	1.29097
XM_026482555.3	1896	1716.9	26	6.5019
XM_026482556.3	2077	1897.9	10	2.26224
XM_026482557.3	2104	1924.9	9.8638e-08	2.20013e-08
XM_026482558.3	1924	1744.9	0	0
XM_026482560.3	2020	1840.9	0	0
XM_026482562.3	3814	3634.9	4	0.472477
XM_026482563.3	2270	2090.9	2	0.410685
XM_026482564.3	1525	1345.9	35	11.1652
XM_026482565.3	1793	1613.9	0	0
XM_026482566.3	1725	1545.9	15	4.16603
XM_026482567.3	1716	1536.9	0	0
XM_026482568.3	1674	1494.9	37.6468	10.8126
XM_026482569.3	1743	1563.9	0.128122	0.0351744
XM_026482571.3	1765	1585.9	24.2251	6.55845
XM_026482573.3	1543	1363.9	24	7.55511
XM_026482574.3	1547	1367.9	0	0
XM_026482575.3	1384	1204.9	0	0
XM_026482577.3	1252	1072.9	26	10.4046
XM_026482578.3	1206	1026.9	0	0
XM_026482581.3	1574	1394.9	4.27503	1.31586
XM_026482582.3	1192	1012.9	26	11.0209
XM_026482583.3	931	751.98	0	0
XM_026482584.3	818	638.98	0	0
XM_026482587.3	1093	913.905	62	29.1276
XM_026482588.3	815	635.98	0	0
XM_026482589.3	1019	839.905	48	24.5372
XM_026482590.3	4088	3908.9	35.7924	3.93142
XM_026482593.2	537	358.056	0	0
XM_026482595.3	6745	6565.9	24	1.56939
XM_026482596.3	6735	6555.9	0	0
XM_026482597.3	1518	1338.9	0	0
XM_026482604.3	3047	2867.9	0	0
XM_026482605.3	1623	1443.9	0	0
XM_026482606.3	1632	1452.9	0	0
XM_026482607.3	1842	1662.9	0	0
XM_026482608.3	1585	1405.9	8.06673	2.46352
XM_026482609.3	2721	2541.9	9	1.52019
XM_026482611.3	3622	3442.9	1	0.124706
XM_026482612.3	1587	1407.9	5	1.52479
XM_026482613.3	1207	1027.9	0	0
XM_026482614.3	2296	2116.9	0	0
XM_026482619.3	9425	9245.9	2.13353	0.0990748
XM_026482622.3	7285	7105.9	25	1.51055
XM_026482623.3	7301	7121.9	0	0
XM_026482625.3	3076	2896.9	7	1.03747
XM_026482626.3	1425	1245.9	8	2.75688
XM_026482627.3	1836	1656.9	0	0
XM_026482628.3	4495	4315.9	33.8751	3.36994
XM_026482629.2	1391	1211.9	0	0
XM_026482631.3	2805	2625.9	0	0
XM_026482632.3	5763	5583.9	0	0
XM_026482633.3	5974	5794.9	52.6026	3.8974
XM_026482634.3	5833	5653.9	29.8373	2.26581
XM_026482635.3	4123	3943.9	4.05007	0.44091
XM_026482636.3	1434	1254.9	0	0
XM_026482637.3	1049	869.905	5	2.46781
XM_026482638.3	2641	2461.9	2	0.348797
XM_026482639.3	6237	6057.9	7	0.496123
XM_026482640.3	2150	1970.9	6	1.30707
XM_026482641.3	2977	2797.9	52.3435	8.03237
XM_026482642.3	2964	2784.9	29.6565	4.57217
XM_026482643.2	2119	1939.9	0	0
XM_026482644.1	1633	1453.9	0	0
XM_026482645.3	975	795.905	8.47473	4.57171
XM_026482646.3	1012	832.905	181.525	93.574
XM_026482647.3	2936	2756.9	36.1639	5.63206
XM_026482648.3	3720	3540.9	43.5871	5.28514
XM_026482649.3	5971	5791.9	6.28486	0.465895
XM_026482650.3	3767	3587.9	17.1281	2.04966
XM_026482651.2	554	375.018	3323	3804.44
XM_026482654.3	3844	3664.9	88	10.3094
XM_026482655.3	2669	2489.9	43	7.4148
XM_026482656.3	2091	1911.9	55	12.3512
XM_026482657.3	2768	2588.9	64	10.614
XM_026482658.3	1288	1108.9	30	11.6156
XM_026482659.3	619	439.98	36.9402	36.0479
XM_026482661.3	2659	2479.9	0	0
XM_026482662.3	2659	2479.9	48.2464	8.35302
XM_026482666.3	4474	4294.9	164	16.3947
XM_026482667.3	2796	2616.9	28.38	4.65627
XM_026482668.3	762	582.98	4.48446	3.30271
XM_026482671.3	3908	3728.9	13	1.49684
XM_026482672.3	2105	1925.9	44.6456	9.95307
XM_026482674.3	9008	8828.9	0	0
XM_026482675.3	1493	1313.9	117	38.2327
XM_026482676.3	2657	2477.9	184.779	32.0171
XM_026482677.3	548	369.056	232	269.904
XM_026482678.3	3020	2840.9	67	10.1259
XM_026482679.3	1510	1330.9	6.34813e-08	2.04792e-08
XM_026482680.2	2739	2559.9	0	0
XM_026482683.3	641	461.98	1307	1214.69
XM_026482684.3	12480	12300.9	946.665	33.0425
XM_026482685.3	1923	1743.9	9.95963	2.45208
XM_026482686.3	1890	1710.9	12.0404	3.02153
XM_026482687.3	863	683.98	17.2578	10.8332
XM_026482689.3	12705	12525.9	8	0.274217
XM_026482690.3	814	634.98	0	0
XM_026482692.3	4072	3892.9	4	0.441164
XM_026482693.3	1286	1106.9	89.1713	34.5882
XM_026482694.3	1043	863.905	24.8287	12.3396
XM_026482695.3	783	603.98	75	53.3153
XM_026482697.3	5618	5438.9	350	27.6293
XM_026482702.3	4224	4044.9	0	0
XM_026482703.3	4124	3944.9	17.1816	1.87
XM_026482704.3	2069	1889.9	77	17.493
XM_026482705.3	11962	11782.9	0	0
XM_026482710.3	4621	4441.9	0	0
XM_026482714.3	2982	2802.9	0	0
XM_026482716.3	3157	2977.9	5	0.720896
XM_026482720.3	3423	3243.9	0	0
XM_026482721.3	2910	2730.9	35.8401	5.63478
XM_026482724.3	3872	3692.9	2.42002e-07	2.81362e-08
XM_026482725.3	3823	3643.9	9	1.06045
XM_026482727.3	2245	2065.9	0	0
XM_026482729.3	738	558.98	3512	2697.56
XM_026482730.3	8503	8323.9	0	0
XM_026482731.3	8431	8251.9	0	0
XM_026482732.3	8323	8143.9	0	0
XM_026482733.3	8486	8306.9	0	0
XM_026482736.3	8157	7977.9	0	0
XM_026482737.3	8137	7957.9	0	0
XM_026482738.3	2240	2060.9	0	0
XM_026482739.3	5526	5346.9	122.164	9.80966
XM_026482743.3	5241	5061.9	153.001	12.9776
XM_026482744.3	5246	5066.9	0	0
XM_026482745.3	1304	1124.9	0.998566	0.381131
XM_026482746.3	1434	1254.9	2	0.684278
XM_026482747.3	8996	8816.9	0	0
XM_026482748.3	5573	5393.9	0	0
XM_026482749.3	6336	6156.9	0	0
XM_026482750.3	7656	7476.9	1.00272e-06	5.75799e-08
XM_026482751.3	7629	7449.9	100.192	5.77424
XM_026482753.3	4867	4687.9	5.80826	0.531962
XM_026482755.2	2099	1919.9	0	0
XM_026482759.3	405	227.259	0	0
XM_026482761.3	5811	5631.9	89.9548	6.85776
XM_026482763.3	5306	5126.9	74.4792	6.23725
XM_026482764.3	5370	5190.9	0	0
XM_026482765.3	6495	6315.9	0	0
XM_026482766.3	6486	6306.9	0	0
XM_026482767.3	962	782.905	13.9409	7.64533
XM_026482769.3	3543	3363.9	288	36.7589
XM_026482770.3	2748	2568.9	28	4.67976
XM_026482771.3	2755	2575.9	0	0
XM_026482773.3	3091	2911.9	1	0.147447
XM_026482777.3	2675	2495.9	0	0
XM_026482778.3	3057	2877.9	15	2.23784
XM_026482780.3	7558	7378.9	0	0
XM_026482781.3	6253	6073.9	0	0
XM_026482782.3	2550	2370.9	14.6177	2.64715
XM_026482783.3	3240	3060.9	0	0
XM_026482785.3	3666	3486.9	0.000353685	4.35502e-05
XM_026482788.3	1963	1783.9	106.721	25.6856
XM_026482789.3	1912	1732.9	52.2794	12.953
XM_026482792.3	2676	2496.9	0	0
XM_026482795.3	1411	1231.9	31.0003	10.8044
XM_026482796.3	2775	2595.9	11	1.81935
XM_026482797.3	3638	3458.9	6	0.744777
XM_026482799.3	2121	1941.9	62.8368	13.8931
XM_026482802.3	1862	1682.9	0	0
XM_026482804.3	2695	2515.9	84	14.335
XM_026482805.3	356	180.054	4.70334	11.2155
XM_026482806.3	3463	3283.9	0	0
XM_026482808.3	3315	3135.9	129	17.662
XM_026482809.3	2079	1899.9	0	0
XM_026482811.3	8532	8352.9	481	24.7241
XM_026482812.3	14489	14309.9	0	0
XM_026482816.3	3700	3520.9	1	0.121944
XM_026482835.3	2955	2775.9	0	0
XM_026482846.3	6053	5873.9	13.2335	0.967303
XM_026482847.3	3004	2824.9	122	18.5426
XM_026482848.3	6157	5977.9	4.37781	0.314428
XM_026482850.3	3152	2972.9	3.61967	0.522759
XM_026482851.3	1275	1095.9	2.71029	1.06183
XM_026482852.3	1182	1002.9	1.50075	0.642483
XM_026482853.3	763	583.98	15	11.0282
XM_026482855.2	585	405.98	0	0
XM_026482856.2	1155	975.905	0	0
XM_026482857.3	1184	1004.9	1.49925	0.640565
XM_026482858.1	621	441.98	0	0
XM_026482860.3	2452	2272.9	1	0.1889
XM_026482861.3	1773	1593.9	0	0
XM_026482862.3	1837	1657.9	0	0
XM_026482863.3	1279	1099.9	0	0
XM_026482868.2	1173	993.905	0	0
XM_026482870.2	681	501.98	0	0
XM_026482871.3	2584	2404.9	57	10.1763
XM_026482872.2	660	480.98	0	0
XM_026482874.3	3279	3099.9	1497	207.342
XM_026482878.3	2588	2408.9	40	7.12941
XM_026482881.3	2616	2436.9	0	0
XM_026482882.3	4958	4778.9	0	0
XM_026482883.3	4954	4774.9	0	0
XM_026482884.3	8955	8775.9	3.02763	0.148124
XM_026482885.3	3128	2948.9	0	0
XM_026482886.3	3110	2930.9	0.00716851	0.00105012
XM_026482887.3	3128	2948.9	98.3936	14.3258
XM_026482889.3	3558	3378.9	148	18.8061
XM_026482890.3	8964	8784.9	10.465	0.511463
XM_026482891.3	8971	8791.9	0	0
XM_026482892.3	8861	8681.9	82.5211	4.08097
XM_026482893.3	9006	8826.9	10.014	0.487093
XM_026482895.3	5624	5444.9	0	0
XM_026482898.3	19906	19726.9	70.7917	1.54077
XM_026482900.3	1165	985.905	0	0
XM_026482901.3	2125	1945.9	820	180.928
XM_026482906.3	1884	1704.9	0	0
XM_026482908.3	1881	1701.9	0	0
XM_026482911.3	1081	901.905	7.80216	3.71422
XM_026482912.3	765	585.98	0	0
XM_026482913.3	611	431.98	140.233	139.379
XM_026482915.3	4221	4041.9	0	0
XM_026482919.1	330	156.434	0	0
XM_026482920.3	786	606.98	0	0
XM_026482926.3	1285	1105.9	196.687	76.361
XM_026482927.3	3030	2850.9	2	0.301204
XM_026482929.3	1957	1777.9	13.183	3.1836
XM_026482930.3	1981	1801.9	16.817	4.0071
XM_026482933.2	433	254.706	0	0
XM_026482934.3	2586	2406.9	233.779	41.7023
XM_026482935.3	8242	8062.9	0	0
XM_026482937.3	4542	4362.9	3.43699e-05	3.38233e-06
XM_026482938.3	4289	4109.9	48.6584	5.08323
XM_026482939.3	3679	3499.9	25.9714	3.18605
XM_026482946.3	2628	2448.9	17.5664	3.07982
XM_026482950.3	18354	18174.9	42.6344	1.00717
XM_026482951.3	2651	2471.9	12.9766	2.25395
XM_026482954.3	2663	2483.9	0.0233603	0.00403791
XM_026482955.3	3633	3453.9	0	0
XM_026482956.3	10448	10268.9	3.86921e-06	1.61775e-07
XM_026482957.3	11187	11007.9	0	0
XM_026482958.3	10565	10385.9	0	0
XM_026482959.3	10345	10165.9	2	0.0844688
XM_026482963.3	3043	2863.9	0	0
XM_026482964.3	3156	2976.9	28.7356	4.14447
XM_026482965.3	3054	2874.9	0	0
XM_026482966.3	2932	2752.9	9.8762	1.54032
XM_026482967.3	3842	3662.9	6.23466	0.730803
XM_026482968.3	5094	4914.9	50.7653	4.43471
XM_026482969.3	8006	7826.9	39	2.13938
XM_026482970.3	5070	4890.9	17	1.49236
XM_026482971.3	4992	4812.9	0	0
XM_026482972.3	2936	2756.9	8	1.2459
XM_026482973.3	6503	6323.9	5.84501	0.396838
XM_026482974.2	6204	6024.9	0	0
XM_026482975.2	5693	5513.9	0	0
XM_026482976.2	5677	5497.9	0	0
XM_026482978.3	586	406.98	0	0
XM_026482979.3	6881	6701.9	0	0
XM_026482980.3	6872	6692.9	0	0
XM_026482981.3	6861	6681.9	0	0
XM_026482983.2	2059	1879.9	0	0
XM_026482984.3	2210	2030.9	4	0.845637
XM_026482985.3	2417	2237.9	4	0.767418
XM_026482987.3	2506	2326.9	0	0
XM_026482988.3	2616	2436.9	0	0
XM_026482990.3	2376	2196.9	0	0
XM_026482991.3	948	768.905	0.432543	0.241529
XM_026482992.3	3954	3774.9	81	9.21282
XM_026482994.3	796	616.98	147	102.296
XM_026482997.3	930	750.98	0	0
XM_026482998.3	560	380.98	0	0
XM_026482999.3	5511	5331.9	3.27178	0.26346
XM_026483000.3	1940	1760.9	452	110.209
XM_026483001.3	5337	5157.9	0	0
XM_026483002.3	5494	5314.9	0.00636321	0.000514037
XM_026483003.3	5461	5281.9	0.318914	0.0259237
XM_026483004.3	5074	4894.9	98.6904	8.65653
XM_026483005.3	5034	4854.9	50.6588	4.4801
XM_026483006.3	5403	5223.9	0	0
XM_026483007.3	5023	4843.9	10.8598	0.962582
XM_026483008.3	5385	5205.9	0	0
XM_026483009.3	5352	5172.9	0	0
XM_026483010.3	5005	4825.9	0	0
XM_026483011.3	4947	4767.9	0	0
XM_026483012.3	4943	4763.9	0	0
XM_026483014.3	2995	2815.9	36.9825	5.63887
XM_026483016.3	5248	5068.9	43	3.64223
XM_026483017.3	2006	1826.9	14	3.29022
XM_026483018.3	6018	5838.9	32.3499	2.37879
XM_026483019.3	6082	5902.9	0	0
XM_026483020.3	5961	5781.9	0	0
XM_026483023.3	1961	1781.9	5.16494	1.2445
XM_026483024.3	2792	2612.9	0	0
XM_026483025.3	2734	2554.9	4	0.6722
XM_026483026.3	3062	2882.9	0	0
XM_026483027.3	1078	898.905	274	130.873
XM_026483028.3	3008	2828.9	4	0.607093
XM_026483029.3	1507	1327.9	13.0511	4.21981
XM_026483030.3	930	750.98	8.97291	5.13001
XM_026483031.3	808	628.98	103.092	70.3725
XM_026483032.3	763	583.98	297.467	218.702
XM_026483033.3	877	697.98	7.31049	4.49694
XM_026483034.3	3950	3770.9	34	3.87121
XM_026483035.3	2168	1988.9	0	0
XM_026483036.3	1976	1796.9	2.58688	0.618108
XM_026483038.3	1633	1453.9	626	184.864
XM_026483039.3	6872	6692.9	28.0985	1.80253
XM_026483041.2	1116	936.905	0	0
XM_026483042.3	2063	1883.9	0	0
XM_026483043.3	833	653.98	16.171	10.6166
XM_026483048.3	5207	5027.9	20.9015	1.78486
XM_026483049.3	834	654.98	131.169	85.9836
XM_026483050.3	813	633.98	0	0
XM_026483051.3	879	699.98	23	14.1077
XM_026483052.3	874	694.98	0	0
XM_026483053.3	3951	3771.9	147	16.7329
XM_026483054.3	1934	1754.9	19.1212	4.67817
XM_026483055.3	1108	928.905	47.8788	22.1302
XM_026483056.3	943	763.905	50.8868	28.6009
XM_026483057.3	897	717.98	84.1132	50.2997
XM_026483058.3	2850	2670.9	3	0.482255
XM_026483059.3	1565	1385.9	35	10.843
XM_026483060.3	1144	964.905	35.8625	15.9577
XM_026483061.3	1777	1597.9	47.9973	12.8967
XM_026483064.3	708	528.98	2	1.62332
XM_026483065.3	3908	3728.9	131	15.0835
XM_026483066.3	1916	1736.9	0	0
XM_026483071.3	1889	1709.9	0	0
XM_026483072.3	1831	1651.9	10	2.59913
XM_026483073.3	1394	1214.9	262	92.5918
XM_026483074.3	1764	1584.9	1	0.270901
XM_026483076.3	2386	2206.9	82	15.953
XM_026483077.3	2903	2723.9	11	1.73386
XM_026483081.2	885	705.98	0	0
XM_026483082.3	2681	2501.9	12	2.05932
XM_026483084.3	3288	3108.9	143	19.7489
XM_026483086.3	6932	6752.9	201	12.7796
XM_026483088.2	1091	911.905	11	5.17913
XM_026483089.3	3319	3139.9	2	0.273481
XM_026483091.3	1458	1278.9	0	0
XM_026483092.3	1450	1270.9	0	0
XM_026483093.3	2661	2481.9	77	13.3205
XM_026483094.3	4336	4156.9	0	0
XM_026483095.2	4061	3881.9	0	0
XM_026483096.3	7205	7025.9	2.02742	0.123895
XM_026483097.2	2530	2350.9	7	1.27843
XM_026483098.3	3309	3129.9	0	0
XM_026483099.2	3261	3081.9	0	0
XM_026483101.3	3251	3071.9	0	0
XM_026483102.3	3289	3109.9	0	0
XM_026483108.3	7593	7413.9	26.3491	1.52592
XM_026483109.3	6698	6518.9	0	0
XM_026483111.3	9643	9463.9	18.3097	0.830663
XM_026483117.3	2623	2443.9	1	0.175683
XM_026483118.3	2495	2315.9	15.7684	2.92335
XM_026483119.3	2044	1864.9	3.23158	0.743997
XM_026483120.3	2001	1821.9	267	62.9215
XM_026483123.3	1160	980.905	5	2.18855
XM_026483128.3	3149	2969.9	1.72096	0.248795
XM_026483129.3	2693	2513.9	0.00591674	0.00101052
XM_026483130.3	2674	2494.9	117.994	20.3058
XM_026483131.3	14447	14267.9	1.58401e-08	4.76663e-10
XM_026483135.3	3568	3388.9	6.3431	0.80363
XM_026483136.3	3496	3316.9	6.6569	0.861692
XM_026483137.3	1490	1310.9	87.7645	28.7449
XM_026483138.3	697	517.98	36.2355	30.0355
XM_026483141.3	2089	1909.9	11	2.47283
XM_026483142.3	1432	1252.9	0	0
XM_026483144.3	5312	5132.9	1	0.083647
XM_026483145.3	2752	2572.9	5	0.834372
XM_026483146.3	1407	1227.9	0	0
XM_026483147.2	1118	938.905	42	19.2062
XM_026483148.3	483	304.217	0	0
XM_026483150.3	2406	2226.9	195	37.5964
XM_026483151.3	5404	5224.9	6.84797	0.562726
XM_026483158.3	2913	2733.9	0	0
XM_026483159.3	4291	4111.9	20.6845	2.15981
XM_026483160.3	3499	3319.9	49.3155	6.37781
XM_026483161.3	3102	2922.9	209.944	30.8392
XM_026483162.3	3491	3311.9	34.0556	4.41493
XM_026483163.3	1296	1116.9	0	0
XM_026483164.3	2918	2738.9	8.76405	1.37386
XM_026483165.3	6791	6611.9	0.132228	0.00858641
XM_026483166.3	2792	2612.9	5.23595	0.86037
XM_026483167.3	594	414.98	14	14.4848
XM_026483168.3	730	550.98	173.066	134.862
XM_026483169.3	5518	5338.9	90	7.23775
XM_026483170.3	5196	5016.9	38.0344	3.25502
XM_026483171.3	5170	4990.9	85.9656	7.39535
XM_026483172.3	816	636.98	0	0
XM_026483173.3	7059	6879.9	0.380126	0.0237224
XM_026483174.3	994	814.905	35	18.4406
XM_026483175.3	1840	1660.9	62.7112	16.2112
XM_026483176.3	1892	1712.9	17.2888	4.33356
XM_026483177.3	2186	2006.9	0	0
XM_026483179.3	2216	2036.9	18	3.79416
XM_026483181.3	1395	1215.9	1	0.353113
XM_026483183.3	6731	6551.9	2.2387	0.146704
XM_026483184.3	1292	1112.9	77	29.7061
XM_026483186.3	1387	1207.9	0	0
XM_026483187.3	1040	860.905	118	58.8492
XM_026483189.3	2853	2673.9	13	2.08742
XM_026483192.3	6995	6815.9	11.6223	0.732121
XM_026483203.3	6698	6518.9	1.08172	0.0712451
XM_026483204.3	1997	1817.9	0	0
XM_026483206.3	1658	1478.9	17.563	5.09884
XM_026483208.3	1616	1436.9	28.463	8.50483
XM_026483209.3	1505	1325.9	1.45171	0.470091
XM_026483210.3	1460	1280.9	48.5223	16.2644
XM_026483211.3	687	507.98	36	30.4277
XM_026483212.3	6965	6785.9	3.36686	0.213025
XM_026483213.3	4218	4038.9	18.9018	2.00934
XM_026483215.3	2524	2344.9	114	20.8734
XM_026483216.3	7187	7007.9	0	0
XM_026483217.3	7162	6982.9	3.81801	0.234755
XM_026483218.3	7184	7004.9	0	0
XM_026483220.3	6634	6454.9	40.2986	2.68049
XM_026483221.3	7148	6968.9	7.20484e-08	4.43888e-09
XM_026483223.3	5065	4885.9	0	0
XM_026483224.3	2957	2777.9	0	0
XM_026483225.3	4546	4366.9	14	1.37647
XM_026483226.3	1250	1070.9	1	0.400925
XM_026483227.3	1443	1263.9	87	29.5541
XM_026483228.3	1075	895.905	60	28.7543
XM_026483229.3	6902	6722.9	84.4285	5.39195
XM_026483231.3	4324	4144.9	23.6885	2.45378
XM_026483232.3	4183	4003.9	37.101	3.97846
XM_026483233.3	2634	2454.9	45.8335	8.01608
XM_026483236.3	3224	3044.9	0	0
XM_026483238.3	2354	2174.9	0	0
XM_026483241.3	16302	16122.9	0	0
XM_026483244.3	3397	3217.9	70	9.33982
XM_026483245.3	3450	3270.9	0	0
XM_026483246.3	4745	4565.9	43.8056	4.11924
XM_026483247.3	3740	3560.9	10	1.20574
XM_026483249.3	6686	6506.9	338.536	22.338
XM_026483256.3	3002	2822.9	64.5574	9.81891
XM_026483257.3	3018	2838.9	96.4426	14.5858
XM_026483261.3	2703	2523.9	139	23.6459
XM_026483262.3	1991	1811.9	0	0
XM_026483264.3	1926	1746.9	7.99534	1.96508
XM_026483266.3	2351	2171.9	0	0
XM_026483267.3	5953	5773.9	14	1.04105
XM_026483269.3	1194	1014.9	18	7.61484
XM_026483270.3	1751	1571.9	71	19.393
XM_026483271.3	581	401.98	1357	1449.4
XM_026483272.3	16567	16387.9	0	0
XM_026483273.3	3672	3492.9	31	3.81056
XM_026483274.3	410	232.143	0	0
XM_026483276.3	1496	1316.9	4	1.30412
XM_026483277.3	2515	2335.9	1	0.183805
XM_026483279.3	1803	1623.9	9	2.37955
XM_026483283.3	2481	2301.9	1	0.18652
XM_026483285.3	985	805.905	133	70.8568
XM_026483286.3	6656	6476.9	0.304555	0.0201889
XM_026483287.3	6632	6452.9	38.6954	2.57465
XM_026483288.3	2820	2640.9	13.0659	2.12422
XM_026483289.3	3761	3581.9	21.9341	2.62917
XM_026483290.3	9156	8976.9	3.48065	0.166474
XM_026483296.3	8932	8752.9	0	0
XM_026483299.3	11401	11221.9	0.100244	0.00383535
XM_026483300.3	11380	11200.9	1.15516	0.0442795
XM_026483301.3	11371	11191.9	3.29774	0.12651
XM_026483304.3	3219	3039.9	116	16.3837
XM_026483306.3	5946	5766.9	2	0.148902
XM_026483308.3	2050	1870.9	0.0446787	0.0102533
XM_026483309.3	2044	1864.9	2.95532	0.680396
XM_026483310.3	3690	3510.9	636	77.7771
XM_026483313.3	5883	5703.9	0	0
XM_026483315.3	4340	4160.9	0	0
XM_026483316.3	4613	4433.9	0	0
XM_026483317.3	4179	3999.9	0	0
XM_026483318.3	4158	3978.9	20.515	2.21372
XM_026483320.3	4608	4428.9	64.2384	6.22747
XM_026483321.3	3978	3798.9	0	0
XM_026483322.3	3969	3789.9	0	0
XM_026483323.3	3974	3794.9	0	0
XM_026483324.3	6971	6791.9	10332	653.14
XM_026483325.3	2191	2011.9	1.75748	0.375056
XM_026483326.3	2291	2111.9	0	0
XM_026483327.3	2185	2005.9	0	0
XM_026483328.3	2067	1887.9	0	0
XM_026483329.2	2089	1909.9	0	0
XM_026483330.3	1395	1215.9	31.7458	11.2099
XM_026483332.3	4630	4450.9	0	0
XM_026483335.3	1662	1482.9	0	0
XM_026483344.3	1656	1476.9	0	0
XM_026483349.3	3062	2882.9	28	4.17005
XM_026483350.3	3006	2826.9	0	0
XM_026483351.3	4876	4696.9	1	0.0914117
XM_026483354.3	1218	1038.9	14.2075	5.87157
XM_026483355.3	1392	1212.9	274	96.9923
XM_026483356.3	875	695.98	36.0943	22.2667
XM_026483357.3	595	415.98	113.597	117.248
XM_026483358.3	559	380.018	2.40337	2.71537
XM_026483360.2	1392	1212.9	0	0
XM_026483361.3	4189	4009.9	38	4.06877
XM_026483362.3	2596	2416.9	4.66746	0.829152
XM_026483363.3	1168	988.905	10	4.34169
XM_026483365.3	890	710.98	151	91.187
XM_026483366.3	620	440.98	0	0
XM_026483368.2	586	406.98	25	26.3742
XM_026483369.3	1184	1004.9	96.9822	41.4363
XM_026483370.3	1081	901.905	168.018	79.9849
XM_026483371.3	2515	2335.9	1	0.183805
XM_026483372.3	1173	993.905	12.995	5.61363
XM_026483373.3	1190	1010.9	0	0
XM_026483374.3	1179	999.905	0.0050429	0.00216538
XM_026483375.2	1542	1362.9	0	0
XM_026483378.3	1232	1052.9	155.428	63.3804
XM_026483379.3	1215	1035.9	37.5716	15.5723
XM_026483381.3	958	778.905	6	3.30735
XM_026483383.3	2200	2020.9	286	60.7622
XM_026483387.3	1778	1598.9	21	5.6391
XM_026483389.3	514	335.091	47	60.2211
XM_026483390.3	3729	3549.9	39	4.71695
XM_026483391.3	4718	4538.9	0.0114254	0.00108077
XM_026483392.3	4691	4511.9	27.4991	2.6168
XM_026483393.3	4674	4494.9	0	0
XM_026483395.3	4555	4375.9	0.00402298	0.000394724
XM_026483396.3	4527	4347.9	17.4855	1.72668
XM_026483397.3	4510	4330.9	0	0
XM_026483401.2	1937	1757.9	2	0.488481
XM_026483403.3	4072	3892.9	128	14.1172
XM_026483404.2	1707	1527.9	0	0
XM_026483405.3	2422	2242.9	9	1.72284
XM_026483407.3	4868	4688.9	25.148	2.30274
XM_026483408.3	8052	7872.9	79	4.3083
XM_026483411.3	2886	2706.9	13.1585	2.08711
XM_026483412.3	1901	1721.9	39.5119	9.85218
XM_026483413.3	1894	1714.9	0	0
XM_026483414.3	1998	1818.9	5.62654	1.32814
XM_026483415.3	3021	2841.9	0	0
XM_026483417.3	501	322.091	0	0
XM_026483418.2	1769	1589.9	0	0
XM_026483419.3	4288	4108.9	13.1489	1.37396
XM_026483421.3	4460	4280.9	61.8511	6.20334
XM_026483422.3	1080	900.905	0	0
XM_026483423.3	5850	5670.9	0	0
XM_026483424.3	6021	5841.9	0.858033	0.0630613
XM_026483425.3	5925	5745.9	0	0
XM_026483426.3	5947	5767.9	0	0
XM_026483427.3	5443	5263.9	0	0
XM_026483428.3	5813	5633.9	0	0
XM_026483429.3	5406	5226.9	0	0
XM_026483431.3	5656	5476.9	55.2003	4.32733
XM_026483432.3	5619	5439.9	16.9488	1.33771
XM_026483433.3	5212	5032.9	0	0
XM_026483434.3	5212	5032.9	13.5234	1.15367
XM_026483435.3	4841	4661.9	0	0
XM_026483436.3	5582	5402.9	20.504	1.62939
XM_026483440.3	5119	4939.9	0	0
XM_026483441.3	5082	4902.9	0	0
XM_026483442.3	4886	4706.9	0	0
XM_026483443.3	5150	4970.9	87.699	7.57483
XM_026483444.3	5170	4990.9	48.0634	4.13474
XM_026483445.3	5205	5025.9	0	0
XM_026483446.3	5777	5597.9	0	0
XM_026483447.3	5774	5594.9	0	0
XM_026483448.3	5768	5588.9	0	0
XM_026483450.3	5738	5558.9	0	0
XM_026483451.3	5732	5552.9	26.2102	2.02658
XM_026483452.3	2185	2005.9	65	13.9129
XM_026483453.3	5729	5549.9	0	0
XM_026483454.3	5729	5549.9	0	0
XM_026483456.3	5687	5507.9	0	0
XM_026483457.3	5666	5486.9	0	0
XM_026483458.3	5645	5465.9	0	0
XM_026483459.3	5639	5459.9	0	0
XM_026483462.3	5528	5348.9	0	0
XM_026483463.3	5507	5327.9	0	0
XM_026483464.3	5441	5261.9	13.8971	1.13395
XM_026483465.3	24223	24043.9	10.6537	0.190244
XM_026483468.3	575	395.98	107	116.018
XM_026483469.3	5030	4850.9	18.0989	1.60193
XM_026483470.3	5083	4903.9	16.9147	1.48094
XM_026483471.3	5012	4832.9	8.15956e-05	7.2489e-06
XM_026483472.3	5015	4835.9	58.6865	5.21043
XM_026483473.3	9516	9336.9	0.164793	0.00757792
XM_026483475.3	4393	4213.9	41.7557	4.25446
XM_026483476.3	4305	4125.9	36.2443	3.77167
XM_026483477.3	4245	4065.9	0	0
XM_026483478.3	5745	5565.9	1186	91.4876
XM_026483479.3	4394	4214.9	230	23.429
XM_026483480.3	10907	10727.9	49.3697	1.97587
XM_026483484.3	5907	5727.9	163.384	12.2469
XM_026483485.3	5876	5696.9	122.512	9.2332
XM_026483487.3	3335	3155.9	70.9198	9.64844
XM_026483490.3	3286	3106.9	0	0
XM_026483492.3	3252	3072.9	0	0
XM_026483493.3	6715	6535.9	28.0373	1.84181
XM_026483496.3	9875	9695.9	78	3.45398
XM_026483498.3	13708	13528.9	7.23472	0.2296
XM_026483499.3	6692	6512.9	19.2592	1.26963
XM_026483500.3	3179	2999.9	24.5016	3.50672
XM_026483501.3	2888	2708.9	35.4984	5.62637
XM_026483503.3	2756	2576.9	3	0.499846
XM_026483504.3	9166	8986.9	0	0
XM_026483505.3	9148	8968.9	107.538	5.14798
XM_026483506.3	6693	6513.9	0	0
XM_026483507.3	8829	8649.9	44.4314	2.20542
XM_026483508.3	8780	8600.9	52.9271	2.64209
XM_026483509.3	8857	8677.9	0	0
XM_026483510.3	8839	8659.9	14.1864	0.703353
XM_026483511.3	8847	8667.9	0.0069681	0.000345154
XM_026483512.3	6591	6411.9	0	0
XM_026483513.3	4616	4436.9	43.4857	4.20804
XM_026483515.3	4607	4427.9	11.192	1.08523
XM_026483517.3	3999	3819.9	0	0
XM_026483518.3	5114	4934.9	2.5	0.217508
XM_026483519.3	5137	4957.9	324.355	28.089
XM_026483523.3	2949	2769.9	0	0
XM_026483528.3	1508	1328.9	0	0
XM_026483533.3	18390	18210.9	69.2109	1.63176
XM_026483534.3	18411	18231.9	0	0
XM_026483536.3	2771	2591.9	0	0
XM_026483537.3	9862	9682.9	6	0.266047
XM_026483538.3	10923	10743.9	0	0
XM_026483539.3	11025	10845.9	0	0
XM_026483540.3	1341	1161.9	12	4.43429
XM_026483541.3	2257	2077.9	18	3.71929
XM_026483542.3	2272	2092.9	0	0
XM_026483543.3	2588	2408.9	12	2.13882
XM_026483549.3	2908	2728.9	0	0
XM_026483551.3	856	676.98	3.17977	2.01666
XM_026483552.3	4696	4516.9	0	0
XM_026483553.3	4616	4436.9	0	0
XM_026483554.3	4576	4396.9	22	2.14827
XM_026483555.3	7247	7067.9	3	0.18224
XM_026483557.3	3639	3459.9	8.99954	1.11679
XM_026483558.3	2110	1930.9	7	1.55651
XM_026483561.3	1959	1779.9	2.00902	0.48462
XM_026483562.3	820	640.98	0	0
XM_026483563.3	4756	4576.9	9	0.844275
XM_026483564.3	4379	4199.9	1	0.102229
XM_026483565.2	4627	4447.9	18.0617	1.74348
XM_026483567.3	2568	2388.9	1	0.179727
XM_026483571.3	2403	2223.9	170.983	33.0103
XM_026483572.3	3334	3154.9	12.5066	1.70202
XM_026483573.3	3233	3053.9	12	1.68709
XM_026483574.3	9995	9815.9	2.93334	0.128305
XM_026483576.3	10006	9826.9	0	0
XM_026483578.3	9842	9662.9	80.1478	3.56121
XM_026483583.3	10105	9925.9	6.90317	0.298602
XM_026483586.3	4276	4096.9	0	0
XM_026483587.3	10083	9903.9	0	0
XM_026483590.3	9994	9814.9	0	0
XM_026483591.3	1933	1753.9	5.47441	1.34012
XM_026483593.3	1927	1747.9	12.1643	2.98801
XM_026483594.3	1845	1665.9	0	0
XM_026483595.3	12082	11902.9	283.656	10.2318
XM_026483596.3	4463	4283.9	0	0
XM_026483598.3	11931	11751.9	45.165	1.65009
XM_026483599.3	3033	2853.9	0	0
XM_026483600.3	2623	2443.9	1.01959e-05	1.79124e-06
XM_026483605.3	629	449.98	5	4.77079
XM_026483606.3	4178	3998.9	24	2.57682
XM_026483608.3	8497	8317.9	1.01898	0.0525976
XM_026483613.3	1980	1800.9	110	26.225
XM_026483614.2	1038	858.905	0	0
XM_026483615.3	765	585.98	2249	1647.86
XM_026483616.3	1171	991.905	0	0
XM_026483620.3	1593	1413.9	0	0
XM_026483621.3	1764	1584.9	0	0
XM_026483622.3	1449	1269.9	0	0
XM_026483623.3	1221	1041.9	0	0
XM_026483625.3	1506	1326.9	0	0
XM_026483628.1	408	230.236	0	0
XM_026483629.3	2135	1955.9	8	1.75613
XM_026483631.3	1943	1763.9	5	1.21705
XM_026483632.3	6332	6152.9	5	0.348902
XM_026483634.2	2061	1881.9	1	0.228148
XM_026483635.3	1472	1292.9	0	0
XM_026483637.3	4981	4801.9	33.2215	2.97042
XM_026483638.3	4751	4571.9	4.45682	0.418544
XM_026483640.3	3927	3747.9	721.112	82.6091
XM_026483642.3	6697	6517.9	0	0
XM_026483643.3	3899	3719.9	61	7.04063
XM_026483644.3	4126	3946.9	0	0
XM_026483645.3	25138	24958.9	0	0
XM_026483647.3	5698	5518.9	67	5.21237
XM_026483649.3	8437	8257.9	55.527	2.88701
XM_026483653.3	966	786.905	0	0
XM_026483654.3	2929	2749.9	12.1499	1.897
XM_026483655.3	2604	2424.9	6.85011	1.21288
XM_026483657.3	3993	3813.9	3.00021	0.33775
XM_026483659.3	5549	5369.9	0	0
XM_026483661.3	12129	11949.9	42	1.50903
XM_026483662.3	1565	1385.9	0	0
XM_026483666.3	7266	7086.9	0.0118633	0.000718727
XM_026483667.3	1273	1093.9	0	0
XM_026483668.3	1162	982.905	13.468	5.88309
XM_026483669.3	3776	3596.9	76	9.07189
XM_026483673.3	4823	4643.9	77	7.11903
XM_026483674.3	1884	1704.9	2	0.503667
XM_026483677.3	1214	1034.9	0	0
XM_026483678.3	3133	2953.9	5	0.726753
XM_026483681.2	3273	3093.9	0	0
XM_026483683.3	8574	8394.9	40.1944	2.05571
XM_026483685.3	3888	3708.9	90.5818	10.486
XM_026483687.3	3803	3623.9	0	0
XM_026483690.3	6126	5946.9	0	0
XM_026483691.3	5795	5615.9	35	2.67585
XM_026483692.3	1818	1638.9	46	12.0508
XM_026483693.3	15919	15739.9	109.803	2.99521
XM_026483694.3	15868	15688.9	0	0
XM_026483695.3	15489	15309.9	28.4943	0.799095
XM_026483698.3	8798	8618.9	110.336	5.49638
XM_026483700.3	8796	8616.9	5.51119e-07	2.74604e-08
XM_026483701.3	8698	8518.9	107.14	5.39984
XM_026483704.3	1852	1672.9	19	4.87636
XM_026483705.3	3816	3636.9	0	0
XM_026483709.3	3612	3432.9	0	0
XM_026483710.3	3579	3399.9	32.0742	4.05044
XM_026483711.3	4685	4505.9	3.71774	0.35425
XM_026483713.2	1449	1269.9	0	0
XM_026483721.3	2752	2572.9	1	0.166874
XM_026483722.3	8394	8214.9	94	4.91291
XM_026483723.3	15533	15353.9	38.9179	1.08829
XM_026483727.3	7670	7490.9	0	0
XM_026483728.3	3471	3291.9	29.4828	3.84534
XM_026483731.3	14728	14548.9	25.7678	0.760432
XM_026483732.3	14708	14528.9	0	0
XM_026483735.3	9599	9419.9	243.337	11.0911
XM_026483736.3	9696	9516.9	0	0
XM_026483737.3	9637	9457.9	86.6098	3.93175
XM_026483738.3	1814	1634.9	0	0
XM_026483741.3	3783	3603.9	5	0.595676
XM_026483744.3	3849	3669.9	0	0
XM_026483745.2	4836	4656.9	13	1.19856
XM_026483746.3	20046	19866.9	0	0
XM_026483749.3	1719	1539.9	40.6925	11.3458
XM_026483750.3	1739	1559.9	63	17.3403
XM_026483751.2	2192	2012.9	0	0
XM_026483752.3	7007	6827.9	108	6.79125
XM_026483753.3	1191	1011.9	55	23.3365
XM_026483756.3	3695	3515.9	50	6.10585
XM_026483757.3	10430	10250.9	13	0.544496
XM_026483758.3	4606	4426.9	310	30.066
XM_026483760.3	7655	7475.9	0	0
XM_026483763.3	7571	7391.9	0	0
XM_026483766.3	1883	1703.9	60	15.1189
XM_026483767.3	1135	955.905	1185	532.252
XM_026483769.2	2187	2007.9	0	0
XM_026483772.3	2567	2387.9	0	0
XM_026483775.3	2420	2240.9	2	0.383195
XM_026483776.2	477	298.277	0	0
XM_026483778.2	476	297.277	0	0
XM_026483779.3	1629	1449.9	0	0
XM_026483783.3	3175	2995.9	18	2.57963
XM_026483784.3	3736	3556.9	0	0
XM_026483785.3	3804	3624.9	136	16.1085
XM_026483791.3	1787	1607.9	0	0
XM_026483793.3	1068	888.905	48	23.1846
XM_026483796.3	3189	3009.9	16	2.28234
XM_026483797.3	2268	2088.9	11	2.26093
XM_026483800.3	1725	1545.9	0	0
XM_026483801.3	1669	1489.9	13	3.74626
XM_026483809.3	7206	7026.9	62	3.78827
XM_026483810.3	4282	4102.9	110	11.511
XM_026483811.3	6384	6204.9	62	4.29013
XM_026483812.3	1790	1610.9	17.8984	4.77043
XM_026483813.3	1700	1520.9	2.10162	0.593288
XM_026483817.3	1253	1073.9	15	5.99707
XM_026483818.3	713	533.98	3.75457	3.0189
XM_026483819.3	2910	2730.9	6.24543	0.981904
XM_026483820.3	1793	1613.9	0	0
XM_026483823.3	2787	2607.9	0	0
XM_026483826.3	1015	835.905	0	0
XM_026483829.3	3815	3635.9	0	0
XM_026483830.3	2305	2125.9	13.0585	2.63733
XM_026483833.3	3659	3479.9	0	0
XM_026483834.3	1575	1395.9	59.4723	18.2925
XM_026483835.3	4255	4075.9	0	0
XM_026483849.3	8128	7948.9	32	1.72845
XM_026483850.3	2070	1890.9	0	0
XM_026483851.3	1916	1736.9	139.853	34.5707
XM_026483852.3	1913	1733.9	10.1473	2.51269
XM_026483853.3	1993	1813.9	0	0
XM_026483855.3	1888	1708.9	87	21.8582
XM_026483856.3	1961	1781.9	311	74.9358
XM_026483857.3	1045	865.905	0	0
XM_026483858.3	874	694.98	104	64.2502
XM_026483859.3	3284	3104.9	1.21006e-05	1.67329e-06
XM_026483860.3	1971	1791.9	11.1994	2.68345
XM_026483862.3	2116	1936.9	10	2.21669
XM_026483865.3	794	614.98	8	5.58524
XM_026483866.3	1931	1751.9	1	0.245077
XM_026483867.3	1754	1574.9	0	0
XM_026483868.3	1757	1577.9	16	4.35364
XM_026483869.3	1232	1052.9	0	0
XM_026483872.3	1912	1732.9	0	0
XM_026483873.3	1916	1736.9	66	16.3148
XM_026483874.3	372	195.24	0	0
XM_026483875.3	1116	936.905	45	20.622
XM_026483877.3	581	401.98	44.2221	47.2333
XM_026483878.3	9017	8837.9	131.863	6.40598
XM_026483879.3	1963	1783.9	135	32.4919
XM_026483880.3	2476	2296.9	1029	192.347
XM_026483881.3	3428	3248.9	1965	259.68
XM_026483884.3	2045	1865.9	0	0
XM_026483885.3	2040	1860.9	0	0
XM_026483887.3	1363	1183.9	5.13071	1.86069
XM_026483888.3	1903	1723.9	6.25561	1.55801
XM_026483889.3	3137	2957.9	3.71877e-05	5.39794e-06
XM_026483890.3	3154	2974.9	63	9.09244
XM_026483891.3	3778	3598.9	14.0024	1.6705
XM_026483892.3	5125	4945.9	234	20.3134
XM_026483893.3	945	765.905	15	8.40872
XM_026483895.3	2484	2304.9	17	3.16672
XM_026483896.3	2277	2097.9	17	3.47918
XM_026483897.3	358	181.907	0	0
XM_026483898.3	5116	4936.9	400.413	34.8231
XM_026483899.2	975	795.905	0	0
XM_026483902.3	5174	4994.9	0	0
XM_026483904.3	5475	5295.9	5.97387	0.484316
XM_026483905.3	1594	1414.9	1	0.303449
XM_026483906.3	1675	1495.9	0	0
XM_026483907.3	1978	1798.9	674.671	161.027
XM_026483908.3	9842	9662.9	6	0.266598
XM_026483909.3	4794	4614.9	0	0
XM_026483910.3	10032	9852.9	0	0
XM_026483911.3	4575	4395.9	14	1.36739
XM_026483913.3	424	245.832	0	0
XM_026483914.3	536	357.056	27.3267	32.8597
XM_026483916.3	3219	3039.9	8.7493	1.23574
XM_026483917.3	3232	3052.9	17.2507	2.42609
XM_026483920.3	5035	4855.9	6	0.530511
XM_026483924.3	3861	3681.9	0	0
XM_026483926.3	3044	2864.9	0	0
XM_026483927.3	1970	1790.9	0	0
XM_026483928.3	3056	2876.9	7	1.04469
XM_026483930.3	2325	2145.9	0	0
XM_026483935.2	8553	8373.9	0	0
XM_026483936.3	2267	2087.9	2.63929	0.542737
XM_026483938.3	6595	6415.9	44	2.94448
XM_026483939.3	5193	5013.9	0	0
XM_026483949.3	8416	8236.9	5	0.260627
XM_026483953.3	18704	18524.9	9.96715	0.231009
XM_026483955.3	2671	2491.9	10	1.72299
XM_026483958.3	2624	2444.9	0	0
XM_026483965.3	3902	3722.9	0	0
XM_026483970.3	1525	1345.9	122	38.9188
XM_026483978.3	2757	2577.9	0	0
XM_026483979.3	1380	1200.9	2	0.715048
XM_026483980.3	4648	4468.9	0	0
XM_026483983.3	2599	2419.9	0	0
XM_026483985.3	2596	2416.9	13	2.30939
XM_026483986.3	2597	2417.9	0	0
XM_026483990.3	3046	2866.9	0	0
XM_026483991.3	2842	2662.9	18.9165	3.04998
XM_026483992.3	2249	2069.9	5.57294	1.15597
XM_026483993.3	6708	6528.9	46.5106	3.05862
XM_026483995.3	7443	7263.9	7.85588	0.464342
XM_026483996.3	5952	5772.9	0	0
XM_026483997.3	5591	5411.9	2.14705	0.170335
XM_026483998.3	9587	9407.9	2	0.0912747
XM_026483999.3	3419	3239.9	254	33.6601
XM_026484001.3	6845	6665.9	35	2.25436
XM_026484007.3	2930	2750.9	9.96651	1.55554
XM_026484009.3	13389	13209.9	0	0
XM_026484010.3	2581	2401.9	21	3.75385
XM_026484011.3	1789	1609.9	7	1.86686
XM_026484013.3	3638	3458.9	6	0.744777
XM_026484016.3	4156	3976.9	3	0.323884
XM_026484020.3	1692	1512.9	4	1.13517
XM_026484021.3	2864	2684.9	145.992	23.3461
XM_026484022.3	2786	2606.9	18.4187	3.03352
XM_026484023.3	1608	1428.9	119.589	35.9336
XM_026484030.3	8093	7913.9	0	0
XM_026484031.3	6769	6589.9	0	0
XM_026484047.3	3144	2964.9	1	0.144811
XM_026484049.3	4303	4123.9	0.103552	0.0107811
XM_026484052.3	4332	4152.9	90.0867	9.3137
XM_026484053.3	4889	4709.9	7.80975	0.711932
XM_026484056.3	3465	3285.9	24.137	3.15386
XM_026484057.3	2373	2193.9	0	0
XM_026484060.3	1042	862.905	78.9934	39.3044
XM_026484061.3	844	664.98	0	0
XM_026484063.3	834	654.98	2	1.31104
XM_026484064.3	6242	6062.9	33.9694	2.40558
XM_026484065.3	1482	1302.9	0	0
XM_026484066.3	1423	1243.9	6.03062	2.08156
XM_026484067.3	2944	2764.9	26	4.03744
XM_026484070.3	3263	3083.9	167.373	23.3022
XM_026484071.3	2574	2394.9	0	0
XM_026484072.3	1177	997.905	6	2.58152
XM_026484075.3	3870	3690.9	1	0.116327
XM_026484076.3	1993	1813.9	10	2.367
XM_026484078.3	3672	3492.9	9	1.10629
XM_026484079.3	3756	3576.9	0	0
XM_026484080.3	976	796.905	89.5913	48.2695
XM_026484084.3	5525	5345.9	50.7271	4.0741
XM_026484085.3	2647	2467.9	0	0
XM_026484087.3	2361	2181.9	11	2.16456
XM_026484088.3	3067	2887.9	25.5567	3.79957
XM_026484090.3	7356	7176.9	76.4687	4.57467
XM_026484093.3	1412	1232.9	145	50.4954
XM_026484094.3	1266	1086.9	0	0
XM_026484096.3	7182	7002.9	10.9745	0.67285
XM_026484097.3	2284	2104.9	23.8603	4.86695
XM_026484098.3	2226	2046.9	60.4476	12.6793
XM_026484099.3	2202	2022.9	0	0
XM_026484100.3	2132	1952.9	76.7462	16.8729
XM_026484101.3	1233	1053.9	0	0
XM_026484102.3	1997	1817.9	147	34.7184
XM_026484103.3	1893	1713.9	0	0
XM_026484104.3	8328	8148.9	0	0
XM_026484105.3	8415	8235.9	0	0
XM_026484111.3	6141	5961.9	0	0
XM_026484112.3	6144	5964.9	98	7.05401
XM_026484113.3	3323	3143.9	8.09973	1.10615
XM_026484114.3	1458	1278.9	105	35.2504
XM_026484115.3	1547	1367.9	0	0
XM_026484117.3	817	637.98	0	0
XM_026484118.3	785	605.98	37.1815	26.344
XM_026484119.2	773	593.98	5.81848	4.20582
XM_026484120.3	714	534.98	0	0
XM_026484121.3	3407	3227.9	10	1.33013
XM_026484122.3	1874	1694.9	125	31.6649
XM_026484123.3	5988	5808.9	0	0
XM_026484124.3	3331	3151.9	35	4.76769
XM_026484126.3	2529	2349.9	0	0
XM_026484129.3	2535	2355.9	13.5324	2.46621
XM_026484131.3	3394	3214.9	18.0838	2.41509
XM_026484132.3	4642	4462.9	3.58114	0.344522
XM_026484133.3	3291	3111.9	0	0
XM_026484134.3	6324	6144.9	0	0
XM_026484135.3	2328	2148.9	0	0
XM_026484136.3	2381	2201.9	0	0
XM_026484137.3	1355	1175.9	37	13.5096
XM_026484138.3	2850	2670.9	502	80.6973
XM_026484139.3	4274	4094.9	10.8762	1.14038
XM_026484140.3	3581	3401.9	5	0.631046
XM_026484143.3	3766	3586.9	12.5348	1.50041
XM_026484145.3	1847	1667.9	0	0
XM_026484146.3	2641	2461.9	3.56613	0.621927
XM_026484149.3	2614	2434.9	4	0.705329
XM_026484150.3	1969	1789.9	5	1.19937
XM_026484151.3	4333	4153.9	0	0
XM_026484152.3	4257	4077.9	0	0
XM_026484153.3	4248	4068.9	0	0
XM_026484154.3	10790	10610.9	27.5937	1.11653
XM_026484155.3	5923	5743.9	56.4072	4.21639
XM_026484156.3	4351	4171.9	0.000571213	5.87864e-05
XM_026484157.3	4299	4119.9	0	0
XM_026484158.3	4182	4002.9	0	0
XM_026484159.3	4246	4066.9	0	0
XM_026484160.3	5080	4900.9	39.4979	3.46028
XM_026484161.3	4585	4405.9	0.502118	0.048931
XM_026484162.3	6390	6210.9	0	0
XM_026484164.3	2970	2790.9	130	19.9992
XM_026484166.3	3898	3718.9	98.2309	11.3409
XM_026484167.3	2146	1966.9	23.0047	5.02166
XM_026484169.3	2680	2500.9	0.000120038	2.0608e-05
XM_026484170.3	2688	2508.9	8.64721	1.47981
XM_026484171.3	1328	1148.9	9.36322	3.49909
XM_026484172.3	825	645.98	107	71.1177
XM_026484173.3	864	684.98	10	6.26809
XM_026484175.3	1038	858.905	0	0
XM_026484176.3	806	626.98	15	10.2719
XM_026484177.3	2283	2103.9	10.7575	2.19532
XM_026484178.3	1906	1726.9	6.24251	1.55204
XM_026484179.2	559	380.018	0	0
XM_026484180.3	1484	1304.9	16	5.26447
XM_026484181.3	1301	1121.9	190	72.7128
XM_026484182.3	3135	2955.9	0	0
XM_026484183.3	3249	3069.9	0	0
XM_026484184.3	3032	2852.9	2	0.300993
XM_026484186.3	3858	3678.9	144	16.8057
XM_026484187.2	681	501.98	1046.91	895.437
XM_026484188.3	1056	876.905	32.999	16.1571
XM_026484189.3	4138	3958.9	0	0
XM_026484190.3	3281	3101.9	17	2.35306
XM_026484192.2	3544	3364.9	46	5.86946
XM_026484194.3	3334	3154.9	9	1.22481
XM_026484195.1	1386	1206.9	0	0
XM_026484197.3	1897	1717.9	0	0
XM_026484198.3	1954	1774.9	0	0
XM_026484199.3	3872	3692.9	0	0
XM_026484200.3	6057	5877.9	34.0756	2.48905
XM_026484201.3	3302	3122.9	8.92441	1.22697
XM_026484202.3	1498	1318.9	1	0.325537
XM_026484204.3	3420	3240.9	7.85521	1.04065
XM_026484205.3	3512	3332.9	3	0.386466
XM_026484208.3	935	755.98	0	0
XM_026484209.3	880	700.98	0	0
XM_026484210.3	883	703.98	0	0
XM_026484211.3	920	740.98	0	0
XM_026484213.3	3177	2997.9	12.7673	1.8285
XM_026484215.3	594	414.98	0.232707	0.240766
XM_026484216.3	963	783.905	0	0
XM_026484217.3	2235	2055.9	0	0
XM_026484221.3	6251	6071.9	2.14479	0.151661
XM_026484222.2	831	651.98	0	0
XM_026484225.3	3789	3609.9	7.9601	0.946752
XM_026484227.3	4859	4679.9	304.956	27.9778
XM_026484228.1	1164	984.905	0	0
XM_026484230.3	3773	3593.9	2	0.238933
XM_026484231.3	1941	1761.9	3	0.731059
XM_026484232.3	3424	3244.9	10.3737	1.37261
XM_026484233.3	655	475.98	0	0
XM_026484234.3	1878	1698.9	1	0.252723
XM_026484235.3	1699	1519.9	0	0
XM_026484236.3	1421	1241.9	0	0
XM_026484238.3	1085	905.905	0	0
XM_026484239.3	4111	3931.9	67.9128	7.41587
XM_026484240.3	16890	16710.9	4.06177	0.104359
XM_026484241.3	17221	17041.9	0	0
XM_026484244.3	5707	5527.9	0	0
XM_026484245.3	1472	1292.9	32.8625	10.9131
XM_026484246.3	1931	1751.9	2.67175	0.654785
XM_026484247.3	1322	1142.9	24.4658	9.19099
XM_026484248.3	1988	1808.9	3	0.712064
XM_026484249.3	4514	4334.9	144	14.2625
XM_026484250.3	2497	2317.9	9	1.6671
XM_026484252.3	5361	5181.9	2	0.165712
XM_026484253.3	4590	4410.9	0	0
XM_026484254.3	10659	10479.9	0.0184465	0.000755736
XM_026484255.3	10802	10622.9	12.845	0.519164
XM_026484257.3	4762	4582.9	1.62667e-05	1.52395e-06
XM_026484259.3	4657	4477.9	0	0
XM_026484260.3	7338	7158.9	0	0
XM_026484261.3	2877	2697.9	1.92345	0.306102
XM_026484263.3	9752	9572.9	0	0
XM_026484265.3	9665	9485.9	0	0
XM_026484268.3	9644	9464.9	26.3931	1.19726
XM_026484269.3	4449	4269.9	27	2.71493
XM_026484271.3	2874	2694.9	8.21574	1.30893
XM_026484273.3	546	367.056	96.7323	113.15
XM_026484274.3	929	749.98	1.26766	0.725716
XM_026484275.3	1466	1286.9	51	17.0152
XM_026484277.3	3961	3781.9	0	0
XM_026484278.3	2528	2348.9	0	0
XM_026484284.3	894	714.98	14	8.40712
XM_026484286.3	3208	3028.9	0	0
XM_026484289.3	3254	3074.9	5	0.698155
XM_026484290.3	3087	2907.9	40	5.906
XM_026484293.3	1581	1401.9	0	0
XM_026484294.3	2421	2241.9	3	0.574536
XM_026484296.3	2559	2379.9	30	5.41222
XM_026484297.3	1904	1724.9	38	9.45871
XM_026484299.3	1275	1095.9	0	0
XM_026484302.3	1608	1428.9	0	0
XM_026484303.3	1649	1469.9	49.7899	14.5434
XM_026484304.3	10897	10717.9	144.995	5.80838
XM_026484305.3	1431	1251.9	0	0
XM_026484306.3	11256	11076.9	0	0
XM_026484307.3	10883	10703.9	25.8548	1.03708
XM_026484308.3	2403	2223.9	63	12.1629
XM_026484309.3	10469	10289.9	53.8971	2.24889
XM_026484311.3	2074	1894.9	1817	411.7
XM_026484312.3	3673	3493.9	2.58221e-05	3.17318e-06
XM_026484313.3	1428	1248.9	26.1215	8.98013
XM_026484314.3	1165	985.905	21	9.1453
XM_026484315.3	5201	5021.9	155	13.2519
XM_026484316.3	6085	5905.9	22	1.59937
XM_026484318.3	1474	1294.9	7	2.32099
XM_026484320.3	4442	4262.9	68.0669	6.85557
XM_026484321.3	3223	3043.9	24	3.38527
XM_026484323.3	1263	1083.9	0	0
XM_026484325.2	8946	8766.9	22	1.07743
XM_026484328.3	4527	4347.9	15.9331	1.57338
XM_026484329.3	4436	4256.9	9	0.907741
XM_026484331.3	4146	3966.9	2	0.216467
XM_026484338.3	3756	3576.9	0	0
XM_026484341.3	2655	2475.9	0	0
XM_026484343.3	2124	1944.9	0	0
XM_026484345.3	2542	2362.9	0	0
XM_026484346.3	2538	2358.9	3.04844e-08	5.54856e-09
XM_026484347.3	2503	2323.9	9.04157	1.67047
XM_026484349.3	3545	3365.9	0	0
XM_026484350.3	2987	2807.9	6	0.91745
XM_026484351.3	2637	2457.9	0	0
XM_026484353.3	2463	2283.9	0	0
XM_026484355.3	2816	2636.9	0	0
XM_026484356.3	2587	2407.9	14	2.49633
XM_026484359.3	5732	5552.9	0	0
XM_026484361.3	2971	2791.9	6.18951	0.951851
XM_026484362.3	5161	4981.9	16.8105	1.44877
XM_026484364.3	2302	2122.9	5.17973	1.04759
XM_026484367.3	6949	6769.9	0	0
XM_026484368.3	7011	6831.9	0	0
XM_026484369.3	6903	6723.9	0	0
XM_026484371.2	3359	3179.9	7	0.945143
XM_026484372.3	2338	2158.9	0	0
XM_026484373.3	2361	2181.9	22	4.32913
XM_026484374.3	3706	3526.9	1	0.121736
XM_026484375.3	2170	1990.9	0	0
XM_026484377.3	6263	6083.9	0	0
XM_026484380.3	9873	9693.9	0	0
XM_026484381.3	8018	7838.9	0	0
XM_026484382.3	7978	7798.9	0	0
XM_026484385.3	7636	7456.9	6.74018e-05	3.88085e-06
XM_026484386.3	7639	7459.9	3.98754e-05	2.29502e-06
XM_026484387.3	9316	9136.9	19.9565	0.937774
XM_026484389.3	5622	5442.9	13.0058	1.02593
XM_026484390.3	5420	5240.9	0	0
XM_026484392.3	7359	7179.9	14.044	0.839818
XM_026484396.3	2841	2661.9	8.95601	1.44456
XM_026484399.3	3364	3184.9	6	0.80885
XM_026484400.3	6748	6568.9	0	0
XM_026484404.3	6666	6486.9	35.1124	2.324
XM_026484405.3	9846	9666.9	0	0
XM_026484406.3	9932	9752.9	0	0
XM_026484408.3	6939	6759.9	0	0
XM_026484409.3	6553	6373.9	11.4375	0.770438
XM_026484411.3	2261	2081.9	0	0
XM_026484413.3	13835	13655.9	0	0
XM_026484414.3	13732	13552.9	0	0
XM_026484415.3	13597	13417.9	3.43086	0.109782
XM_026484416.3	4190	4010.9	7.6596	0.819931
XM_026484419.3	3500	3320.9	15	1.93931
XM_026484420.2	3028	2848.9	0	0
XM_026484421.3	3633	3453.9	0	0
XM_026484423.3	4312	4132.9	0	0
XM_026484425.3	4243	4063.9	40	4.226
XM_026484429.3	1467	1287.9	0	0
XM_026484432.3	5057	4877.9	0	0
XM_026484434.3	3485	3305.9	0	0
XM_026484435.3	2790	2610.9	3	0.493337
XM_026484437.3	1644	1464.9	8.37695	2.45522
XM_026484438.3	1583	1403.9	30.5207	9.33405
XM_026484439.3	1665	1485.9	53.1024	15.3439
XM_026484440.3	2870	2690.9	0	0
XM_026484441.3	2875	2695.9	0	0
XM_026484443.3	2846	2666.9	9	1.44893
XM_026484444.3	2387	2207.9	0	0
XM_026484445.3	1988	1808.9	0	0
XM_026484446.2	1824	1644.9	0	0
XM_026484448.3	1789	1609.9	0	0
XM_026484449.3	3130	2950.9	14	2.03698
XM_026484450.3	3079	2899.9	0	0
XM_026484454.3	8087	7907.9	54.8916	2.98029
XM_026484455.3	4565	4385.9	12	1.17472
XM_026484456.3	7953	7773.9	1.10839	0.0612164
XM_026484457.3	1225	1045.9	0	0
XM_026484458.3	1213	1033.9	1.97006	0.818113
XM_026484459.3	870	690.98	23.4722	14.5848
XM_026484460.3	769	589.98	7.55773	5.50006
XM_026484464.3	8543	8363.9	0.000905216	4.64683e-05
XM_026484466.3	1080	900.905	5	2.38289
XM_026484467.3	1619	1439.9	210	62.618
XM_026484469.3	3859	3679.9	77.6847	9.06385
XM_026484470.3	1537	1357.9	1	0.316187
XM_026484471.3	1004	824.905	13	6.76633
XM_026484472.3	3917	3737.9	4	0.459457
XM_026484475.2	990	810.905	0	0
XM_026484476.2	975	795.905	0	0
XM_026484477.2	900	720.98	0	0
XM_026484478.3	3455	3275.9	65.06	8.527
XM_026484479.3	3542	3362.9	53.7543	6.86297
XM_026484481.3	1604	1424.9	1.14254e-05	3.44269e-06
XM_026484482.3	1591	1411.9	1.78788	0.543683
XM_026484483.3	1008	828.905	0	0
XM_026484490.3	995	815.905	4.21211	2.21653
XM_026484491.2	477	298.277	0	0
XM_026484492.3	1526	1346.9	275	87.6616
XM_026484495.2	756	576.98	0	0
XM_026484500.2	283	116.211	0	0
XM_026484501.3	935	755.98	3	1.70382
XM_026484502.3	1226	1046.9	0	0
XM_026484503.3	877	697.98	433	266.353
XM_026484504.3	2990	2810.9	7	1.06922
XM_026484506.3	1418	1238.9	90.1725	31.25
XM_026484507.3	1424	1244.9	52.8275	18.2195
XM_026484509.3	680	500.98	2.32724	1.9945
XM_026484510.3	572	392.98	736.285	804.431
XM_026484511.3	627	447.98	19.3875	18.5813
XM_026484512.3	2057	1877.9	115	26.2929
XM_026484513.3	562	382.98	0	0
XM_026484514.3	4705	4525.9	213.484	20.2523
XM_026484519.3	753	573.98	58	43.3855
XM_026484520.3	4773	4593.9	20	1.86922
XM_026484521.3	587	407.98	3	3.15715
XM_026484522.3	22588	22408.9	358.426	6.86739
XM_026484523.3	2390	2210.9	0	0
XM_026484524.3	584	404.98	0	0
XM_026484526.3	1652	1472.9	76	22.154
XM_026484527.2	394	216.524	0	0
XM_026484528.3	657	477.98	409.433	367.778
XM_026484532.3	568	388.98	0	0
XM_026484536.2	401	223.304	592	1138.25
XM_026484537.2	313	141.3	0	0
XM_026484538.3	4617	4437.9	2	0.193493
XM_026484539.3	1101	921.905	0	0
XM_026484540.2	1040	860.905	0	0
XM_026484541.3	10706	10526.9	311	12.6845
XM_026484542.3	774	594.98	0	0
XM_026484543.2	570	390.98	0	0
XM_026484545.3	9683	9503.9	74	3.34305
XM_026484547.3	1830	1650.9	0	0
XM_026484548.1	318	145.693	0	0
XM_026484549.3	618	438.98	0	0
XM_026484550.3	1347	1167.9	0	0
XM_026484551.3	1536	1356.9	0	0
XM_026484552.3	4852	4672.9	88	8.08554
XM_026484553.2	567	387.98	0	0
XM_026484557.2	1410	1230.9	0	0
XM_026484563.3	2340	2160.9	178.194	35.4055
XM_026484564.3	6678	6498.9	33.7047	2.22671
XM_026484565.3	2059	1879.9	84.8058	19.3688
XM_026484566.3	2686	2506.9	0	0
XM_026484571.3	2765	2585.9	0	0
XM_026484572.3	5847	5667.9	0	0
XM_026484573.3	5493	5313.9	57.0972	4.61333
XM_026484577.3	6703	6523.9	127.147	8.3678
XM_026484580.3	1568	1388.9	1	0.30913
XM_026484584.3	9178	8998.9	1.69808e-08	8.10183e-10
XM_026484586.3	9048	8868.9	3	0.145233
XM_026484587.2	954	774.905	1	0.554071
XM_026484588.3	12696	12516.9	0	0
XM_026484595.3	1146	966.905	0	0
XM_026484596.3	3134	2954.9	5	0.726507
XM_026484598.3	10854	10674.9	22.2054	0.893117
XM_026484600.3	6067	5887.9	9.43609	0.688089
XM_026484601.3	2912	2732.9	18.5639	2.91648
XM_026484602.3	2974	2794.9	0	0
XM_026484603.3	2705	2525.9	0	0
XM_026484605.3	5141	4961.9	62	5.36484
XM_026484607.3	1834	1654.9	0	0
XM_026484608.3	3867	3687.9	84.1535	9.79729
XM_026484609.3	1632	1452.9	4.84647	1.43219
XM_026484610.3	2203	2023.9	5	1.0607
XM_026484611.3	2103	1923.9	1	0.223167
XM_026484612.3	818	638.98	8	5.37546
XM_026484613.3	8283	8103.9	0	0
XM_026484614.3	7953	7773.9	18	0.994138
XM_026484616.3	1082	902.905	0	0
XM_026484617.3	9723	9543.9	68	3.05912
XM_026484618.3	3338	3158.9	0	0
XM_026484619.3	5778	5598.9	236	18.0977
XM_026484620.3	2531	2351.9	0	0
XM_026484621.3	5217	5037.9	0	0
XM_026484623.3	4954	4774.9	0	0
XM_026484624.3	4228	4048.9	26	2.75708
XM_026484625.3	4871	4691.9	46.7021	4.27367
XM_026484630.3	3694	3514.9	692	84.529
XM_026484631.3	4337	4157.9	0	0
XM_026484632.3	7748	7568.9	120.357	6.82736
XM_026484633.3	7745	7565.9	182.643	10.3647
XM_026484634.3	969	789.905	353	191.873
XM_026484635.3	2856	2676.9	1	0.160391
XM_026484640.3	1755	1575.9	0	0
XM_026484644.3	2776	2596.9	431.532	71.3461
XM_026484645.3	5792	5612.9	0	0
XM_026484646.3	841	661.98	0	0
XM_026484647.3	2796	2616.9	55	9.02377
XM_026484648.3	4914	4734.9	0	0
XM_026484649.3	2041	1861.9	40.7706	9.40163
XM_026484650.3	4297	4117.9	37.3257	3.89175
XM_026484651.3	4317	4137.9	8.26729	0.85782
XM_026484652.3	4620	4440.9	13.9869	1.35227
XM_026484656.3	2601	2421.9	6.99718	1.24045
XM_026484658.3	2897	2717.9	0	0
XM_026484659.3	2282	2102.9	0	0
XM_026484661.3	3393	3213.9	65.9525	8.81073
XM_026484663.3	3409	3229.9	752	99.9635
XM_026484664.3	4597	4417.9	0	0
XM_026484666.3	7977	7797.9	14.4626	0.796312
XM_026484667.3	7771	7591.9	45.573	2.57733
XM_026484669.3	4030	3850.9	0	0
XM_026484671.3	5934	5754.9	16	1.1937
XM_026484672.2	1428	1248.9	0	0
XM_026484673.3	4400	4220.9	40.0127	4.07011
XM_026484674.3	3935	3755.9	0.0266859	0.00305057
XM_026484675.3	4189	4009.9	21.9606	2.35139
XM_026484676.3	4887	4707.9	9	0.820783
XM_026484677.3	5607	5427.9	0	0
XM_026484678.3	5910	5730.9	0	0
XM_026484680.3	7976	7796.9	2.01573	0.111
XM_026484682.2	591	411.98	0	0
XM_026484683.3	3164	2984.9	1	0.143841
XM_026484684.3	1062	882.905	0	0
XM_026484689.3	636	456.98	1	0.939541
XM_026484690.3	7778	7598.9	15.7002	0.887091
XM_026484693.3	2727	2547.9	69	11.6273
XM_026484695.3	2846	2666.9	0	0
XM_026484697.3	3798	3618.9	8.3202e-05	9.87121e-06
XM_026484698.3	3781	3601.9	0.0387941	0.00462431
XM_026484699.3	3769	3589.9	3.02065	0.361269
XM_026484700.3	1222	1042.9	13	5.35195
XM_026484701.3	1350	1170.9	0	0
XM_026484702.3	3666	3486.9	0	0
XM_026484703.3	3646	3466.9	0	0
XM_026484704.3	2590	2410.9	0	0
XM_026484706.3	5430	5250.9	0	0
XM_026484707.3	5340	5160.9	72	5.98991
XM_026484710.3	3354	3174.9	0	0
XM_026484712.3	2586	2406.9	1.23866	0.220957
XM_026484713.3	1903	1723.9	19.1523	4.77003
XM_026484715.3	22379	22199.9	12.1833	0.235629
XM_026484716.3	3903	3723.9	16.5429	1.90733
XM_026484719.3	901	721.98	95.3802	56.7213
XM_026484721.3	3297	3117.9	1.75992	0.24235
XM_026484723.3	5597	5417.9	9.40122e-07	7.45017e-08
XM_026484724.3	5125	4945.9	0	0
XM_026484725.3	5594	5414.9	78	6.18468
XM_026484726.3	1800	1620.9	285	75.492
XM_026484729.3	2903	2723.9	12	1.89148
XM_026484730.3	5390	5210.9	96.1185	7.91968
XM_026484731.3	5399	5219.9	222.262	18.2817
XM_026484732.3	2418	2238.9	179.566	34.4352
XM_026484733.3	3842	3662.9	44.6407	5.23262
XM_026484734.3	2429	2249.9	0	0
XM_026484735.3	1262	1082.9	26.4337	10.4805
XM_026484737.3	1485	1305.9	0.00734673	0.00241544
XM_026484738.3	1479	1299.9	2.99265	0.988458
XM_026484745.3	1554	1374.9	0	0
XM_026484747.3	1701	1521.9	26.1871	7.38777
XM_026484750.2	1899	1719.9	2.38528	0.595455
XM_026484751.3	1546	1366.9	3.71392	1.16656
XM_026484752.3	2979	2799.9	9	1.38011
XM_026484755.3	750	570.98	0	0
XM_026484756.3	3972	3792.9	0	0
XM_026484757.3	4035	3855.9	0	0
XM_026484759.3	3915	3735.9	0	0
XM_026484765.3	3910	3730.9	40.2012	4.62635
XM_026484767.3	3600	3420.9	0	0
XM_026484768.3	3451	3271.9	0	0
XM_026484769.3	2196	2016.9	5	1.06438
XM_026484771.3	2491	2311.9	260.472	48.3732
XM_026484772.3	5069	4889.9	0	0
XM_026484773.3	5108	4928.9	230.433	20.0728
XM_026484775.3	4988	4808.9	11.7786	1.05163
XM_026484777.3	3801	3621.9	4.78851	0.567645
XM_026484778.3	950	770.905	38.7763	21.5963
XM_026484779.3	453	274.419	413	646.175
XM_026484780.3	5270	5090.9	0	0
XM_026484782.3	5271	5091.9	3.87719e-05	3.26927e-06
XM_026484783.3	5254	5074.9	1.73432e-05	1.46728e-06
XM_026484784.3	5249	5069.9	174.704	14.795
XM_026484785.3	5084	4904.9	0.0149006	0.00130433
XM_026484786.3	5147	4967.9	74.6781	6.45407
XM_026484787.3	10436	10256.9	0.301047	0.0126018
XM_026484792.3	10304	10124.9	0	0
XM_026484793.3	10220	10040.9	57.0335	2.43877
XM_026484794.3	10193	10013.9	0	0
XM_026484797.3	3075	2895.9	2	0.296524
XM_026484801.3	5856	5676.9	0	0
XM_026484802.3	3518	3338.9	7	0.900135
XM_026484803.3	3202	3022.9	0	0
XM_026484804.3	3170	2990.9	0	0
XM_026484805.3	5757	5577.9	0	0
XM_026484807.3	2004	1824.9	11	2.58801
XM_026484809.3	5300	5120.9	67	5.61748
XM_026484811.3	3333	3153.9	0	0
XM_026484812.3	3249	3069.9	7	0.979009
XM_026484813.3	3188	3008.9	5.65532	0.806979
XM_026484815.3	4270	4090.9	2	0.209906
XM_026484818.3	3937	3757.9	1.27042	0.145149
XM_026484819.3	979	799.905	2.72958	1.46511
XM_026484820.3	3210	3030.9	0	0
XM_026484821.3	2197	2017.9	0	0
XM_026484824.3	1755	1575.9	0	0
XM_026484825.3	1752	1572.9	0	0
XM_026484828.3	1734	1554.9	0	0
XM_026484829.3	2052	1872.9	23	5.27261
XM_026484830.3	2052	1872.9	23	5.27261
XM_026484832.3	2522	2342.9	16	2.9321
XM_026484833.3	927	747.98	0	0
XM_026484834.3	6468	6288.9	5.01981	0.342709
XM_026484835.3	11104	10924.9	0	0
XM_026484836.3	11073	10893.9	20.9513	0.825736
XM_026484838.3	11008	10828.9	7.23204	0.286741
XM_026484839.3	14224	14044.9	7.36404	0.225118
XM_026484840.3	11001	10821.9	16.8166	0.667189
XM_026484841.3	3122	2942.9	0	0
XM_026484842.3	3097	2917.9	89.3704	13.1503
XM_026484844.3	3113	2933.9	0	0
XM_026484846.3	3066	2886.9	88.6641	13.1865
XM_026484847.3	2754	2574.9	5.22165	0.870682
XM_026484848.3	755	575.98	34	25.3446
XM_026484850.3	3261	3081.9	1	0.139314
XM_026484853.3	1542	1362.9	0	0
XM_026484854.3	3798	3618.9	75	8.89811
XM_026484855.3	3788	3608.9	0	0
XM_026484857.3	2388	2208.9	11	2.13811
XM_026484859.3	2843	2663.9	0	0
XM_026484860.3	2232	2052.9	1597	334.002
XM_026484861.3	2080	1900.9	13.7747	3.11125
XM_026484862.3	2077	1897.9	0	0
XM_026484863.3	1942	1762.9	2.9303	0.713669
XM_026484864.3	1894	1714.9	0	0
XM_026484865.3	4909	4729.9	4.29503	0.389876
XM_026484867.3	2491	2311.9	34	6.31426
XM_026484869.3	5744	5564.9	0	0
XM_026484871.3	3081	2901.9	27.1284	4.01378
XM_026484872.3	3078	2898.9	0	0
XM_026484874.3	1256	1076.9	116	46.2481
XM_026484877.3	2351	2171.9	32.2372	6.3728
XM_026484878.3	1776	1596.9	0	0
XM_026484879.3	1703	1523.9	0	0
XM_026484881.3	10957	10777.9	2.48104e-06	9.88356e-08
XM_026484883.3	10931	10751.9	5.80085e-05	2.31643e-06
XM_026484886.3	1045	865.905	2.04828	1.01562
XM_026484887.3	10053	9873.9	0	0
XM_026484888.3	9905	9725.9	0.0115705	0.000510782
XM_026484890.3	9852	9672.9	14.4627	0.641956
XM_026484891.3	10026	9846.9	0	0
XM_026484893.3	9960	9780.9	0	0
XM_026484896.3	3529	3349.9	6.98732	0.895554
XM_026484898.3	5968	5788.9	0	0
XM_026484899.3	1747	1567.9	117	32.0391
XM_026484900.2	618	438.98	0	0
XM_026484901.3	3219	3039.9	0	0
XM_026484902.2	1983	1803.9	0	0
XM_026484906.3	5494	5314.9	5.57335e-08	4.5023e-09
XM_026484909.3	5348	5168.9	0.000554299	4.60425e-05
XM_026484911.3	6812	6632.9	13	0.841498
XM_026484913.3	6748	6568.9	0	0
XM_026484914.3	6673	6493.9	0	0
XM_026484916.3	5285	5105.9	0.00893667	0.000751479
XM_026484917.3	5354	5174.9	0	0
XM_026484918.3	5716	5536.9	0	0
XM_026484920.3	5259	5079.9	6.99106	0.590882
XM_026484928.3	5715	5535.9	0	0
XM_026484929.3	4077	3897.9	1.83619e-06	2.02255e-07
XM_026484932.3	4032	3852.9	6.99788	0.779815
XM_026484937.3	7488	7308.9	0.488616	0.0287031
XM_026484938.3	7704	7524.9	33.5114	1.91207
XM_026484940.3	4142	3962.9	0	0
XM_026484941.3	2992	2812.9	11.4618	1.74948
XM_026484943.3	3416	3236.9	3.53825	0.469323
XM_026484945.3	4872	4692.9	88	8.05108
XM_026484946.3	4371	4191.9	27	2.76545
XM_026484948.3	2728	2548.9	0.00931045	0.0015683
XM_026484949.3	2725	2545.9	0.0432932	0.00730114
XM_026484950.3	2717	2537.9	2.63109	0.445117
XM_026484951.3	2714	2534.9	12.3163	2.08609
XM_026484952.3	4218	4038.9	0	0
XM_026484953.3	2222	2042.9	0	0
XM_026484954.3	4186	4006.9	0	0
XM_026484955.3	3031	2851.9	16.1251	2.42762
XM_026484956.3	2552	2372.9	146.779	26.558
XM_026484957.3	2761	2581.9	0	0
XM_026484958.3	2534	2354.9	15.211	2.7733
XM_026484959.3	3131	2951.9	51	7.41791
XM_026484960.3	3748	3568.9	0.00359742	0.000432782
XM_026484964.3	3724	3544.9	23.9964	2.9064
XM_026484965.1	1734	1554.9	0	0
XM_026484967.3	1535	1355.9	0	0
XM_026484970.3	1856	1676.9	7	1.79227
XM_026484971.3	3008	2828.9	429	65.1107
XM_026484973.3	1731	1551.9	0	0
XM_026484974.2	1344	1164.9	0	0
XM_026484975.3	1526	1346.9	10.4008	3.31546
XM_026484978.3	1281	1101.9	2	0.779291
XM_026484980.3	1937	1757.9	45.5385	11.1223
XM_026484981.3	1763	1583.9	16.4615	4.46226
XM_026484987.3	2430	2250.9	0	0
XM_026484988.3	1992	1812.9	15.5344	3.67904
XM_026484989.3	2255	2075.9	6.46556	1.33725
XM_026484991.3	1049	869.905	0	0
XM_026484992.3	3628	3448.9	29.0299	3.61392
XM_026484993.3	3625	3445.9	0	0
XM_026484994.2	2738	2558.9	184	30.8729
XM_026484995.2	1211	1031.9	10.7865	4.48803
XM_026484996.2	1190	1010.9	0	0
XM_026484997.2	1154	974.905	25.2135	11.1041
XM_026484998.3	7664	7484.9	26.0903	1.4966
XM_026485002.3	940	760.905	20	11.2853
XM_026485003.3	2591	2411.9	88.0662	15.677
XM_026485005.3	2665	2485.9	0	0
XM_026485006.3	2400	2220.9	20.1809	3.90143
XM_026485007.3	1062	882.905	211.997	103.093
XM_026485008.3	7719	7539.9	0	0
XM_026485009.3	1060	880.905	134.003	65.313
XM_026485010.3	940	760.905	5184	2925.15
XM_026485012.2	843	663.98	8.43616	5.4551
XM_026485013.3	664	484.98	13.5638	12.008
XM_026485014.3	999	819.905	1	0.523661
XM_026485016.3	7774	7594.9	0	0
XM_026485017.2	1607	1427.9	0	0
XM_026485020.1	756	576.98	0	0
XM_026485021.3	2298	2118.9	1	0.202629
XM_026485022.3	4713	4533.9	7	0.662886
XM_026485023.3	3062	2882.9	270.835	40.3355
XM_026485024.3	973	793.905	47	25.4181
XM_026485027.3	1406	1226.9	19	6.649
XM_026485029.3	3951	3771.9	472	53.7273
XM_026485030.3	718	538.98	505	402.283
XM_026485031.3	818	638.98	0	0
XM_026485033.3	1205	1025.9	69	28.8772
XM_026485034.3	2258	2078.9	67	13.8374
XM_026485035.3	1301	1121.9	45	17.2215
XM_026485037.2	4384	4204.9	4	0.40843
XM_026485038.2	2325	2145.9	0	0
XM_026485039.3	885	705.98	0	0
XM_026485040.2	1560	1380.9	0	0
XM_026485041.2	1207	1027.9	0	0
XM_026485042.3	687	507.98	0	0
XM_026485043.3	10130	9950.9	76.9414	3.31979
XM_026485044.3	371	194.279	0	0
XM_026485046.3	798	618.98	0	0
XM_026485047.3	1023	843.905	0	0
XM_026485048.3	9994	9814.9	15.3361	0.670877
XM_026485049.2	1599	1419.9	0	0
XM_026485054.3	6817	6637.9	20	1.29364
XM_026485055.3	900	720.98	125	74.4389
XM_026485056.3	1992	1812.9	533.087	126.251
XM_026485057.2	1566	1386.9	0	0
XM_026485059.2	780	600.98	0	0
XM_026485061.3	2172	1992.9	0	0
XM_026485064.1	690	510.98	0	0
XM_026485066.3	4550	4370.9	2.79728	0.274775
XM_026485067.3	1056	876.905	1	0.489622
XM_026485068.3	3355	3175.9	40	5.40762
XM_026485069.3	13424	13244.9	152	4.92729
XM_026485071.2	708	528.98	0	0
XM_026485073.3	2392	2212.9	0	0
XM_026485075.3	2985	2805.9	14.8302	2.26928
XM_026485076.1	348	172.769	0	0
XM_026485077.2	921	741.98	0	0
XM_026485078.2	1434	1254.9	0	0
XM_026485080.2	554	375.018	0	0
XM_026485081.2	654	474.98	0	0
XM_026485082.3	555	376.018	0	0
XM_026485087.3	7400	7220.9	31.6373	1.88114
XM_026485088.3	1694	1514.9	12.3627	3.50381
XM_026485089.3	5195	5015.9	0	0
XM_026485090.3	6335	6155.9	23.8213	1.66145
XM_026485091.3	6332	6152.9	48.1787	3.36193
XM_026485092.3	6332	6152.9	2.76219e-07	1.92746e-08
XM_026485093.3	6329	6149.9	5.62769e-07	3.92894e-08
XM_026485094.3	6215	6035.9	0	0
XM_026485095.3	2288	2108.9	2	0.40718
XM_026485096.3	5004	4824.9	22.0365	1.96095
XM_026485098.3	3988	3808.9	0	0
XM_026485099.2	2391	2211.9	0	0
XM_026485102.3	2349	2169.9	1	0.197867
XM_026485106.3	3167	2987.9	33.3094	4.78644
XM_026485107.3	1133	953.905	201.847	90.8512
XM_026485108.3	1079	899.905	11.4894	5.4817
XM_026485110.3	1744	1564.9	34.6657	9.51098
XM_026485112.3	6390	6210.9	26.562	1.83619
XM_026485113.3	4732	4552.9	17	1.60315
XM_026485114.3	1247	1067.9	193.468	77.7839
XM_026485115.3	1207	1027.9	47.5322	19.854
XM_026485116.3	1726	1546.9	2.33671	0.648568
XM_026485117.3	1064	884.905	6.66329	3.233
XM_026485118.3	6272	6092.9	190.277	13.4084
XM_026485119.3	2733	2553.9	0	0
XM_026485120.3	4813	4633.9	77.5045	7.18114
XM_026485122.2	919	739.98	148	85.8727
XM_026485124.3	5668	5488.9	7.90484e-05	6.18331e-06
XM_026485125.3	5630	5450.9	0	0
XM_026485127.3	5499	5319.9	0	0
XM_026485128.3	5648	5468.9	0	0
XM_026485129.3	16140	15960.9	100.906	2.71441
XM_026485130.3	1765	1585.9	0	0
XM_026485131.3	488	309.217	0	0
XM_026485132.3	2059	1879.9	478	109.171
XM_026485133.3	1660	1480.9	7	2.02948
XM_026485134.3	1417	1237.9	0	0
XM_026485135.3	16209	16029.9	0.00147942	3.96253e-05
XM_026485137.2	2059	1879.9	0	0
XM_026485138.3	4518	4338.9	0	0
XM_026485139.3	4450	4270.9	218.067	21.9222
XM_026485140.2	4346	4166.9	57.9329	5.96932
XM_026485142.3	3006	2826.9	4	0.607522
XM_026485143.3	1990	1810.9	0	0
XM_026485146.3	2005	1825.9	0	0
XM_026485148.3	3388	3208.9	16.3881	2.19273
XM_026485149.3	7326	7146.9	0	0
XM_026485150.3	6896	6716.9	3.6479	0.233178
XM_026485151.3	1170	990.905	11.964	5.18393
XM_026485152.3	1114	934.905	13	5.97021
XM_026485153.3	1632	1452.9	2	0.591026
XM_026485155.3	3089	2909.9	0	0
XM_026485156.3	3247	3067.9	389	54.4404
XM_026485157.3	3340	3160.9	123.637	16.7939
XM_026485161.3	657	477.98	62	55.6923
XM_026485164.1	1968	1788.9	0	0
XM_026485165.3	1053	873.905	540	265.304
XM_026485166.3	8671	8491.9	15.8618	0.801977
XM_026485167.3	8665	8485.9	0	0
XM_026485168.3	8605	8425.9	0	0
XM_026485169.3	8967	8787.9	0	0
XM_026485170.3	7873	7693.9	28.2103	1.57425
XM_026485171.3	7868	7688.9	0	0
XM_026485172.3	7996	7816.9	0	0
XM_026485173.3	7807	7627.9	0	0
XM_026485174.3	3029	2849.9	55.4002	8.34631
XM_026485176.3	1470	1290.9	4	1.33039
XM_026485177.3	4083	3903.9	0	0
XM_026485178.3	1543	1363.9	0.489512	0.154097
XM_026485179.3	4267	4087.9	22.5105	2.36427
XM_026485181.3	4532	4352.9	84	8.2854
XM_026485182.3	7023	6843.9	10.3694	0.650525
XM_026485186.3	6774	6594.9	44.0512	2.86789
XM_026485187.3	5902	5722.9	0	0
XM_026485188.3	5668	5488.9	0	0
XM_026485190.3	1864	1684.9	0	0
XM_026485191.3	1780	1600.9	6.68819	1.79373
XM_026485192.3	1777	1597.9	8.64775	2.32362
XM_026485196.3	3943	3763.9	0	0
XM_026485197.3	11809	11629.9	154.529	5.70488
XM_026485198.3	11886	11706.9	37.8869	1.38951
XM_026485199.3	20953	20773.9	8.86259	0.183171
XM_026485200.3	11554	11374.9	115.738	4.3686
XM_026485201.3	2184	2004.9	0	0
XM_026485203.3	2048	1868.9	17.1049	3.92958
XM_026485204.3	3569	3389.9	50.3905	6.38227
XM_026485205.3	3456	3276.9	0	0
XM_026485206.3	3599	3419.9	6	0.75327
XM_026485207.3	3950	3770.9	8.51576	0.969597
XM_026485212.3	1162	982.905	27.4676	11.9984
XM_026485213.3	2615	2435.9	0	0
XM_026485214.3	2946	2766.9	0	0
XM_026485216.3	3390	3210.9	0	0
XM_026485217.3	3020	2840.9	9.50138	1.43596
XM_026485220.2	2229	2049.9	0	0
XM_026485221.2	2280	2100.9	0	0
XM_026485222.3	3096	2916.9	0.450229	0.0662711
XM_026485223.3	3092	2912.9	96.2236	14.183
XM_026485224.3	3066	2886.9	0	0
XM_026485225.3	3040	2860.9	26.3262	3.95091
XM_026485227.3	2929	2749.9	2	0.312267
XM_026485229.3	3299	3119.9	0	0
XM_026485233.3	2229	2049.9	34	7.12129
XM_026485234.3	2229	2049.9	0	0
XM_026485235.3	2262	2082.9	3.0224e-08	6.23012e-09
XM_026485236.3	2262	2082.9	0	0
XM_026485237.3	1374	1194.9	26	9.34229
XM_026485239.3	1733	1553.9	0.0527425	0.014573
XM_026485240.3	1464	1284.9	84	28.0687
XM_026485241.3	586	406.98	42	44.3087
XM_026485242.3	2349	2169.9	0	0
XM_026485243.3	750	570.98	7	5.26369
XM_026485244.3	491	312.186	23.3348	32.0926
XM_026485249.3	1475	1295.9	5	1.65657
XM_026485255.3	3290	3110.9	0	0
XM_026485260.3	6134	5954.9	3	0.216302
XM_026485262.3	2960	2780.9	0	0
XM_026485263.3	2888	2708.9	61.9283	9.81542
XM_026485264.3	2766	2586.9	0	0
XM_026485267.3	2845	2665.9	0	0
XM_026485268.3	2307	2127.9	0	0
XM_026485269.3	2415	2235.9	43.0717	8.27089
XM_026485270.3	2748	2568.9	0.000752392	0.000125751
XM_026485271.3	2726	2546.9	56.3649	9.50189
XM_026485274.3	1244	1064.9	0	0
XM_026485276.3	1958	1778.9	0	0
XM_026485277.3	2009	1829.9	0	0
XM_026485278.3	1959	1779.9	0	0
XM_026485280.2	587	407.98	0	0
XM_026485281.3	3538	3358.9	4.96599	0.634778
XM_026485282.3	3534	3354.9	13.9136	1.78063
XM_026485283.3	3233	3053.9	40.25	5.6588
XM_026485285.3	744	564.98	6	4.55965
XM_026485287.3	8583	8403.9	192.07	9.81278
XM_026485290.3	3518	3338.9	41	5.27222
XM_026485292.3	4296	4116.9	14.7234	1.5355
XM_026485294.3	10302	10122.9	0	0
XM_026485295.3	10042	9862.9	58	2.52486
XM_026485296.3	4011	3831.9	0	0
XM_026485301.3	1437	1257.9	0	0
XM_026485302.3	3024	2844.9	104	15.6956
XM_026485303.3	8319	8139.9	39.0902	2.06188
XM_026485308.2	3861	3681.9	13.3685	1.55892
XM_026485309.3	3256	3076.9	0	0
XM_026485310.3	5455	5275.9	0	0
XM_026485311.3	3827	3647.9	0	0
XM_026485312.2	906	726.98	0	0
XM_026485313.3	3964	3784.9	91.4066	10.369
XM_026485314.3	3942	3762.9	0.0204409	0.00233234
XM_026485315.3	4189	4009.9	0	0
XM_026485316.3	3923	3743.9	15.1167	1.73359
XM_026485317.3	6356	6176.9	40.8184	2.83725
XM_026485319.3	3255	3075.9	0	0
XM_026485321.3	3073	2893.9	6.99488	1.03779
XM_026485322.3	3034	2854.9	9.13124	1.37326
XM_026485323.3	3025	2845.9	53.1511	8.01873
XM_026485324.3	1779	1599.9	201	53.9406
XM_026485327.3	1336	1156.9	1	0.371121
XM_026485328.3	2936	2756.9	6	0.934422
XM_026485330.3	1665	1485.9	35.2345	10.181
XM_026485332.3	1631	1451.9	1.74608e-08	5.16344e-09
XM_026485333.3	826	646.98	7.93239e-06	5.26413e-06
XM_026485334.3	1339	1159.9	0	0
XM_026485336.2	392	214.567	2005	4012.03
XM_026485337.3	4043	3863.9	2.16511	0.240584
XM_026485338.3	1540	1360.9	4	1.26196
XM_026485339.3	1783	1603.9	0	0
XM_026485342.3	1041	861.905	509.997	254.052
XM_026485344.3	2116	1936.9	0.00140353	0.000311119
XM_026485346.3	2148	1968.9	0	0
XM_026485347.3	2102	1922.9	18.139	4.05013
XM_026485348.3	2623	2443.9	0	0
XM_026485349.3	2608	2428.9	0	0
XM_026485350.3	2545	2365.9	0.00273265	0.000495907
XM_026485351.3	2530	2350.9	10.9973	2.00846
XM_026485353.3	7401	7221.9	0	0
XM_026485354.3	7383	7203.9	19.5873	1.1674
XM_026485355.3	7531	7351.9	18.4574	1.07792
XM_026485356.3	7380	7200.9	37.9552	2.26307
XM_026485357.3	7384	7204.9	63	3.75427
XM_026485361.3	5310	5130.9	35.3738	2.96006
XM_026485362.3	5207	5027.9	0.00646168	0.000551788
XM_026485363.3	5210	5030.9	0.00291994	0.000249196
XM_026485366.3	2520	2340.9	4	0.733651
XM_026485368.3	4553	4373.9	16	1.57059
XM_026485369.3	1283	1103.9	108	42.0054
XM_026485370.3	448	269.446	61	97.2012
XM_026485371.3	2597	2417.9	65.3443	11.6033
XM_026485372.3	2725	2545.9	0	0
XM_026485374.3	2814	2634.9	0.403224	0.0657045
XM_026485376.3	2594	2414.9	27.9309	4.96591
XM_026485377.3	2513	2333.9	155.585	28.6218
XM_026485378.3	2510	2330.9	196.694	36.231
XM_026485379.3	2459	2279.9	0	0
XM_026485380.3	2372	2192.9	0	0
XM_026485382.3	789	609.98	37.5965	26.4634
XM_026485383.3	665	485.98	8.92225	7.88259
XM_026485384.3	584	404.98	858	909.634
XM_026485386.3	680	500.98	2	1.71405
XM_026485387.3	2022	1842.9	89.5393	20.8605
XM_026485388.3	2580	2400.9	6.46066	1.15535
XM_026485389.3	665	485.98	0	0
XM_026485390.3	705	525.98	0	0
XM_026485395.3	664	484.98	0	0
XM_026485398.3	614	434.98	2	1.97412
XM_026485402.3	513	334.091	27.2598	35.0325
XM_026485403.3	1189	1009.9	2.74024	1.16499
XM_026485404.3	510	331.091	169	219.156
XM_026485405.3	569	389.98	0	0
XM_026485406.3	440	261.551	0	0
XM_026485407.2	2508	2328.9	0	0
XM_026485408.2	595	415.98	0	0
XM_026485411.3	4692	4512.9	49	4.6618
XM_026485413.2	2406	2226.9	0	0
XM_026485421.3	1042	862.905	33	16.4197
XM_026485422.3	1092	912.905	0	0
XM_026485423.2	2508	2328.9	0	0
XM_026485424.3	3000	2820.9	77.9069	11.8577
XM_026485425.3	8165	7985.9	3.09464	0.166379
XM_026485426.3	7644	7464.9	0	0
XM_026485428.3	1223	1043.9	19.8071	8.14654
XM_026485429.3	7737	7557.9	0	0
XM_026485431.2	525	346.091	0	0
XM_026485432.2	2458	2278.9	0	0
XM_026485433.3	557	378.018	0.51964	0.590206
XM_026485435.3	499	320.091	0	0
XM_026485436.3	499	320.091	0	0
XM_026485437.3	479	300.247	0	0
XM_026485442.3	1404	1224.9	0	0
XM_026485450.3	3490	3310.9	2	0.259356
XM_026485451.3	4837	4657.9	0.0482299	0.00444569
XM_026485452.3	4834	4654.9	0.111805	0.0103125
XM_026485453.3	1685	1505.9	4.76552	1.35871
XM_026485454.3	925	745.98	24	13.8133
XM_026485456.3	7679	7499.9	22.8656	1.309
XM_026485457.3	5054	4874.9	0	0
XM_026485458.3	4758	4578.9	16.1507	1.5144
XM_026485460.2	1725	1545.9	0	0
XM_026485467.3	3915	3735.9	36	4.13733
XM_026485470.3	2377	2197.9	1	0.195346
XM_026485471.3	2453	2273.9	24	4.53161
XM_026485472.3	879	699.98	12	7.36053
XM_026485475.3	937	757.905	0	0
XM_026485476.3	882	702.98	191.69	117.077
XM_026485477.3	1330	1150.9	0	0
XM_026485478.3	918	738.98	35.6065	20.6876
XM_026485483.3	1225	1045.9	0	0
XM_026485485.3	6028	5848.9	0	0
XM_026485490.3	3389	3209.9	0	0
XM_026485491.3	3308	3128.9	7	0.960548
XM_026485493.3	3063	2883.9	15.9256	2.37098
XM_026485495.3	2842	2662.9	75	12.0926
XM_026485498.3	6025	5845.9	35.6831	2.62074
XM_026485501.3	2457	2277.9	8.00679	1.50916
XM_026485504.3	2245	2065.9	56.9932	11.8448
XM_026485506.3	1753	1573.9	0	0
XM_026485508.3	2763	2583.9	5	0.83082
XM_026485509.2	1296	1116.9	0	0
XM_026485510.3	2647	2467.9	0	0
XM_026485512.3	2644	2464.9	0	0
XM_026485513.3	2581	2401.9	15	2.68132
XM_026485514.3	2422	2242.9	0	0
XM_026485515.3	1501	1321.9	248	80.5499
XM_026485516.3	2693	2513.9	0	0
XM_026485517.3	2290	2110.9	28.577	5.81248
XM_026485519.3	2713	2533.9	0	0
XM_026485520.3	2638	2458.9	0	0
XM_026485522.3	2334	2154.9	4.42301	0.881258
XM_026485523.3	1485	1305.9	9.39216	3.08793
XM_026485525.3	1404	1224.9	29.8518	10.4636
XM_026485526.3	2807	2627.9	1.8433	0.301162
XM_026485527.3	1468	1288.9	0	0
XM_026485528.2	831	651.98	23	15.1463
XM_026485529.2	780	600.98	0	0
XM_026485531.2	204	61.3817	0	0
XM_026485535.3	7249	7069.9	104.367	6.33815
XM_026485536.3	7152	6972.9	41	2.52455
XM_026485537.3	894	714.98	0	0
XM_026485538.2	2651	2471.9	0	0
XM_026485540.2	528	349.091	0	0
XM_026485543.3	10490	10310.9	1.53047	0.0637297
XM_026485552.2	843	663.98	0	0
XM_026485553.3	8991	8811.9	235.621	11.4804
XM_026485554.3	8875	8695.9	0.543073	0.0268137
XM_026485555.3	8878	8698.9	213.893	10.5571
XM_026485556.2	8943	8763.9	0	0
XM_026485557.3	8692	8512.9	11.5409	0.582071
XM_026485559.3	1177	997.905	0	0
XM_026485561.3	494	315.154	422	574.913
XM_026485564.3	5404	5224.9	27	2.2187
XM_026485566.3	3650	3470.9	17.4848	2.16288
XM_026485567.3	1560	1380.9	0	0
XM_026485568.3	1923	1743.9	0	0
XM_026485570.3	1176	996.905	12	5.16822
XM_026485571.3	781	601.98	131.719	93.9465
XM_026485572.3	766	586.98	104.281	76.277
XM_026485573.3	1239	1059.9	349	141.375
XM_026485574.3	5493	5313.9	1.00059	0.0808454
XM_026485575.3	751	571.98	15.122	11.3512
XM_026485576.3	3485	3305.9	26	3.37673
XM_026485577.3	3457	3277.9	0	0
XM_026485578.3	3120	2940.9	11	1.60592
XM_026485580.3	2016	1836.9	5	1.16868
XM_026485582.1	666	486.98	0	0
XM_026485583.3	6398	6218.9	202.568	13.9852
XM_026485584.3	6335	6155.9	96.4357	6.72604
XM_026485590.3	2298	2118.9	33.1421	6.71556
XM_026485591.3	2091	1911.9	0	0
XM_026485592.3	4594	4414.9	3.57683	0.347848
XM_026485593.3	891	711.98	1.28104	0.77252
XM_026485594.3	6452	6272.9	0	0
XM_026485595.3	7943	7763.9	0	0
XM_026485602.3	3482	3302.9	0	0
XM_026485605.3	6617	6437.9	121.594	8.10924
XM_026485608.3	1917	1737.9	26	6.42334
XM_026485610.3	3483	3303.9	110	14.2948
XM_026485611.1	1107	927.905	0	0
XM_026485612.3	472	293.277	0	0
XM_026485613.3	3205	3025.9	68	9.64866
XM_026485616.3	3130	2950.9	6	0.87299
XM_026485617.3	7329	7149.9	48	2.8824
XM_026485618.3	1353	1173.9	16	5.85195
XM_026485625.3	3187	3007.9	83.4062	11.9055
XM_026485629.3	6983	6803.9	0	0
XM_026485638.3	7338	7158.9	0	0
XM_026485639.3	7364	7184.9	0	0
XM_026485645.3	7437	7257.9	0	0
XM_026485647.3	5071	4891.9	4	0.351071
XM_026485650.1	792	612.98	0	0
XM_026485651.3	3564	3384.9	1	0.126843
XM_026485652.3	3812	3632.9	157	18.5549
XM_026485653.3	6040	5860.9	63.1411	4.62552
XM_026485654.3	3765	3585.9	236.131	28.2727
XM_026485657.3	1614	1434.9	31.3225	9.37232
XM_026485658.3	1605	1425.9	15.7171	4.73255
XM_026485661.3	1628	1448.9	32	9.48252
XM_026485666.3	1396	1216.9	0	0
XM_026485667.3	9612	9432.9	44.5684	2.02859
XM_026485668.3	6692	6512.9	24.4119	1.60931
XM_026485669.3	14604	14424.9	1.00296e-08	2.98527e-10
XM_026485670.3	14488	14308.9	0.000377873	1.13384e-05
XM_026485671.3	14382	14202.9	6.18694	0.18703
XM_026485674.3	666	486.98	0	0
XM_026485678.3	6196	6016.9	429	30.6124
XM_026485679.3	3389	3209.9	26.9972	3.6111
XM_026485680.3	3287	3107.9	0.00279751	0.000386471
XM_026485681.3	3265	3085.9	0	0
XM_026485682.3	3698	3518.9	0	0
XM_026485683.3	3696	3516.9	0	0
XM_026485685.3	9513	9333.9	0	0
XM_026485687.3	3761	3581.9	0	0
XM_026485694.3	6147	5967.9	0	0
XM_026485695.3	5784	5604.9	0	0
XM_026485701.3	1587	1407.9	43	13.1132
XM_026485705.3	1700	1520.9	219	61.8238
XM_026485706.3	2657	2477.9	12	2.07927
XM_026485707.3	1364	1184.9	56	20.2917
XM_026485708.3	1126	946.905	0	0
XM_026485711.3	3720	3540.9	0.00166348	0.000201706
XM_026485712.3	3727	3547.9	76.8192	9.29632
XM_026485713.3	3908	3728.9	0	0
XM_026485714.3	4447	4267.9	0	0
XM_026485717.3	4104	3924.9	0	0
XM_026485720.3	1287	1107.9	64.7919	25.1091
XM_026485721.3	3469	3289.9	35.4631	4.62814
XM_026485722.3	1979	1799.9	53.7345	12.8179
XM_026485723.3	1947	1767.9	1.87686	0.455812
XM_026485725.3	1521	1341.9	24.7796	7.92842
XM_026485726.3	13700	13520.9	634.073	20.1348
XM_026485727.3	4138	3958.9	69.7088	7.56007
XM_026485728.3	4118	3938.9	0	0
XM_026485730.3	4169	3989.9	0	0
XM_026485733.3	4024	3844.9	0	0
XM_026485734.3	4345	4165.9	19	1.9582
XM_026485735.3	1586	1406.9	3	0.915525
XM_026485736.3	2777	2597.9	12.7546	2.10793
XM_026485737.3	4165	3985.9	3	0.323153
XM_026485738.3	1275	1095.9	0	0
XM_026485739.3	3816	3636.9	0	0
XM_026485740.3	585	405.98	2438	2578.35
XM_026485744.3	6877	6697.9	0	0
XM_026485745.3	2363	2183.9	0	0
XM_026485746.3	2587	2407.9	42	7.48899
XM_026485748.3	1182	1002.9	0	0
XM_026485750.3	7810	7630.9	3	0.168795
XM_026485751.2	1002	822.905	0	0
XM_026485752.3	13790	13610.9	10.1839	0.32125
XM_026485753.3	2766	2586.9	40	6.63885
XM_026485755.3	6603	6423.9	0	0
XM_026485756.3	6541	6361.9	0	0
XM_026485757.3	6532	6352.9	0	0
XM_026485760.3	6417	6237.9	309.622	21.3112
XM_026485762.3	4476	4296.9	4.97224	0.496832
XM_026485765.3	962	782.905	0	0
XM_026485766.2	864	684.98	3	1.88043
XM_026485767.3	840	660.98	0	0
XM_026485770.3	1485	1305.9	0	0
XM_026485775.3	7344	7164.9	5.62218e-06	3.36905e-07
XM_026485776.3	7278	7098.9	1.9356e-07	1.17068e-08
XM_026485777.2	2431	2251.9	163.369	31.1482
XM_026485778.3	2416	2236.9	0	0
XM_026485779.2	1934	1754.9	104.885	25.661
XM_026485780.2	1677	1497.9	6.11511	1.7528
XM_026485782.3	525	346.091	0	0
XM_026485783.2	870	690.98	0	0
XM_026485784.2	1014	834.905	0	0
XM_026485785.3	4932	4752.9	184.085	16.6293
XM_026485786.3	4819	4639.9	63.9148	5.91433
XM_026485789.3	6536	6356.9	0	0
XM_026485790.3	5878	5698.9	0.168806	0.0127177
XM_026485793.3	4778	4598.9	196.072	18.3052
XM_026485794.2	1425	1245.9	0	0
XM_026485795.3	4706	4526.9	4	0.379378
XM_026485802.3	6021	5841.9	0	0
XM_026485803.3	2524	2344.9	0	0
XM_026485804.3	2011	1831.9	0	0
XM_026485805.3	1837	1657.9	45.4623	11.7735
XM_026485806.3	1846	1666.9	58.5377	15.0778
XM_026485807.3	7994	7814.9	16.3082	0.895976
XM_026485808.3	4633	4453.9	3	0.289197
XM_026485809.3	2293	2113.9	3.90944	0.794041
XM_026485810.3	5015	4835.9	226	20.0652
XM_026485811.2	987	807.905	0	0
XM_026485812.2	1098	918.905	0	0
XM_026485813.3	3789	3609.9	0	0
XM_026485814.3	530	351.091	21	25.6811
XM_026485815.3	1813	1633.9	1820.02	478.258
XM_026485816.3	11622	11442.9	65.0859	2.4421
XM_026485817.3	3368	3188.9	7	0.942475
XM_026485819.3	1049	869.905	11	5.42918
XM_026485820.3	1030	850.905	0	0
XM_026485821.3	4440	4260.9	0	0
XM_026485822.3	4114	3934.9	27.6365	3.01552
XM_026485823.3	3876	3696.9	0	0
XM_026485824.3	3329	3149.9	79	10.7682
XM_026485825.3	920	740.98	3616	2095.25
XM_026485827.3	7999	7819.9	5.16989	0.283853
XM_026485828.3	5195	5015.9	0	0
XM_026485833.3	1221	1041.9	47	19.3679
XM_026485834.3	2627	2447.9	1	0.175396
XM_026485835.3	4078	3898.9	51.257	5.64448
XM_026485836.3	3984	3804.9	5.89914e-08	6.65669e-09
XM_026485837.3	3983	3803.9	89.5884	10.112
XM_026485838.3	3908	3728.9	52.1546	6.00516
XM_026485840.3	540	361.056	0	0
XM_026485841.3	2036	1856.9	0.108124	0.0250003
XM_026485842.3	2033	1853.9	0.891876	0.206553
XM_026485843.3	8457	8277.9	245.405	12.7285
XM_026485844.3	1890	1710.9	7	1.75665
XM_026485861.3	1950	1770.9	18	4.36406
XM_026485862.3	1324	1144.9	13	4.87514
XM_026485863.3	8322	8142.9	550.487	29.0256
XM_026485864.3	2324	2144.9	0	0
XM_026485865.3	6050	5870.9	0	0
XM_026485866.3	6005	5825.9	0	0
XM_026485867.3	5905	5725.9	34	2.54946
XM_026485868.3	900	720.98	0	0
XM_026485869.3	6498	6318.9	75.9438	5.16017
XM_026485870.3	8624	8444.9	0	0
XM_026485872.3	5291	5111.9	1	0.0839906
XM_026485873.3	5431	5251.9	0	0
XM_026485879.3	11197	11017.9	76.6226	2.98587
XM_026485882.3	2997	2817.9	2	0.304731
XM_026485886.3	8280	8100.9	43.8325	2.32314
XM_026485887.3	8166	7986.9	48.1675	2.58934
XM_026485894.3	2524	2344.9	52.3167	9.57918
XM_026485912.3	1326	1146.9	3	1.12307
XM_026485913.3	6887	6707.9	69	4.41647
XM_026485914.3	6822	6642.9	0	0
XM_026485915.3	6675	6495.9	0	0
XM_026485916.3	7105	6925.9	0	0
XM_026485917.3	4854	4674.9	220	20.2052
XM_026485920.3	6671	6491.9	4.16488	0.27545
XM_026485922.3	6341	6161.9	13.9696	0.973381
XM_026485926.3	2934	2754.9	0	0
XM_026485927.3	2868	2688.9	8	1.2774
XM_026485928.3	3699	3519.9	0	0
XM_026485935.3	8678	8498.9	7.56125	0.381983
XM_026485944.3	1763	1583.9	0	0
XM_026485946.3	4130	3950.9	55	5.97695
XM_026485948.3	1571	1391.9	183	56.4488
XM_026485951.3	1954	1774.9	0	0
XM_026485958.3	3749	3569.9	20	2.4054
XM_026485962.3	9020	8840.9	4.3832	0.212867
XM_026485963.3	7003	6823.9	13.613	0.856512
XM_026485964.3	3063	2883.9	5.19877	0.773985
XM_026485966.3	10756	10576.9	67.7094	2.74855
XM_026485967.3	7719	7539.9	0.392786	0.0223668
XM_026485973.3	1408	1228.9	71	24.8058
XM_026485976.3	3187	3007.9	0	0
XM_026485977.3	3278	3098.9	0	0
XM_026485986.3	3072	2892.9	46	6.82711
XM_026485997.3	2571	2391.9	0	0
XM_026485998.3	2568	2388.9	0	0
XM_026485999.3	7271	7091.9	0	0
XM_026486001.3	7168	6988.9	2	0.122867
XM_026486003.3	898	718.98	294.214	175.695
XM_026486007.3	2185	2005.9	278	59.5042
XM_026486014.3	4789	4609.9	36	3.35293
XM_026486015.3	3973	3793.9	81	9.16668
XM_026486018.3	4527	4347.9	0	0
XM_026486022.3	4523	4343.9	0	0
XM_026486023.3	4522	4342.9	0	0
XM_026486024.3	4520	4340.9	0	0
XM_026486025.3	4519	4339.9	0	0
XM_026486026.3	4519	4339.9	0	0
XM_026486027.3	4515	4335.9	0	0
XM_026486028.3	3086	2906.9	10	1.47701
XM_026486029.3	2839	2659.9	0	0
XM_026486030.3	2886	2706.9	0	0
XM_026486036.3	1190	1010.9	0	0
XM_026486037.3	4491	4311.9	2.38018e-07	2.37003e-08
XM_026486042.3	4615	4435.9	72.4748	7.01485
XM_026486043.3	3679	3499.9	8.52521	1.04583
XM_026486044.3	14950	14770.9	125	3.63343
XM_026486046.3	2455	2275.9	0	0
XM_026486047.3	2393	2213.9	21.9672	4.26019
XM_026486050.3	2479	2299.9	15.3153	2.8591
XM_026486053.3	2829	2649.9	9	1.45823
XM_026486055.2	2817	2637.9	14.9385	2.43143
XM_026486056.2	2777	2597.9	57.0615	9.43047
XM_026486057.3	7765	7585.9	9.29847	0.526281
XM_026486059.3	7351	7171.9	1.29457	0.0775003
XM_026486060.3	1632	1452.9	136.728	40.4049
XM_026486062.3	4203	4023.9	0	0
XM_026486063.3	4131	3951.9	2	0.217289
XM_026486067.3	12931	12751.9	0	0
XM_026486069.3	12835	12655.9	0	0
XM_026486070.3	5792	5612.9	8.30137e-06	6.35003e-07
XM_026486074.3	7091	6911.9	1424.63	88.4951
XM_026486075.3	6216	6036.9	12.8426	0.913378
XM_026486076.3	6553	6373.9	0	0
XM_026486077.3	1499	1319.9	4	1.30116
XM_026486078.3	1496	1316.9	0	0
XM_026486081.2	4755	4575.9	143.933	13.5051
XM_026486084.3	6273	6093.9	0.886801	0.0624805
XM_026486087.3	5206	5026.9	19.5887	1.67308
XM_026486091.3	6292	6112.9	23	1.61545
XM_026486092.3	4589	4409.9	0.0636939	0.00620129
XM_026486093.3	4634	4454.9	0	0
XM_026486096.3	1125	945.905	7.35504	3.3385
XM_026486097.2	1868	1688.9	3	0.762658
XM_026486099.3	933	753.98	0	0
XM_026486100.3	1728	1548.9	0	0
XM_026486102.3	1008	828.905	0	0
XM_026486103.3	1191	1011.9	0	0
XM_026486104.2	992	812.905	0	0
XM_026486105.3	954	774.905	0	0
XM_026486106.2	954	774.905	0	0
XM_026486107.3	1409	1229.9	0	0
XM_026486108.3	6199	6019.9	1024	73.0338
XM_026486114.2	1109	929.905	2411	1113.2
XM_026486115.3	1552	1372.9	0	0
XM_026486116.3	3412	3232.9	8.0725	1.07208
XM_026486118.3	5720	5540.9	58.8536	4.56043
XM_026486120.3	3406	3226.9	16.931	2.25273
XM_026486121.3	3370	3190.9	3.27361	0.44048
XM_026486122.3	3364	3184.9	7.03789	0.948767
XM_026486124.3	3839	3659.9	0	0
XM_026486125.3	1589	1409.9	1	0.304526
XM_026486126.3	3344	3164.9	44.5082	6.038
XM_026486127.3	4073	3893.9	45.8707	5.05783
XM_026486128.3	1052	872.905	59	29.0201
XM_026486130.3	3722	3542.9	15	1.8178
XM_026486132.3	3323	3143.9	2	0.273133
XM_026486133.3	1759	1579.9	114	30.9804
XM_026486135.3	700	520.98	56	46.1509
XM_026486136.3	4243	4063.9	36	3.8034
XM_026486140.3	3343	3163.9	0	0
XM_026486143.1	933	753.98	0	0
XM_026486144.3	3418	3238.9	38	5.03731
XM_026486145.3	951	771.905	0	0
XM_026486146.2	945	765.905	0	0
XM_026486147.3	945	765.905	0	0
XM_026486149.2	1057	877.905	0	0
XM_026486150.3	1929	1749.9	0	0
XM_026486152.3	1068	888.905	0	0
XM_026486153.3	1179	999.905	0	0
XM_026486154.1	924	744.98	0	0
XM_026486155.3	2585	2405.9	3.6706	0.655046
XM_026486156.3	9513	9333.9	1.13249e-06	5.20938e-08
XM_026486157.2	984	804.905	0	0
XM_026486159.2	6300	6120.9	0	0
XM_026486161.2	6269	6089.9	19	1.33954
XM_026486163.3	1269	1089.9	0.337174	0.132825
XM_026486165.2	5817	5637.9	0	0
XM_026486166.3	7506	7326.9	1	0.0585994
XM_026486173.3	948	768.905	0	0
XM_026486174.3	2700	2520.9	0	0
XM_026486175.3	2689	2509.9	0	0
XM_026486176.3	2769	2589.9	46.0495	7.63404
XM_026486177.3	2711	2531.9	23	3.90026
XM_026486179.3	2895	2715.9	22.3726	3.53683
XM_026486180.3	2892	2712.9	22.6274	3.58108
XM_026486181.3	1263	1083.9	726.846	287.915
XM_026486183.1	957	777.905	0	0
XM_026486184.3	10540	10360.9	34	1.40895
XM_026486185.3	3939	3759.9	19	2.16965
XM_026486186.3	5245	5065.9	2	0.169507
XM_026486188.3	15560	15380.9	16	0.446634
XM_026486189.3	5416	5236.9	14	1.1478
XM_026486190.3	3158	2978.9	11	1.58544
XM_026486197.3	11656	11476.9	45	1.68345
XM_026486198.3	1956	1776.9	0	0
XM_026486199.2	945	765.905	0	0
XM_026486200.3	2075	1895.9	0	0
XM_026486201.3	1011	831.905	0	0
XM_026486202.2	2079	1899.9	0	0
XM_026486203.3	966	786.905	0	0
XM_026486204.3	2539	2359.9	2	0.363872
XM_026486211.2	2001	1821.9	0	0
XM_026486216.3	2926	2746.9	0	0
XM_026486217.3	1086	906.905	1	0.473426
XM_026486218.3	2728	2548.9	0	0
XM_026486219.3	1620	1440.9	0	0
XM_026486220.3	2263	2083.9	75	15.4524
XM_026486221.3	1621	1441.9	0	0
XM_026486222.3	3296	3116.9	24	3.30599
XM_026486224.3	2109	1929.9	0	0
XM_026486225.3	2663	2483.9	1.28718	0.222494
XM_026486226.3	2915	2735.9	21.7128	3.40744
XM_026486227.3	887	707.98	0	0
XM_026486229.3	918	738.98	114	66.2347
XM_026486230.3	4290	4110.9	16	1.67108
XM_026486231.3	5310	5130.9	0.0110935	0.000928303
XM_026486232.3	4572	4392.9	66.1646	6.46677
XM_026486233.3	4582	4402.9	30.8354	3.00694
XM_026486234.3	1011	831.905	0	0
XM_026486235.2	894	714.98	0	0
XM_026486236.3	3265	3085.9	58	8.06973
XM_026486239.3	8824	8644.9	0	0
XM_026486240.3	8415	8235.9	0	0
XM_026486243.3	24037	23857.9	10.4646	0.188324
XM_026486245.3	8370	8190.9	0	0
XM_026486248.3	16999	16819.9	16.9621	0.432982
XM_026486252.3	7927	7747.9	37	2.05036
XM_026486253.2	1107	927.905	0	0
XM_026486256.3	1905	1725.9	41.5894	10.3462
XM_026486258.3	2371	2191.9	2	0.391762
XM_026486259.3	7966	7786.9	3.17444	0.175031
XM_026486260.3	3913	3733.9	37.6039	4.32398
XM_026486261.3	3824	3644.9	14.2969	1.68411
XM_026486263.3	3584	3404.9	0	0
XM_026486264.3	1936	1756.9	5	1.2219
XM_026486265.3	3209	3029.9	605	85.7314
XM_026486266.3	1893	1713.9	77	19.2893
XM_026486267.3	4681	4501.9	39.1518	3.73396
XM_026486268.3	6720	6540.9	0	0
XM_026486269.3	7188	7008.9	2.84816	0.174473
XM_026486270.3	3037	2857.9	12.4748	1.87412
XM_026486271.3	2808	2628.9	0.525226	0.0857798
XM_026486272.3	1067	887.905	32.3884	15.6616
XM_026486273.3	1606	1426.9	9.61156	2.89209
XM_026486275.3	3041	2861.9	104	15.6024
XM_026486276.3	5513	5333.9	85.8254	6.9085
XM_026486277.2	4980	4800.9	1.00013	0.0894431
XM_026486278.3	1495	1315.9	124.818	40.7254
XM_026486279.3	1390	1210.9	47.1823	16.7295
XM_026486280.3	1650	1470.9	6.20771	1.81201
XM_026486281.3	1432	1252.9	9.79229	3.35567
XM_026486287.3	1541	1361.9	0	0
XM_026486292.3	4005	3825.9	143	16.0478
XM_026486293.3	1839	1659.9	0	0
XM_026486295.3	1699	1519.9	4.21386	1.19036
XM_026486296.3	4286	4106.9	10.5576	1.10373
XM_026486297.3	711	531.98	10.3812	8.37844
XM_026486298.2	676	496.98	14.6188	12.6295
XM_026486301.3	2906	2726.9	1.24634	0.196237
XM_026486303.3	718	538.98	1.75366	1.39696
XM_026486304.3	5709	5529.9	42	3.26096
XM_026486305.2	1089	909.905	0	0
XM_026486306.3	8078	7898.9	7.89457	0.429117
XM_026486307.3	6571	6391.9	0	0
XM_026486309.3	4484	4304.9	112	11.1704
XM_026486310.3	6074	5894.9	58.3314	4.24853
XM_026486311.3	7980	7800.9	7.77404	0.427873
XM_026486312.3	5390	5210.9	125.601	10.3489
XM_026486313.3	7029	6849.9	25.3986	1.59198
XM_026486316.3	3357	3177.9	32	4.32337
XM_026486318.3	3396	3216.9	56	7.47418
XM_026486319.3	7818	7638.9	120.812	6.79037
XM_026486320.3	3335	3155.9	0	0
XM_026486322.3	3225	3045.9	7	0.986723
XM_026486326.2	5525	5345.9	16	1.28503
XM_026486328.3	1934	1754.9	100	24.4658
XM_026486332.3	1044	864.905	3	1.48925
XM_026486335.3	1419	1239.9	0	0
XM_026486337.3	626	446.98	70.8253	68.032
XM_026486338.2	1384	1204.9	0	0
XM_026486339.3	819	639.98	4.17471	2.80074
XM_026486340.3	7224	7044.9	2.91639	0.17774
XM_026486341.3	7221	7041.9	5.08445	0.310004
XM_026486343.3	4096	3916.9	103.049	11.2957
XM_026486344.3	3960	3780.9	69.9511	7.9435
XM_026486347.3	3827	3647.9	0	0
XM_026486348.3	3706	3526.9	0	0
XM_026486349.3	3448	3268.9	0	0
XM_026486350.3	1549	1369.9	1	0.313417
XM_026486352.3	1638	1458.9	26	7.65173
XM_026486354.3	1144	964.905	60.2385	26.8042
XM_026486355.3	1290	1110.9	2.76146	1.06727
XM_026486356.3	3898	3718.9	24	2.77083
XM_026486357.3	3147	2967.9	0	0
XM_026486358.3	3124	2944.9	0	0
XM_026486359.3	3390	3210.9	12	1.6046
XM_026486360.3	2916	2736.9	0	0
XM_026486361.3	2613	2433.9	0	0
XM_026486363.3	904	724.98	440	260.579
XM_026486367.3	3407	3227.9	6.98354	0.928898
XM_026486377.3	1125	945.905	3	1.36172
XM_026486378.3	2164	1984.9	14	3.02832
XM_026486379.3	2413	2233.9	93	17.8744
XM_026486380.3	3630	3450.9	195.34	24.3036
XM_026486381.3	3623	3443.9	28.6602	3.57307
XM_026486383.3	3390	3210.9	104	13.9065
XM_026486385.3	2293	2113.9	44.9976	9.13939
XM_026486386.3	2451	2271.9	0	0
XM_026486387.3	3026	2846.9	1	0.150814
XM_026486388.3	2353	2173.9	0	0
XM_026486390.3	4964	4784.9	7	0.628114
XM_026486391.3	1267	1087.9	47	18.549
XM_026486392.3	1993	1813.9	16	3.78721
XM_026486393.3	4795	4615.9	50	4.65079
XM_026486395.3	1032	852.905	0	0
XM_026486396.3	941	761.905	0	0
XM_026486398.3	927	747.98	1	0.574015
XM_026486400.2	846	666.98	0	0
XM_026486407.3	2595	2415.9	0	0
XM_026486408.3	756	576.98	0	0
XM_026486409.3	2209	2029.9	0	0
XM_026486411.2	1023	843.905	1	0.508768
XM_026486412.3	3434	3254.9	3	0.395728
XM_026486413.3	2151	1971.9	0	0
XM_026486414.3	2001	1821.9	9	2.12095
XM_026486415.3	3495	3315.9	0	0
XM_026486416.3	1969	1789.9	19.3864	4.65029
XM_026486418.3	1744	1564.9	0	0
XM_026486420.3	2495	2315.9	0	0
XM_026486421.3	1445	1265.9	0.57088	0.193623
XM_026486423.3	2724	2544.9	0	0
XM_026486424.3	1330	1150.9	0	0
XM_026486426.3	949	769.905	174	97.0344
XM_026486427.3	4541	4361.9	0	0
XM_026486428.3	2907	2727.9	0	0
XM_026486429.3	4652	4472.9	22.2204	2.13293
XM_026486430.3	4613	4433.9	0	0
XM_026486431.3	4532	4352.9	11.6684	1.15092
XM_026486433.3	4295	4115.9	26.7494	2.79037
XM_026486434.3	4001	3821.9	7.13755	0.801831
XM_026486436.3	669	489.98	2	1.75253
XM_026486438.3	1729	1549.9	0	0
XM_026486439.3	945	765.905	3	1.68174
XM_026486441.3	5664	5484.9	0	0
XM_026486442.2	846	666.98	0	0
XM_026486443.2	1678	1498.9	0	0
XM_026486444.2	603	423.98	0	0
XM_026486445.3	1335	1155.9	254.222	94.4289
XM_026486446.3	1200	1020.9	24.7778	10.4206
XM_026486447.3	4183	4003.9	0	0
XM_026486448.3	5600	5420.9	60	4.75218
XM_026486450.3	2622	2442.9	46.7609	8.21844
XM_026486453.3	2651	2471.9	10.6628	1.85205
XM_026486455.3	2670	2490.9	0	0
XM_026486457.3	2600	2420.9	27.3329	4.84754
XM_026486458.3	699	519.98	61	50.3682
XM_026486459.3	2141	1961.9	39	8.53493
XM_026486460.3	1761	1581.9	6	1.62849
XM_026486461.3	1461	1281.9	72.664	24.3376
XM_026486462.3	1022	842.905	20.5583	10.4718
XM_026486463.3	1046	866.905	0	0
XM_026486464.3	716	536.98	116	92.7498
XM_026486465.3	930	750.98	0	0
XM_026486466.3	4967	4787.9	21	1.88316
XM_026486467.3	5270	5090.9	0	0
XM_026486468.3	5069	4889.9	0	0
XM_026486469.2	930	750.98	0	0
XM_026486470.3	7309	7129.9	558	33.6019
XM_026486471.2	852	672.98	0	0
XM_026486473.3	3152	2972.9	8.46814	1.22298
XM_026486476.3	2904	2724.9	6.22414	0.980711
XM_026486482.3	3047	2867.9	0	0
XM_026486483.3	2205	2025.9	84.6669	17.9435
XM_026486484.3	2900	2720.9	25.5313	4.02878
XM_026486486.3	1687	1507.9	6.80762	1.93836
XM_026486487.3	2545	2365.9	0	0
XM_026486490.3	1893	1713.9	0	0
XM_026486491.3	2910	2730.9	70	11.0054
XM_026486493.3	3714	3534.9	10	1.21461
XM_026486500.3	3386	3206.9	0	0
XM_026486501.3	3462	3282.9	66	8.63175
XM_026486505.3	5044	4864.9	8.00638	0.706603
XM_026486506.3	2632	2452.9	0	0
XM_026486507.3	2627	2447.9	0	0
XM_026486508.3	2577	2397.9	0.816622	0.146219
XM_026486509.3	2253	2073.9	0	0
XM_026486512.3	2376	2196.9	0	0
XM_026486513.3	39762	39582.9	0	0
XM_026486514.3	2007	1827.9	3	0.704662
XM_026486517.3	1710	1530.9	0	0
XM_026486518.3	8045	7865.9	6	0.327504
XM_026486519.3	3387	3207.9	0	0
XM_026486520.3	3509	3329.9	0	0
XM_026486521.3	3366	3186.9	157.324	21.1953
XM_026486522.3	3362	3182.9	26.6804	3.599
XM_026486526.3	8210	8030.9	1	0.0534625
XM_026486527.3	5132	4952.9	67	5.80802
XM_026486528.3	3768	3588.9	29	3.46936
XM_026486529.3	31099	30919.9	0.0278747	0.000387067
XM_026486530.3	1742	1562.9	0	0
XM_026486531.3	3090	2910.9	0	0
XM_026486536.3	1151	971.905	26.3334	11.6331
XM_026486538.3	7129	6949.9	13	0.803115
XM_026486541.3	2608	2428.9	35	6.18687
XM_026486542.3	2601	2421.9	0	0
XM_026486543.3	2602	2422.9	0	0
XM_026486544.3	4579	4399.9	0	0
XM_026486545.3	4146	3966.9	0	0
XM_026486546.3	4449	4269.9	0	0
XM_026486547.3	4258	4078.9	5	0.526308
XM_026486548.3	31082	30902.9	0.057135	0.00079381
XM_026486549.3	6788	6608.9	0	0
XM_026486551.2	942	762.905	0	0
XM_026486558.3	2917	2737.9	37.2654	5.84387
XM_026486563.3	764	584.98	8	5.87168
XM_026486568.3	9597	9417.9	55.6507	2.53706
XM_026486569.3	1067	887.905	402	194.39
XM_026486570.3	851	671.98	0	0
XM_026486571.3	1095	915.905	117	54.8465
XM_026486573.3	959	779.905	45.7028	25.1602
XM_026486574.2	1128	948.905	0	0
XM_026486575.3	2143	1963.9	2	0.437243
XM_026486576.3	560	380.98	37.0175	41.7174
XM_026486577.3	3705	3525.9	1103	134.313
XM_026486578.3	624	444.98	16.3887	15.8131
XM_026486579.3	3871	3691.9	1	0.116296
XM_026486580.3	3741	3561.9	0	0
XM_026486582.2	1245	1065.9	0	0
XM_026486583.3	4045	3865.9	1	0.111061
XM_026486584.3	291	122.777	0	0
XM_026486585.3	695	515.98	3	2.49633
XM_026486586.3	1978	1798.9	51	12.1724
XM_026486587.3	2135	1955.9	10.3815	2.27891
XM_026486588.3	6742	6562.9	65.4536	4.28204
XM_026486589.3	1876	1696.9	4.50297	1.13934
XM_026486590.3	291	122.777	0	0
XM_026486591.2	1135	955.905	0	0
XM_026486592.3	7497	7317.9	0	0
XM_026486593.3	7470	7290.9	0	0
XM_026486594.3	7338	7158.9	25	1.49936
XM_026486595.3	7311	7131.9	0	0
XM_026486596.2	1766	1586.9	210	56.8175
XM_026486598.3	955	775.905	249	137.786
XM_026486599.3	726	546.98	0	0
XM_026486600.3	11387	11207.9	12.9223	0.495025
XM_026486601.3	11310	11130.9	0	0
XM_026486603.3	5621	5441.9	0	0
XM_026486604.3	582	402.98	0	0
XM_026486605.3	2880	2700.9	37.5615	5.971
XM_026486606.3	3124	2944.9	94.7881	13.8196
XM_026486609.3	1229	1049.9	0	0
XM_026486610.2	657	477.98	0	0
XM_026486611.3	1437	1257.9	0	0
XM_026486612.3	6504	6324.9	50	3.39414
XM_026486613.3	6387	6207.9	0	0
XM_026486617.3	3162	2982.9	81	11.6589
XM_026486621.3	1365	1185.9	0	0
XM_026486624.3	3835	3655.9	56.7254	6.66186
XM_026486626.3	1224	1044.9	156	64.1005
XM_026486628.3	3759	3579.9	49.0085	5.87778
XM_026486632.3	1315	1135.9	261.876	98.9847
XM_026486634.3	1140	960.905	12.1881	5.44588
XM_026486635.3	14216	14036.9	269	8.228
XM_026486637.3	1523	1343.9	2.19765e-05	7.02106e-06
XM_026486638.3	6789	6609.9	1	0.0649558
XM_026486643.3	897	717.98	0	0
XM_026486644.3	5424	5244.9	0	0
XM_026486645.3	4712	4532.9	47	4.45179
XM_026486647.3	3111	2931.9	0	0
XM_026486649.3	3631	3451.9	16.6962	2.07669
XM_026486651.3	3584	3404.9	39.665	5.00168
XM_026486653.2	1116	936.905	0	0
XM_026486654.2	759	579.98	0	0
XM_026486655.3	4121	3941.9	0.0150534	0.00163961
XM_026486658.3	4056	3876.9	0.00065685	7.27436e-05
XM_026486659.3	4100	3920.9	16.0331	1.75568
XM_026486660.3	2268	2088.9	22.5328	4.63137
XM_026486661.3	1334	1154.9	13.4672	5.00663
XM_026486662.3	6363	6183.9	44	3.05494
XM_026486663.1	309	137.706	0	0
XM_026486664.3	1402	1222.9	244	85.6664
XM_026486665.3	890	710.98	186	112.323
XM_026486666.3	9895	9715.9	18	0.795431
XM_026486667.3	2028	1848.9	14.3533	3.33312
XM_026486668.3	761	581.98	0	0
XM_026486670.3	1317	1137.9	3874.68	1461.99
XM_026486671.2	354	178.271	0	0
XM_026486672.3	383	205.799	0	0
XM_026486673.3	2055	1875.9	0	0
XM_026486674.3	4586	4406.9	0	0
XM_026486680.3	2015	1835.9	54	12.6287
XM_026486681.3	687	507.98	9	7.60692
XM_026486682.3	684	504.98	0	0
XM_026486684.3	2052	1872.9	0	0
XM_026486686.3	2017	1837.9	0	0
XM_026486687.3	7255	7075.9	14.6908	0.891412
XM_026486688.3	1554	1374.9	22.743	7.10212
XM_026486690.3	2902	2722.9	92	14.5067
XM_026486691.3	3050	2870.9	33.6379	5.03064
XM_026486692.3	2239	2059.9	0	0
XM_026486694.3	1194	1014.9	0	0
XM_026486695.3	1167	987.905	1.99651	0.867702
XM_026486697.3	2591	2411.9	1	0.178014
XM_026486698.3	3566	3386.9	124.31	15.7586
XM_026486701.3	3486	3306.9	15.0518	1.95425
XM_026486702.3	5864	5684.9	4	0.3021
XM_026486703.3	5858	5678.9	0	0
XM_026486704.3	9319	9139.9	0	0
XM_026486705.3	9877	9697.9	0	0
XM_026486706.3	9029	8849.9	64.6192	3.13499
XM_026486707.3	9258	9078.9	0	0
XM_026486709.3	8764	8584.9	11.3301	0.566648
XM_026486710.3	14186	14006.9	594.519	18.2237
XM_026486712.3	3573	3393.9	48	6.07233
XM_026486713.3	2992	2812.9	11	1.679
XM_026486714.3	667	487.98	175	153.975
XM_026486715.3	3361	3181.9	348.732	47.0564
XM_026486716.3	3138	2958.9	0	0
XM_026486717.3	3142	2962.9	40.8511	5.91969
XM_026486720.3	2626	2446.9	114.873	20.1565
XM_026486722.3	2572	2392.9	10.9825	1.97056
XM_026486723.3	2492	2312.9	0	0
XM_026486724.3	2455	2275.9	1.04671e-06	1.97464e-07
XM_026486725.3	11023	10843.9	4	0.158375
XM_026486726.3	2489	2309.9	0	0
XM_026486727.3	1838	1658.9	0	0
XM_026486728.3	1602	1422.9	7	2.1122
XM_026486729.3	10736	10556.9	37	1.5048
XM_026486731.3	5436	5256.9	88.3027	7.21203
XM_026486732.3	5656	5476.9	32.6973	2.56324
XM_026486733.3	3939	3759.9	9.72534e-06	1.11056e-06
XM_026486734.3	4035	3855.9	13.0564	1.45383
XM_026486735.3	5358	5178.9	543.44	45.0534
XM_026486736.3	4337	4157.9	0	0
XM_026486740.3	10794	10614.9	69.0176	2.79163
XM_026486748.3	2710	2530.9	0	0
XM_026486750.3	2614	2434.9	0	0
XM_026486751.3	2757	2577.9	0	0
XM_026486753.3	4673	4493.9	164.813	15.7464
XM_026486754.3	2881	2701.9	0	0
XM_026486755.2	1998	1818.9	743.138	175.417
XM_026486756.3	3931	3751.9	0	0
XM_026486757.3	610	430.98	23	22.9131
XM_026486758.3	1992	1812.9	25	5.92077
XM_026486759.3	688	508.98	0	0
XM_026486760.3	2548	2368.9	19	3.44365
XM_026486761.3	2532	2352.9	2.21544e-05	4.04269e-06
XM_026486762.3	2079	1899.9	57.1759	12.921
XM_026486763.3	10821	10641.9	11.8897	0.479697
XM_026486764.3	1133	953.905	0	0
XM_026486765.3	910	730.98	5.15058	3.02527
XM_026486766.3	1049	869.905	0	0
XM_026486767.3	948	768.905	0	0
XM_026486768.3	724	544.98	27.8494	21.9406
XM_026486769.3	3837	3657.9	3	0.352129
XM_026486770.3	13105	12925.9	34.4316	1.14369
XM_026486771.3	3591	3411.9	0	0
XM_026486773.3	13305	13125.9	0	0
XM_026486774.3	13302	13122.9	0	0
XM_026486775.3	13063	12883.9	6	0.199948
XM_026486776.3	12412	12232.9	0	0
XM_026486777.3	12360	12180.9	0	0
XM_026486778.3	12360	12180.9	0	0
XM_026486781.3	12349	12169.9	0	0
XM_026486787.3	2500	2320.9	0	0
XM_026486788.3	2405	2225.9	10	1.92889
XM_026486789.3	3833	3653.9	178	20.9159
XM_026486795.3	16302	16122.9	5.064e-07	1.34854e-08
XM_026486796.3	16280	16100.9	3.00863e-06	8.0229e-08
XM_026486797.3	13815	13635.9	0	0
XM_026486800.3	10964	10784.9	223.725	8.90661
XM_026486801.3	6604	6424.9	0	0
XM_026486805.3	2317	2137.9	341	68.4825
XM_026486806.3	7320	7140.9	1243.2	74.7484
XM_026486807.3	7280	7100.9	82.3497	4.97922
XM_026486808.3	7335	7155.9	0	0
XM_026486809.2	414	236.073	0	0
XM_026486810.3	6278	6098.9	0	0
XM_026486812.3	2536	2356.9	45	8.19755
XM_026486816.3	2415	2235.9	23.1103	4.43779
XM_026486817.3	2392	2212.9	0	0
XM_026486818.3	1750	1570.9	0	0
XM_026486819.3	2072	1892.9	0	0
XM_026486821.3	4705	4525.9	0	0
XM_026486826.3	5580	5400.9	171	13.5939
XM_026486829.3	6821	6641.9	0	0
XM_026486830.3	10081	9901.9	1036.88	44.9595
XM_026486831.3	6232	6052.9	140	9.93065
XM_026486832.3	690	510.98	0	0
XM_026486833.3	2730	2550.9	17	2.86133
XM_026486834.3	5672	5492.9	1515	118.42
XM_026486835.3	2365	2185.9	28	5.49972
XM_026486841.3	21944	21764.9	0.00126002	2.48562e-05
XM_026486844.3	4597	4417.9	133	12.9255
XM_026486849.3	12057	11877.9	32.0859	1.15981
XM_026486850.3	20681	20501.9	15.9657	0.334355
XM_026486851.3	11411	11231.9	7.02855e-07	2.68674e-08
XM_026486852.3	11266	11086.9	16.2594	0.629663
XM_026486859.3	6916	6736.9	0	0
XM_026486868.3	992	812.905	0	0
XM_026486872.3	4651	4471.9	1.6648e-05	1.59839e-06
XM_026486873.3	4614	4434.9	0	0
XM_026486875.3	4501	4321.9	0	0
XM_026486876.3	6150	5970.9	208.89	15.0208
XM_026486877.3	7807	7627.9	0.0055501	0.000312399
XM_026486878.3	8659	8479.9	0	0
XM_026486881.3	1230	1050.9	8.63791	3.52906
XM_026486883.3	9107	8927.9	1.00043	0.0481116
XM_026486884.3	2312	2132.9	0	0
XM_026486885.3	2306	2126.9	0	0
XM_026486887.3	1808	1628.9	3	0.79075
XM_026486888.2	2967	2787.9	1	0.154005
XM_026486889.3	3217	3037.9	1.36209	0.192507
XM_026486890.3	1416	1236.9	5	1.73559
XM_026486898.3	8744	8564.9	0	0
XM_026486901.3	2151	1971.9	298	64.8849
XM_026486902.3	878	698.98	0	0
XM_026486906.3	8755	8575.9	0	0
XM_026486907.3	4507	4327.9	0	0
XM_026486908.3	2740	2560.9	15	2.51485
XM_026486909.3	2650	2470.9	0	0
XM_026486910.3	2609	2429.9	0	0
XM_026486912.3	9569	9389.9	42	1.92044
XM_026486918.3	6502	6322.9	0	0
XM_026486923.3	3164	2984.9	0	0
XM_026486924.3	2942	2762.9	0	0
XM_026486933.3	6490	6310.9	10	0.680333
XM_026486942.3	5039	4859.9	6	0.530075
XM_026486943.3	6394	6214.9	0	0
XM_026486946.3	1275	1095.9	0	0
XM_026486958.3	7910	7730.9	36.7423	2.04056
XM_026486959.3	7908	7728.9	51.4999	2.86089
XM_026486960.3	7897	7717.9	0	0
XM_026486962.3	3824	3644.9	15	1.76693
XM_026486964.3	936	756.98	0	0
XM_026486965.3	930	750.98	0	0
XM_026486966.3	957	777.905	0	0
XM_026486967.3	1263	1083.9	2	0.792232
XM_026486968.2	948	768.905	0	0
XM_026486969.2	942	762.905	0	0
XM_026486970.2	942	762.905	0	0
XM_026486971.2	891	711.98	0	0
XM_026486972.2	942	762.905	0	0
XM_026486973.1	921	741.98	0	0
XM_026486974.3	969	789.905	0	0
XM_026486975.3	933	753.98	0	0
XM_026486976.3	2350	2170.9	10	1.97776
XM_026486977.3	945	765.905	0	0
XM_026486978.3	930	750.98	0	0
XM_026486979.3	918	738.98	0	0
XM_026486980.2	930	750.98	0	0
XM_026486981.3	933	753.98	0	0
XM_026486982.3	874	694.98	10.834	6.69315
XM_026486983.3	5600	5420.9	1	0.079203
XM_026486984.3	8368	8188.9	88	4.61392
XM_026486985.2	951	771.905	0	0
XM_026486986.2	960	780.905	0	0
XM_026486987.1	942	762.905	0	0
XM_026486988.1	960	780.905	0	0
XM_026486989.3	2294	2114.9	0	0
XM_026486992.2	960	780.905	0	0
XM_026486993.2	945	765.905	0	0
XM_026486998.3	29093	28913.9	68.4655	1.01667
XM_026487000.2	969	789.905	0	0
XM_026487002.3	5008	4828.9	0	0
XM_026487003.3	4921	4741.9	3.01903	0.273356
XM_026487006.2	939	759.905	0	0
XM_026487007.3	8262	8082.9	927.414	49.2628
XM_026487008.3	8260	8080.9	56.5865	3.00653
XM_026487009.3	5408	5228.9	179	14.6979
XM_026487011.3	960	780.905	0	0
XM_026487012.3	948	768.905	0	0
XM_026487013.3	977	797.905	0	0
XM_026487014.2	930	750.98	0	0
XM_026487015.3	3569	3389.9	59.3742	7.5201
XM_026487016.3	2370	2190.9	31.6856	6.20943
XM_026487017.3	2752	2572.9	1	0.166874
XM_026487018.3	2071	1891.9	64.6843	14.6796
XM_026487020.3	784	604.98	1.3157	0.933744
XM_026487021.2	3804	3624.9	207	24.5181
XM_026487022.3	2657	2477.9	22	3.81199
XM_026487023.3	879	699.98	61	37.416
XM_026487024.1	927	747.98	0	0
XM_026487025.2	951	771.905	0	0
XM_026487026.3	951	771.905	0	0
XM_026487027.2	963	783.905	0	0
XM_026487028.3	954	774.905	0	0
XM_026487029.2	933	753.98	0	0
XM_026487030.3	957	777.905	0	0
XM_026487031.2	945	765.905	0	0
XM_026487032.1	948	768.905	0	0
XM_026487033.1	948	768.905	0	0
XM_026487034.3	960	780.905	0	0
XM_026487035.3	930	750.98	0	0
XM_026487036.3	930	750.98	0	0
XM_026487037.3	2513	2333.9	0	0
XM_026487038.3	1008	828.905	0	0
XM_026487039.2	999	819.905	0	0
XM_026487040.1	936	756.98	0	0
XM_026487041.3	939	759.905	0	0
XM_026487042.3	933	753.98	0	0
XM_026487044.1	933	753.98	0	0
XM_026487045.1	924	744.98	0	0
XM_026487046.2	942	762.905	0	0
XM_026487047.2	936	756.98	1	0.56719
XM_026487048.2	933	753.98	0	0
XM_026487049.3	1373	1193.9	0	0
XM_026487050.3	4443	4263.9	5	0.503473
XM_026487051.3	933	753.98	0	0
XM_026487052.2	933	753.98	0	0
XM_026487053.2	915	735.98	0	0
XM_026487054.3	939	759.905	0	0
XM_026487055.2	1025	845.905	0	0
XM_026487056.2	930	750.98	0	0
XM_026487057.2	957	777.905	0	0
XM_026487058.2	951	771.905	0	0
XM_026487059.3	945	765.905	0	0
XM_026487060.2	930	750.98	0	0
XM_026487061.2	933	753.98	0	0
XM_026487062.2	951	771.905	0	0
XM_026487063.2	951	771.905	0	0
XM_026487064.3	936	756.98	0	0
XM_026487066.1	936	756.98	0	0
XM_026487067.2	915	735.98	0	0
XM_026487068.3	930	750.98	0	0
XM_026487069.2	936	756.98	0	0
XM_026487072.1	906	726.98	0	0
XM_026487073.2	912	732.98	0	0
XM_026487074.3	1296	1116.9	0	0
XM_026487075.2	936	756.98	0	0
XM_026487076.3	993	813.905	0	0
XM_026487078.2	942	762.905	0	0
XM_026487079.2	933	753.98	0	0
XM_026487080.3	936	756.98	0	0
XM_026487082.3	951	771.905	0	0
XM_026487083.1	939	759.905	0	0
XM_026487084.3	978	798.905	0	0
XM_026487086.1	1005	825.905	1	0.519857
XM_026487087.1	939	759.905	0	0
XM_026487088.3	951	771.905	0	0
XM_026487089.2	933	753.98	0	0
XM_026487090.3	1134	954.905	0	0
XM_026487091.3	975	795.905	0	0
XM_026487092.2	969	789.905	0	0
XM_026487093.2	969	789.905	0	0
XM_026487094.2	945	765.905	0	0
XM_026487095.3	4902	4722.9	0	0
XM_026487096.1	957	777.905	0	0
XM_026487097.1	939	759.905	0	0
XM_026487098.3	936	756.98	0	0
XM_026487099.3	984	804.905	0	0
XM_026487100.3	942	762.905	0	0
XM_026487101.2	936	756.98	0	0
XM_026487102.1	954	774.905	0	0
XM_026487103.3	4718	4538.9	2.56943	0.243052
XM_026487104.2	939	759.905	0	0
XM_026487105.2	1120	940.905	0	0
XM_026487106.3	1452	1272.9	0	0
XM_026487107.3	930	750.98	0	0
XM_026487109.2	981	801.905	0	0
XM_026487110.2	939	759.905	0	0
XM_026487111.3	2695	2515.9	0	0
XM_026487112.2	1246	1066.9	0	0
XM_026487113.2	945	765.905	0	0
XM_026487114.1	933	753.98	0	0
XM_026487115.2	945	765.905	0	0
XM_026487116.1	966	786.905	0	0
XM_026487117.2	945	765.905	0	0
XM_026487118.2	933	753.98	0	0
XM_026487119.2	957	777.905	0	0
XM_026487120.1	936	756.98	0	0
XM_026487121.2	942	762.905	0	0
XM_026487122.1	936	756.98	0	0
XM_026487123.3	5898	5718.9	2.70557e-05	2.03123e-06
XM_026487124.3	5893	5713.9	99	7.43902
XM_026487126.2	945	765.905	0	0
XM_026487127.2	957	777.905	0	0
XM_026487128.2	933	753.98	0	0
XM_026487129.1	966	786.905	0	0
XM_026487130.3	2675	2495.9	0	0
XM_026487131.3	2348	2168.9	13.7247	2.71692
XM_026487133.1	936	756.98	0	0
XM_026487134.3	927	747.98	0	0
XM_026487135.3	1831	1651.9	0	0
XM_026487139.3	1641	1461.9	0	0
XM_026487141.2	945	765.905	0	0
XM_026487142.2	921	741.98	0	0
XM_026487143.2	933	753.98	0	0
XM_026487144.3	1058	878.905	0	0
XM_026487145.3	948	768.905	0	0
XM_026487148.2	936	756.98	0	0
XM_026487149.3	3124	2944.9	6	0.874769
XM_026487152.2	954	774.905	0	0
XM_026487153.3	3680	3500.9	8	0.981122
XM_026487155.3	2090	1910.9	1	0.224685
XM_026487156.3	6037	5857.9	0	0
XM_026487158.3	2829	2649.9	0	0
XM_026487160.3	948	768.905	0	0
XM_026487161.3	1847	1667.9	51	13.1284
XM_026487162.3	2494	2314.9	0	0
XM_026487165.3	1131	951.905	8.93668	4.03084
XM_026487166.3	915	735.98	0	0
XM_026487167.2	1005	825.905	0	0
XM_026487168.3	945	765.905	0	0
XM_026487169.3	2777	2597.9	0	0
XM_026487172.2	930	750.98	1	0.571722
XM_026487173.3	1220	1040.9	3	1.23744
XM_026487176.3	2315	2135.9	24	4.82439
XM_026487178.3	10267	10087.9	119	5.06477
XM_026487179.2	685	505.98	0	0
XM_026487181.2	855	675.98	0	0
XM_026487182.3	516	337.091	0	0
XM_026487183.2	1389	1209.9	0	0
XM_026487184.3	6708	6528.9	297	19.5312
XM_026487185.3	6771	6591.9	0	0
XM_026487186.3	5654	5474.9	26.2518	2.05871
XM_026487187.3	7760	7580.9	33	1.86899
XM_026487190.1	849	669.98	0	0
XM_026487191.3	12456	12276.9	0	0
XM_026487192.3	10161	9981.9	36.733	1.58
XM_026487194.3	3261	3081.9	0	0
XM_026487195.3	3235	3055.9	38.7846	5.4492
XM_026487196.3	1364	1184.9	0	0
XM_026487197.2	4545	4365.9	0	0
XM_026487198.3	12448	12268.9	27	0.944869
XM_026487200.3	4769	4589.9	40	3.74171
XM_026487203.3	557	378.018	1935	2197.77
XM_026487205.3	476	297.277	0	0
XM_026487206.3	12508	12328.9	0	0
XM_026487207.3	1928	1748.9	15	3.68246
XM_026487208.3	2536	2356.9	0	0
XM_026487210.3	9162	8982.9	87.6298	4.1884
XM_026487218.3	11793	11613.9	0	0
XM_026487229.2	393	215.567	0	0
XM_026487231.3	3740	3560.9	106	12.7808
XM_026487232.3	5421	5241.9	234.302	19.1911
XM_026487233.3	8164	7984.9	0.000224198	1.20552e-05
XM_026487235.3	2880	2700.9	0	0
XM_026487237.2	4870	4690.9	0	0
XM_026487238.3	4695	4515.9	33	3.13749
XM_026487239.3	2416	2236.9	0	0
XM_026487241.3	8100	7920.9	8.15719	0.44216
XM_026487242.3	2502	2322.9	0	0
XM_026487244.3	2240	2060.9	3.49053e-05	7.27189e-06
XM_026487245.3	2221	2041.9	6.19694	1.30303
XM_026487246.3	2395	2215.9	0	0
XM_026487247.3	1562	1382.9	1.80302	0.559786
XM_026487248.3	3568	3388.9	1	0.126693
XM_026487250.3	2089	1909.9	1	0.224803
XM_026487267.3	2350	2170.9	0	0
XM_026487268.3	2829	2649.9	0	0
XM_026487269.3	3135	2955.9	4	0.581009
XM_026487271.3	1841	1661.9	0	0
XM_026487272.3	1578	1398.9	0	0
XM_026487276.3	939	759.905	0	0
XM_026487278.3	1808	1628.9	3	0.79075
XM_026487279.3	3038	2858.9	5	0.750903
XM_026487287.3	4988	4808.9	0	0
XM_026487288.3	4714	4534.9	0	0
XM_026487289.3	4961	4781.9	160.807	14.4384
XM_026487290.3	2220	2040.9	78	16.4091
XM_026487291.3	11569	11389.9	261.061	9.8409
XM_026487292.3	2200	2020.9	34.8866	7.41184
XM_026487293.3	7227	7047.9	0	0
XM_026487294.3	1375	1195.9	0	0
XM_026487299.3	3894	3714.9	0	0
XM_026487301.3	3093	2913.9	0	0
XM_026487305.3	3552	3372.9	0.0158339	0.00201556
XM_026487308.3	1812	1632.9	21	5.52169
XM_026487310.3	4313	4133.9	341.863	35.5062
XM_026487311.3	4217	4037.9	29.1236	3.09673
XM_026487312.3	4419	4239.9	68.4212	6.92864
XM_026487313.3	4192	4012.9	0	0
XM_026487314.3	3536	3356.9	7.84311	1.00314
XM_026487315.3	4131	3951.9	0	0
XM_026487316.3	3172	2992.9	22.8272	3.27472
XM_026487317.3	1805	1625.9	498	131.507
XM_026487318.3	1870	1690.9	0	0
XM_026487319.3	3283	3103.9	0	0
XM_026487320.3	1522	1342.9	0	0
XM_026487321.3	1099	919.905	1	0.466735
XM_026487324.3	2243	2063.9	0	0
XM_026487325.3	2733	2553.9	0	0
XM_026487326.3	2779	2599.9	0	0
XM_026487327.1	402	224.304	0	0
XM_026487328.3	1044	864.905	2	0.992831
XM_026487331.3	1345	1165.9	45.8251	16.8754
XM_026487332.3	1564	1384.9	0	0
XM_026487333.3	1438	1258.9	8.0185	2.73473
XM_026487334.3	1281	1101.9	26.9815	10.5132
XM_026487336.3	843	663.98	36	23.2788
XM_026487338.3	2045	1865.9	13	2.99135
XM_026487340.3	1583	1403.9	0	0
XM_026487341.3	1474	1294.9	0	0
XM_026487342.3	1480	1300.9	3	0.990123
XM_026487343.3	4048	3868.9	3	0.332925
XM_026487344.3	944	764.905	0	0
XM_026487345.3	2079	1899.9	4283	967.898
XM_026487349.3	1518	1338.9	0	0
XM_026487351.3	1760	1580.9	0	0
XM_026487352.3	1310	1130.9	873	331.438
XM_026487353.3	945	765.905	0	0
XM_026487354.3	7165	6985.9	12	0.737517
XM_026487357.3	553	374.018	1336	1533.65
XM_026487359.2	954	774.905	0	0
XM_026487362.2	738	558.98	0	0
XM_026487363.3	1785	1605.9	0	0
XM_026487365.3	984	804.905	0	0
XM_026487366.2	1002	822.905	0	0
XM_026487369.3	9034	8854.9	25.5243	1.23761
XM_026487370.1	966	786.905	0	0
XM_026487371.2	987	807.905	0	0
XM_026487372.3	972	792.905	0	0
XM_026487373.3	942	762.905	0	0
XM_026487374.3	948	768.905	0	0
XM_026487376.2	1545	1365.9	0	0
XM_026487380.3	4457	4277.9	0	0
XM_026487382.3	3997	3817.9	3	0.337372
XM_026487383.3	2072	1892.9	41.0811	9.31809
XM_026487384.3	1983	1803.9	0	0
XM_026487386.3	797	617.98	1	0.694766
XM_026487387.3	453	274.419	0	0
XM_026487388.3	4514	4334.9	1	0.0990453
XM_026487389.3	1884	1704.9	1112	280.039
XM_026487391.3	647	467.98	2	1.83491
XM_026487393.2	987	807.905	0	0
XM_026487394.3	3093	2913.9	35	5.15711
XM_026487395.2	978	798.905	0	0
XM_026487397.3	2352	2172.9	13	2.56872
XM_026487399.3	1179	999.905	0	0
XM_026487400.3	1819	1639.9	0	0
XM_026487401.3	1742	1562.9	0	0
XM_026487402.3	1758	1578.9	8	2.17544
XM_026487404.2	1327	1147.9	0	0
XM_026487405.3	1339	1159.9	0	0
XM_026487406.3	1266	1086.9	0	0
XM_026487408.3	2772	2592.9	0	0
XM_026487409.3	1885	1705.9	8	2.01349
XM_026487410.3	1961	1781.9	0	0
XM_026487414.3	1553	1373.9	0	0
XM_026487415.3	1431	1251.9	0	0
XM_026487416.3	987	807.905	0	0
XM_026487417.3	5654	5474.9	3	0.235265
XM_026487418.3	2203	2023.9	15.2173	3.2282
XM_026487419.3	1937	1757.9	0.782719	0.191172
XM_026487420.3	913	733.98	36	21.0587
XM_026487422.3	3891	3711.9	1353	156.5
XM_026487426.3	3379	3199.9	0	0
XM_026487432.3	1350	1170.9	69.8742	25.6218
XM_026487434.3	8203	8023.9	218.007	11.6654
XM_026487435.3	1487	1307.9	1	0.328275
XM_026487437.2	1293	1113.9	0	0
XM_026487438.3	3385	3205.9	27.9691	3.74577
XM_026487439.3	3285	3105.9	24.0309	3.32197
XM_026487442.3	4043	3863.9	2	0.222237
XM_026487443.3	942	762.905	0	0
XM_026487444.3	6768	6588.9	0	0
XM_026487446.3	2029	1849.9	0	0
XM_026487451.3	1955	1775.9	0	0
XM_026487455.3	6497	6317.9	0	0
XM_026487456.3	2232	2052.9	12	2.50972
XM_026487457.3	11735	11555.9	0	0
XM_026487458.1	1077	897.905	0	0
XM_026487460.3	11717	11537.9	0	0
XM_026487461.3	1192	1012.9	11	4.6627
XM_026487463.2	1362	1182.9	0	0
XM_026487464.3	618	438.98	0	0
XM_026487465.3	1911	1731.9	1	0.247907
XM_026487466.2	426	247.808	0	0
XM_026487467.3	6381	6201.9	0	0
XM_026487468.2	822	642.98	1	0.667753
XM_026487469.3	2500	2320.9	148.517	27.4746
XM_026487470.3	2451	2271.9	227.483	42.9905
XM_026487471.2	429	250.808	0	0
XM_026487473.3	11606	11426.9	7.87914	0.296049
XM_026487477.3	3461	3281.9	106	13.8673
XM_026487478.3	1207	1027.9	0	0
XM_026487481.3	4319	4139.9	3	0.311132
XM_026487482.3	5356	5176.9	0	0
XM_026487489.2	414	236.073	0	0
XM_026487490.2	414	236.073	0	0
XM_026487491.3	387	209.652	23	47.1022
XM_026487493.3	4058	3878.9	1.72971e-06	1.9146e-07
XM_026487494.3	4008	3828.9	39	4.37324
XM_026487496.3	3537	3357.9	63.047	8.06138
XM_026487497.3	3430	3250.9	3.80981	0.503168
XM_026487498.3	3825	3645.9	6	0.706577
XM_026487499.3	2031	1851.9	0	0
XM_026487500.3	7767	7587.9	74.3766	4.2085
XM_026487502.3	1512	1332.9	0	0
XM_026487503.3	22457	22277.9	0	0
XM_026487504.3	22218	22038.9	20.5371	0.400094
XM_026487506.3	22318	22138.9	0	0
XM_026487508.3	22342	22162.9	0	0
XM_026487509.3	2585	2405.9	44.0534	7.86167
XM_026487510.3	2563	2383.9	14.0238	2.52575
XM_026487511.3	4614	4434.9	0	0
XM_026487512.3	4467	4287.9	7.40292	0.741261
XM_026487519.3	1992	1812.9	0	0
XM_026487520.3	5727	5547.9	0	0
XM_026487522.3	5893	5713.9	0	0
XM_026487523.3	5869	5689.9	0	0
XM_026487524.3	1050	870.905	0	0
XM_026487525.3	3396	3216.9	212.086	28.3066
XM_026487526.2	1903	1723.9	0	0
XM_026487527.3	7127	6947.9	638	39.4258
XM_026487529.3	4575	4395.9	0	0
XM_026487539.2	2021	1841.9	1	0.233102
XM_026487540.3	5642	5462.9	3	0.235782
XM_026487543.3	1573	1393.9	0	0
XM_026487548.3	2784	2604.9	0	0
XM_026487551.3	6453	6273.9	39	2.66895
XM_026487552.3	18199	18019.9	382.006	9.10187
XM_026487554.3	3537	3357.9	0	0
XM_026487555.3	3559	3379.9	4.58111	0.581942
XM_026487556.3	4485	4305.9	3	0.299137
XM_026487558.3	1228	1048.9	6.8547	2.80586
XM_026487560.3	2215	2035.9	32.1453	6.77912
XM_026487566.3	3519	3339.9	12	1.54263
XM_026487571.3	2904	2724.9	0	0
XM_026487572.3	4207	4027.9	5	0.532972
XM_026487578.3	2303	2123.9	4	0.808609
XM_026487592.3	8478	8298.9	0	0
XM_026487593.3	2452	2272.9	0	0
XM_026487594.3	3588	3408.9	0	0
XM_026487597.3	7899	7719.9	1	0.0556162
XM_026487599.3	3483	3303.9	0	0
XM_026487600.3	3588	3408.9	0	0
XM_026487602.3	2898	2718.9	0	0
XM_026487603.1	2511	2331.9	0	0
XM_026487606.3	9198	9018.9	0	0
XM_026487609.3	3829	3649.9	154	18.1156
XM_026487610.3	2475	2295.9	24.1145	4.5096
XM_026487611.3	2430	2250.9	0	0
XM_026487612.3	8040	7860.9	9.68428	0.528942
XM_026487613.3	2349	2169.9	0	0
XM_026487616.3	3791	3611.9	5.0061	0.595082
XM_026487620.3	2113	1933.9	0	0
XM_026487621.3	1908	1728.9	0	0
XM_026487622.3	1765	1585.9	0	0
XM_026487632.3	26141	25961.9	10.4235	0.172382
XM_026487633.3	1094	914.905	0	0
XM_026487635.3	1038	858.905	1.65839	0.829003
XM_026487636.3	4636	4456.9	39	3.75703
XM_026487638.3	1960	1780.9	7	1.6876
XM_026487639.3	2937	2757.9	0	0
XM_026487640.2	1104	924.905	312	144.834
XM_026487641.3	1093	913.905	0	0
XM_026487642.2	765	585.98	0	0
XM_026487643.3	4393	4213.9	548	55.8354
XM_026487645.3	2027	1847.9	0	0
XM_026487646.3	3451	3271.9	0	0
XM_026487647.3	3512	3332.9	0	0
XM_026487648.3	3532	3352.9	0	0
XM_026487649.3	3344	3164.9	0	0
XM_026487651.3	3251	3071.9	2.5607	0.357902
XM_026487652.3	3390	3210.9	0	0
XM_026487656.3	1540	1360.9	6	1.89294
XM_026487658.3	2768	2588.9	0	0
XM_026487659.3	403	225.304	0	0
XM_026487661.3	1053	873.905	25.5375	12.5467
XM_026487662.3	1475	1295.9	32.4625	10.7553
XM_026487663.3	6467	6287.9	0	0
XM_026487664.3	2887	2707.9	0	0
XM_026487665.1	264	101.148	0	0
XM_026487666.3	3172	2992.9	1	0.143457
XM_026487667.3	1023	843.905	0	0
XM_026487669.3	1167	987.905	0	0
XM_026487671.3	3578	3398.9	27.578	3.48367
XM_026487672.3	1683	1503.9	8.13876	2.32355
XM_026487673.3	1666	1486.9	0	0
XM_026487675.3	3014	2834.9	2.82423	0.427735
XM_026487678.3	8150	7970.9	48.6307	2.61949
XM_026487680.3	8203	8023.9	13.3693	0.715379
XM_026487681.3	586	406.98	0	0
XM_026487683.3	563	383.98	0	0
XM_026487684.3	7023	6843.9	13.5507	0.850103
XM_026487685.3	491	312.186	0	0
XM_026487686.2	1056	876.905	0	0
XM_026487687.2	933	753.98	0	0
XM_026487688.3	2092	1912.9	6	1.3467
XM_026487689.3	2180	2000.9	0	0
XM_026487690.3	2130	1950.9	0	0
XM_026487691.3	2261	2081.9	36	7.42429
XM_026487692.3	1542	1362.9	0.0525275	0.0165476
XM_026487693.3	3148	2968.9	44	6.36311
XM_026487694.3	2972	2792.9	2.07968e-05	3.19708e-06
XM_026487695.3	712	532.98	33	26.5837
XM_026487697.3	639	459.98	12	11.201
XM_026487702.2	1958	1778.9	0	0
XM_026487703.3	741	561.98	0	0
XM_026487706.3	5230	5050.9	89.9579	7.64687
XM_026487707.3	1264	1084.9	35	13.8513
XM_026487708.2	1278	1098.9	0	0
XM_026487709.3	5825	5645.9	6	0.45628
XM_026487712.2	1488	1308.9	37.3624	12.2558
XM_026487713.2	1482	1302.9	12.6376	4.16451
XM_026487714.2	1678	1498.9	0	0
XM_026487715.2	1494	1314.9	0	0
XM_026487716.3	2969	2789.9	11.1442	1.71504
XM_026487718.3	924	744.98	0	0
XM_026487719.3	1249	1069.9	0	0
XM_026487720.1	588	408.98	0	0
XM_026487721.1	2625	2445.9	0	0
XM_026487722.3	3250	3070.9	2.83814	0.396809
XM_026487723.3	3247	3067.9	10.1619	1.42215
XM_026487725.3	3154	2974.9	32	4.61839
XM_026487726.3	1844	1664.9	1	0.257884
XM_026487727.3	7370	7190.9	0	0
XM_026487729.3	7145	6965.9	0	0
XM_026487730.3	6743	6563.9	0	0
XM_026487731.3	6591	6411.9	28	1.87493
XM_026487732.3	3453	3273.9	27	3.54088
XM_026487733.3	3936	3756.9	58.4089	6.67517
XM_026487734.3	3870	3690.9	38.5911	4.48918
XM_026487735.3	3364	3184.9	43	5.79676
XM_026487736.3	1608	1428.9	8319	2499.66
XM_026487738.3	2485	2305.9	0	0
XM_026487740.3	4954	4774.9	218	19.6022
XM_026487741.3	4473	4293.9	60.3702	6.03648
XM_026487743.3	2913	2733.9	0	0
XM_026487744.3	2893	2713.9	0	0
XM_026487745.3	2825	2645.9	4	0.649081
XM_026487747.3	2993	2813.9	72	10.9859
XM_026487749.3	5515	5335.9	0	0
XM_026487751.3	5492	5312.9	0	0
XM_026487752.3	1161	981.905	0	0
XM_026487753.3	2843	2663.9	0	0
XM_026487754.3	2651	2471.9	0	0
XM_026487755.3	2420	2240.9	0	0
XM_026487756.3	1858	1678.9	0	0
XM_026487757.3	2200	2020.9	0	0
XM_026487758.3	5373	5193.9	0	0
XM_026487763.3	4727	4547.9	20	1.88813
XM_026487764.3	3944	3764.9	0	0
XM_026487768.3	3548	3368.9	0	0
XM_026487771.3	3327	3147.9	0	0
XM_026487772.3	3858	3678.9	0.0687934	0.00802863
XM_026487773.3	2920	2740.9	7	1.09652
XM_026487775.3	6205	6025.9	32	2.28003
XM_026487776.3	3358	3178.9	57	7.69858
XM_026487777.3	3394	3214.9	10.6027	1.41599
XM_026487778.3	3391	3211.9	21.3973	2.86029
XM_026487779.3	1904	1724.9	3	0.74674
XM_026487780.3	3941	3761.9	0	0
XM_026487783.3	1214	1034.9	1342	556.757
XM_026487784.3	2111	1931.9	0	0
XM_026487786.3	6915	6735.9	5	0.318704
XM_026487787.3	1453	1273.9	0	0
XM_026487788.3	1450	1270.9	0	0
XM_026487789.3	3668	3488.9	53.7223	6.61118
XM_026487790.3	1420	1240.9	0	0
XM_026487791.3	1313	1133.9	0	0
XM_026487797.3	4430	4250.9	15	1.51504
XM_026487799.3	2164	1984.9	68	14.709
XM_026487802.3	1796	1616.9	13	3.45201
XM_026487804.3	1712	1532.9	0	0
XM_026487806.3	860	680.98	38	23.9587
XM_026487807.3	3783	3603.9	0	0
XM_026487809.3	3026	2846.9	6.11185	0.921751
XM_026487810.3	2587	2407.9	4.88815	0.871602
XM_026487811.3	1009	829.905	56	28.9717
XM_026487812.3	2163	1983.9	248.122	53.6981
XM_026487813.3	2189	2009.9	47.8776	10.2275
XM_026487817.3	3181	3001.9	2	0.286053
XM_026487822.3	1606	1426.9	67.3813	20.2749
XM_026487823.3	2506	2326.9	2.48004	0.457608
XM_026487824.3	2509	2329.9	0.461564	0.0850565
XM_026487825.3	8306	8126.9	324	17.1172
XM_026487826.3	3432	3252.9	5	0.659952
XM_026487827.3	8430	8250.9	30.3342	1.5785
XM_026487829.2	2264	2084.9	0	0
XM_026487831.2	1062	882.905	9	4.37665
XM_026487832.3	7201	7021.9	13	0.794881
XM_026487833.3	5385	5205.9	1.30473e-08	1.07606e-09
XM_026487834.3	5420	5240.9	88.9986	7.29105
XM_026487836.3	2635	2455.9	2.56997	0.449293
XM_026487837.3	2697	2517.9	0	0
XM_026487839.3	3883	3703.9	104	12.0555
XM_026487840.3	803	623.98	0	0
XM_026487841.3	6315	6135.9	101	7.06734
XM_026487843.2	2031	1851.9	1	0.231843
XM_026487844.3	4968	4788.9	0	0
XM_026487845.3	1271	1091.9	0	0
XM_026487846.3	721	541.98	91	72.0894
XM_026487850.3	2526	2346.9	16.2228	2.96787
XM_026487851.3	3226	3046.9	47	6.62296
XM_026487852.3	3126	2946.9	0	0
XM_026487853.3	4685	4505.9	89	8.4805
XM_026487858.3	1182	1002.9	27	11.5589
XM_026487859.3	2758	2578.9	139.007	23.1427
XM_026487860.3	3369	3189.9	0	0
XM_026487861.3	3366	3186.9	203	27.3489
XM_026487863.3	4299	4119.9	30.1855	3.14575
XM_026487864.3	1012	832.905	44.8975	23.1441
XM_026487865.3	2172	1992.9	44	9.47937
XM_026487868.3	2796	2616.9	0	0
XM_026487869.3	2108	1928.9	269	59.8763
XM_026487872.3	2708	2528.9	0	0
XM_026487877.3	2927	2747.9	0	0
XM_026487878.3	1424	1244.9	0	0
XM_026487879.3	6213	6033.9	103.925	7.39494
XM_026487880.3	6216	6036.9	0.000984422	7.00133e-05
XM_026487882.3	2904	2724.9	18.1245	2.8558
XM_026487884.3	2965	2785.9	0	0
XM_026487885.3	6953	6773.9	9	0.570449
XM_026487886.3	7340	7160.9	0	0
XM_026487888.3	3122	2942.9	2	0.291788
XM_026487889.3	1057	877.905	0	0
XM_026487891.3	2664	2484.9	14.9934	2.59062
XM_026487901.3	8155	7975.9	5	0.269156
XM_026487902.3	2702	2522.9	0	0
XM_026487907.3	7132	6952.9	46	2.84057
XM_026487909.3	3426	3246.9	1	0.132234
XM_026487910.3	2216	2036.9	14	2.95101
XM_026487912.3	2054	1874.9	0	0
XM_026487914.3	8268	8088.9	0.097281	0.00516359
XM_026487915.3	1690	1510.9	35.4061	10.0613
XM_026487916.3	1659	1479.9	10.5939	3.07351
XM_026487918.3	2664	2484.9	2	0.345568
XM_026487924.3	720	540.98	775	615.083
XM_026487926.3	3354	3174.9	2	0.270466
XM_026487929.3	1870	1690.9	0	0
XM_026487930.3	1128	948.905	0	0
XM_026487931.3	637	457.98	44	41.2496
XM_026487937.3	3676	3496.9	0	0
XM_026487938.3	723	543.98	5	3.94639
XM_026487954.3	11506	11326.9	0	0
XM_026487961.3	6105	5925.9	0	0
XM_026487977.3	1109	929.905	42	19.3921
XM_026487978.3	1819	1639.9	20.7583	5.43483
XM_026487979.3	1661	1481.9	15.2417	4.41598
XM_026487980.3	912	732.98	358	209.703
XM_026487988.3	2557	2377.9	110	19.8615
XM_026487991.3	5933	5753.9	1.02588e-07	7.65506e-09
XM_026487993.3	9838	9658.9	0.000129367	5.75057e-06
XM_026487996.3	7641	7461.9	2.35417	0.135457
XM_026487997.3	9745	9565.9	39.3745	1.76727
XM_026488000.3	8246	8066.9	220.951	11.7598
XM_026488001.3	6007	5827.9	21	1.54711
XM_026488002.3	3166	2986.9	0	0
XM_026488004.3	2852	2672.9	7	1.12442
XM_026488005.3	2991	2811.9	0.000195495	2.98502e-05
XM_026488006.3	2969	2789.9	5.53081	0.851163
XM_026488007.3	2976	2796.9	5.46899	0.839544
XM_026488010.3	2893	2713.9	2	0.316409
XM_026488014.3	2013	1833.9	0	0
XM_026488015.3	2139	1959.9	4	0.876271
XM_026488016.3	2436	2256.9	0	0
XM_026488017.3	6155	5975.9	62	4.45453
XM_026488018.3	6185	6005.9	0	0
XM_026488019.3	6129	5949.9	0	0
XM_026488020.3	3683	3503.9	0	0
XM_026488021.3	2227	2047.9	3	0.628963
XM_026488023.3	1279	1099.9	58.9083	22.9951
XM_026488025.3	1522	1342.9	3	0.959157
XM_026488026.3	688	508.98	142	119.785
XM_026488027.3	556	377.018	14.4685	16.4769
XM_026488029.2	921	741.98	0	0
XM_026488030.3	7858	7678.9	0	0
XM_026488031.3	7843	7663.9	0	0
XM_026488033.3	7549	7369.9	12	0.69909
XM_026488034.3	3128	2948.9	0	0
XM_026488035.3	3058	2878.9	29.3766	4.38114
XM_026488038.3	4299	4119.9	0	0
XM_026488040.3	3588	3408.9	5.62447e-07	7.08403e-08
XM_026488041.3	3338	3158.9	14.5481	1.97734
XM_026488042.3	3329	3149.9	15.1339	2.06285
XM_026488043.3	2669	2489.9	0	0
XM_026488045.3	3780	3600.9	0	0
XM_026488048.3	3612	3432.9	0	0
XM_026488055.3	2281	2101.9	0	0
XM_026488060.3	1473	1293.9	56.9203	18.8877
XM_026488061.3	3583	3403.9	0.000382443	4.82396e-05
XM_026488062.3	1644	1464.9	0	0
XM_026488063.3	3151	2971.9	9.90368	1.43079
XM_026488064.3	1857	1677.9	18.9896	4.85916
XM_026488065.2	998	818.905	0	0
XM_026488070.3	3564	3384.9	30.7908	3.9056
XM_026488071.3	1190	1010.9	146.627	62.2757
XM_026488072.3	574	394.98	224	243.493
XM_026488073.3	2780	2600.9	1	0.165078
XM_026488077.3	2583	2403.9	5.9428	1.06142
XM_026488078.3	2400	2220.9	7	1.35326
XM_026488079.3	520	341.091	0	0
XM_026488081.3	4437	4257.9	1	0.100836
XM_026488082.3	2232	2052.9	11	2.30058
XM_026488083.3	3625	3445.9	10.7151	1.33508
XM_026488084.3	2756	2576.9	0	0
XM_026488085.3	3433	3253.9	0	0
XM_026488088.3	1271	1091.9	15.4279	6.06645
XM_026488089.3	1103	923.905	1.88204	0.874609
XM_026488090.3	3706	3526.9	110.964	13.5083
XM_026488097.2	939	759.905	0	0
XM_026488099.1	969	789.905	0	0
XM_026488100.2	933	753.98	0	0
XM_026488101.3	1314	1134.9	1317	498.241
XM_026488102.1	933	753.98	0	0
XM_026488104.2	933	753.98	0	0
XM_026488106.3	4270	4090.9	10	1.04953
XM_026488108.3	8866	8686.9	12	0.593102
XM_026488109.3	3161	2981.9	0	0
XM_026488110.3	3158	2978.9	42	6.05349
XM_026488111.3	3524	3344.9	0	0
XM_026488112.3	3614	3434.9	64	7.99979
XM_026488113.3	3599	3419.9	0	0
XM_026488114.3	3522	3342.9	0	0
XM_026488115.3	3674	3494.9	1.08035	0.132722
XM_026488117.3	3633	3453.9	0	0
XM_026488118.3	2521	2341.9	215	39.4169
XM_026488119.3	8735	8555.9	2	0.100364
XM_026488122.3	2120	1940.9	19	4.20303
XM_026488123.3	3609	3429.9	0	0
XM_026488126.3	5800	5620.9	0.845703	0.0645989
XM_026488128.3	1835	1655.9	5.69031	1.47541
XM_026488131.3	1940	1760.9	12.5393	3.05739
XM_026488132.3	3387	3207.9	81	10.8412
XM_026488134.3	6569	6389.9	95.7685	6.4349
XM_026488135.3	6431	6251.9	0	0
XM_026488136.3	1960	1780.9	264	63.6468
XM_026488137.3	5865	5685.9	4	0.302047
XM_026488138.3	1488	1308.9	9	2.95221
XM_026488139.3	1521	1341.9	0	0
XM_026488140.3	1872	1692.9	99.1977	25.1584
XM_026488141.3	1913	1733.9	516.802	127.971
XM_026488142.3	1699	1519.9	52	14.6893
XM_026488143.3	1149	969.905	5	2.21337
XM_026488144.3	1126	946.905	0	0
XM_026488145.3	1136	956.905	1	0.448688
XM_026488146.3	1176	996.905	20	8.6137
XM_026488147.3	1815	1635.9	11	2.88701
XM_026488148.1	573	393.98	0	0
XM_026488149.3	583	403.98	5	5.31402
XM_026488150.3	476	297.277	0	0
XM_026488151.2	480	301.247	0	0
XM_026488152.3	6736	6556.9	1.90169	0.124524
XM_026488154.3	654	474.98	15	13.559
XM_026488157.2	1101	921.905	0	0
XM_026488158.3	6733	6553.9	18.2242	1.19388
XM_026488159.3	5043	4863.9	0	0
XM_026488160.3	7939	7759.9	0	0
XM_026488162.3	8110	7930.9	19	1.02859
XM_026488163.3	1370	1190.9	0	0
XM_026488164.3	3850	3670.9	70	8.18726
XM_026488165.3	3707	3527.9	0	0
XM_026488166.3	309	137.706	0	0
XM_026488167.3	6726	6546.9	0.0332944	0.00218348
XM_026488168.1	999	819.905	0	0
XM_026488169.2	2571	2391.9	2	0.359004
XM_026488173.3	6711	6531.9	70.8583	4.65763
XM_026488174.3	3532	3352.9	11	1.40859
XM_026488176.3	4585	4405.9	1	0.0974492
XM_026488179.3	5148	4968.9	5.98162	0.516859
XM_026488180.3	6642	6462.9	0.000115247	7.65622e-06
XM_026488182.3	3947	3767.9	7	0.797649
XM_026488185.3	3858	3678.9	0	0
XM_026488188.3	6573	6393.9	6.24834	0.419577
XM_026488192.3	4350	4170.9	0	0
XM_026488194.3	4272	4092.9	19	1.99313
XM_026488195.3	4231	4051.9	0	0
XM_026488196.3	4135	3955.9	0	0
XM_026488197.3	4060	3880.9	0	0
XM_026488199.3	3805	3625.9	0	0
XM_026488202.3	3498	3318.9	18	2.32858
XM_026488207.3	3484	3304.9	3.05643e-08	3.97072e-09
XM_026488208.3	6519	6339.9	1.07185	0.0725881
XM_026488214.3	9758	9578.9	10.0457	0.450274
XM_026488217.3	6501	6321.9	0	0
XM_026488218.3	11164	10984.9	297.954	11.6457
XM_026488220.3	5221	5041.9	0	0
XM_026488223.3	3831	3651.9	1	0.117569
XM_026488226.3	6480	6300.9	6.54452	0.445952
XM_026488227.3	7949	7769.9	1.04343	0.057658
XM_026488234.3	2824	2644.9	3	0.486995
XM_026488235.3	6456	6276.9	19	1.29964
XM_026488236.3	6426	6246.9	3.73606e-05	2.56781e-06
XM_026488237.3	3241	3061.9	0	0
XM_026488239.3	3233	3053.9	9.33146	1.31192
XM_026488240.3	3983	3803.9	0.0453817	0.0051223
XM_026488241.3	3970	3790.9	3.95462	0.447894
XM_026488242.3	2127	1947.9	105.871	23.3358
XM_026488243.3	2392	2212.9	1	0.194022
XM_026488244.3	6374	6194.9	0	0
XM_026488247.3	1164	984.905	0	0
XM_026488248.3	1330	1150.9	0	0
XM_026488250.3	921	741.98	0	0
XM_026488251.3	1128	948.905	0	0
XM_026488253.2	942	762.905	0	0
XM_026488254.3	6339	6159.9	0.0644331	0.00449105
XM_026488258.3	2083	1903.9	0	0
XM_026488259.3	5344	5164.9	9.54163	0.793183
XM_026488260.3	3415	3235.9	0	0
XM_026488261.3	3319	3139.9	18.0005	2.46139
XM_026488262.3	1056	876.905	0	0
XM_026488263.3	6272	6092.9	0	0
XM_026488264.3	4337	4157.9	8	0.826093
XM_026488265.3	1250	1070.9	0	0
XM_026488267.3	1016	836.905	0	0
XM_026488268.3	1057	877.905	0	0
XM_026488270.2	647	467.98	0	0
XM_026488271.3	6263	6083.9	3.85164	0.271817
XM_026488274.3	951	771.905	0	0
XM_026488276.3	1449	1269.9	2	0.676196
XM_026488279.3	6221	6041.9	24.9531	1.77322
XM_026488282.3	2242	2062.9	238.391	49.6163
XM_026488283.2	878	698.98	3.60867	2.21664
XM_026488287.3	786	606.98	0	0
XM_026488288.3	6191	6011.9	0	0
XM_026488290.2	875	695.98	443.041	273.313
XM_026488291.2	765	585.98	0	0
XM_026488292.2	756	576.98	0	0
XM_026488293.2	741	561.98	0	0
XM_026488297.3	6182	6002.9	0	0
XM_026488298.3	941	761.905	1	0.563525
XM_026488299.3	1652	1472.9	0	0
XM_026488302.3	6050	5870.9	0	0
XM_026488305.3	879	699.98	56.2709	34.5153
XM_026488306.3	882	702.98	38.7277	23.6533
XM_026488307.3	835	655.98	0	0
XM_026488308.3	836	656.98	9.3464	6.10809
XM_026488310.2	657	477.98	0	0
XM_026488311.2	555	376.018	0	0
XM_026488312.3	1202	1022.9	0	0
XM_026488314.3	441	262.525	0	0
XM_026488315.3	3146	2966.9	0	0
XM_026488316.3	795	615.98	0	0
XM_026488318.3	3929	3749.9	6	0.686981
XM_026488319.3	3900	3720.9	29	3.34628
XM_026488320.3	1481	1301.9	1	0.329788
XM_026488323.3	1936	1756.9	0	0
XM_026488324.3	2272	2092.9	0	0
XM_026488325.3	919	739.98	0	0
XM_026488326.3	780	600.98	0	0
XM_026488327.3	2073	1893.9	0	0
XM_026488328.3	837	657.98	0	0
XM_026488330.2	780	600.98	0	0
XM_026488331.3	888	708.98	4	2.42236
XM_026488335.2	945	765.905	0	0
XM_026488336.2	813	633.98	0	0
XM_026488337.2	921	741.98	0	0
XM_026488338.3	6398	6218.9	0	0
XM_026488340.3	2029	1849.9	0	0
XM_026488343.3	6571	6391.9	0	0
XM_026488345.3	3632	3452.9	6	0.746071
XM_026488346.3	1879	1699.9	0	0
XM_026488347.3	1905	1725.9	55.3544	13.7705
XM_026488348.3	1882	1702.9	17	4.2862
XM_026488349.3	6394	6214.9	0	0
XM_026488350.3	1521	1341.9	23	7.35901
XM_026488351.3	2182	2002.9	17.2123	3.68972
XM_026488352.3	2207	2027.9	48.7877	10.3294
XM_026488353.3	997	817.905	0	0
XM_026488354.3	955	775.905	0	0
XM_026488356.3	1731	1551.9	0	0
XM_026488357.3	1610	1430.9	0	0
XM_026488360.3	1243	1063.9	0	0
XM_026488361.3	1088	908.905	9	4.25146
XM_026488362.3	2495	2315.9	1	0.185393
XM_026488365.3	1890	1710.9	0	0
XM_026488366.3	6299	6119.9	0	0
XM_026488369.2	2892	2712.9	26.7843	4.23896
XM_026488373.3	5975	5795.9	26	1.92604
XM_026488376.3	3949	3769.9	28.1676	3.20799
XM_026488377.3	9426	9246.9	14.8324	0.688697
XM_026488378.3	1033	853.905	32	16.0899
XM_026488379.3	2329	2149.9	548	109.44
XM_026488382.3	852	672.98	0	0
XM_026488384.3	3401	3221.9	2	0.266521
XM_026488385.3	3366	3186.9	0	0
XM_026488387.3	5082	4902.9	0	0
XM_026488388.3	5058	4878.9	19.1171	1.68234
XM_026488390.3	6309	6129.9	0	0
XM_026488394.3	5787	5607.9	21.1221	1.61714
XM_026488395.3	3663	3483.9	21.8779	2.69621
XM_026488398.3	2455	2275.9	4	0.754604
XM_026488405.3	2687	2507.9	1.24068e-06	2.12404e-07
XM_026488406.3	2684	2504.9	5.916e-06	1.01403e-06
XM_026488409.3	2661	2481.9	0.999993	0.172992
XM_026488413.3	2644	2464.9	2	0.348372
XM_026488414.3	2417	2237.9	0	0
XM_026488423.3	2284	2104.9	0	0
XM_026488425.3	3089	2909.9	0	0
XM_026488426.3	2377	2197.9	1	0.195346
XM_026488431.3	1875	1695.9	0	0
XM_026488433.3	1629	1449.9	0	0
XM_026488434.3	1658	1478.9	10	2.90318
XM_026488435.3	2970	2790.9	62	9.53806
XM_026488436.3	3110	2930.9	0	0
XM_026488443.3	2986	2806.9	22.892	3.50162
XM_026488445.3	2920	2740.9	0	0
XM_026488447.3	2242	2062.9	0	0
XM_026488448.3	2110	1930.9	6.63541	1.47544
XM_026488449.3	2172	1992.9	0	0
XM_026488451.3	1819	1639.9	9.36459	2.45179
XM_026488455.3	2096	1916.9	2	0.447964
XM_026488457.3	1474	1294.9	0	0
XM_026488458.3	1520	1340.9	0	0
XM_026488465.3	1714	1534.9	0	0
XM_026488467.3	4306	4126.9	26.0896	2.7143
XM_026488469.3	1517	1337.9	40.2261	12.9091
XM_026488470.3	1600	1420.9	7.7739	2.34902
XM_026488471.3	1439	1259.9	0	0
XM_026488473.3	1536	1356.9	1	0.31642
XM_026488477.3	1089	909.905	0	0
XM_026488488.3	928	748.98	0	0
XM_026488492.3	5005	4825.9	4.69921	0.41808
XM_026488493.3	4082	3902.9	2	0.220017
XM_026488494.3	2526	2346.9	30.2598	5.53584
XM_026488495.3	2450	2270.9	0.740242	0.139955
XM_026488496.3	1041	861.905	14	6.97401
XM_026488498.3	1486	1306.9	0	0
XM_026488499.3	4074	3894.9	0	0
XM_026488502.3	1192	1012.9	0	0
XM_026488503.3	860	680.98	9	5.67442
XM_026488506.3	2480	2300.9	178	33.215
XM_026488510.3	3313	3133.9	0	0
XM_026488512.3	1175	995.905	0	0
XM_026488513.3	1164	984.905	0	0
XM_026488514.3	1028	848.905	38	19.2193
XM_026488517.3	1012	832.905	31	15.9801
XM_026488519.3	1578	1398.9	9	2.76228
XM_026488521.3	1469	1289.9	0	0
XM_026488526.2	732	552.98	1742	1352.55
XM_026488527.3	1972	1792.9	0	0
XM_026488528.2	545	366.056	543	636.893
XM_026488529.1	546	367.056	0	0
XM_026488530.3	1869	1689.9	0	0
XM_026488531.3	979	799.905	1	0.536754
XM_026488532.3	853	673.98	0	0
XM_026488533.3	552	373.018	1	1.15102
XM_026488535.3	384	206.757	317	658.282
XM_026488539.3	267	103.51	0	0
XM_026488545.3	8588	8408.9	0	0
XM_026488546.3	8585	8405.9	0	0
XM_026488548.3	8270	8090.9	2.00268	0.106274
XM_026488551.3	2394	2214.9	0	0
XM_026488555.3	5398	5218.9	0	0
XM_026488562.3	3956	3776.9	116	13.1867
XM_026488563.3	945	765.905	0	0
XM_026488564.3	2378	2198.9	1	0.195257
XM_026488565.2	1059	879.905	0	0
XM_026488566.3	924	744.98	0	0
XM_026488567.3	948	768.905	0	0
XM_026488569.3	3639	3459.9	7	0.868655
XM_026488570.3	5291	5111.9	4.85662e-06	4.0791e-07
XM_026488571.1	411	233.12	0	0
XM_026488572.3	1532	1352.9	2	0.634711
XM_026488574.2	381	203.84	0	0
XM_026488575.3	1428	1248.9	0	0
XM_026488576.3	2433	2253.9	19	3.61936
XM_026488577.3	5234	5054.9	11	0.934314
XM_026488578.3	940	760.905	51.397	29.0015
XM_026488580.3	1734	1554.9	517	142.758
XM_026488583.3	987	807.905	0	0
XM_026488586.2	972	792.905	0	0
XM_026488588.2	936	756.98	0	0
XM_026488589.2	963	783.905	0	0
XM_026488590.1	930	750.98	0	0
XM_026488591.2	612	432.98	0	0
XM_026488592.3	948	768.905	0	0
XM_026488593.2	948	768.905	0	0
XM_026488595.3	4851	4671.9	40	3.67603
XM_026488596.3	3424	3244.9	71	9.39442
XM_026488597.2	927	747.98	0	0
XM_026488598.3	852	672.98	69.9613	44.6343
XM_026488599.3	923	743.98	21.0387	12.1414
XM_026488600.3	698	518.98	66.0461	54.6398
XM_026488601.3	3879	3699.9	875	101.539
XM_026488602.3	695	515.98	60.9539	50.7203
XM_026488605.3	3659	3479.9	4	0.493521
XM_026488611.3	7022	6842.9	46.4795	2.91631
XM_026488613.3	1508	1328.9	178	57.5095
XM_026488616.3	15159	14979.9	137.14	3.93069
XM_026488618.3	1549	1369.9	2.63951	0.827268
XM_026488619.3	1667	1487.9	0	0
XM_026488620.3	1349	1169.9	0	0
XM_026488622.2	998	818.905	220	115.346
XM_026488623.3	7339	7159.9	0	0
XM_026488659.3	5320	5140.9	9.93453	0.8297
XM_026488660.3	5097	4917.9	0	0
XM_026488661.3	6636	6456.9	0	0
XM_026488662.3	6530	6350.9	0	0
XM_026488663.3	4990	4810.9	0	0
XM_026488664.3	3413	3233.9	0	0
XM_026488665.3	4827	4647.9	0	0
XM_026488666.3	2850	2670.9	5.64833	0.907978
XM_026488669.3	5632	5452.9	0	0
XM_026488670.3	5329	5149.9	13	1.08382
XM_026488672.3	3054	2874.9	4	0.597379
XM_026488673.3	9020	8840.9	143.09	6.94905
XM_026488674.3	3553	3373.9	0	0
XM_026488675.3	2016	1836.9	97.6552	22.8256
XM_026488681.3	16599	16419.9	2.02239e-08	5.28819e-10
XM_026488689.3	4492	4312.9	0	0
XM_026488690.3	4288	4108.9	1	0.104493
XM_026488691.3	3002	2822.9	0	0
XM_026488692.3	2992	2812.9	0	0
XM_026488693.3	2992	2812.9	0	0
XM_026488696.3	6856	6676.9	796	51.186
XM_026488698.3	4690	4510.9	1	0.0951809
XM_026488700.3	8919	8739.9	69.2875	3.40378
XM_026488701.3	8848	8668.9	0	0
XM_026488702.3	7292	7112.9	0	0
XM_026488705.3	4264	4084.9	13.616	1.43114
XM_026488707.3	3101	2921.9	4.31094	0.63346
XM_026488709.3	3230	3050.9	0	0
XM_026488710.3	2979	2799.9	17.6745	2.7103
XM_026488713.3	4020	3840.9	98	10.9548
XM_026488714.1	1161	981.905	0	0
XM_026488717.2	873	693.98	0	0
XM_026488718.3	2383	2203.9	148	28.8325
XM_026488728.3	3229	3049.9	258.082	36.3317
XM_026488729.3	3181	3001.9	112.265	16.0569
XM_026488739.3	4029	3849.9	0	0
XM_026488741.3	3989	3809.9	25.9198	2.921
XM_026488742.3	3979	3799.9	0	0
XM_026488743.3	3934	3754.9	0	0
XM_026488744.3	3106	2926.9	0	0
XM_026488745.3	2342	2162.9	56	11.1164
XM_026488746.3	1656	1476.9	0	0
XM_026488750.3	7459	7279.9	44.34	2.61507
XM_026488758.3	4061	3881.9	21	2.32267
XM_026488760.3	6759	6579.9	0	0
XM_026488761.3	6683	6503.9	0	0
XM_026488762.3	6665	6485.9	0	0
XM_026488763.3	6588	6408.9	1.63938	0.109827
XM_026488764.3	6646	6466.9	0	0
XM_026488767.3	3612	3432.9	0	0
XM_026488770.3	3853	3673.9	0	0
XM_026488774.3	3691	3511.9	0	0
XM_026488776.3	3430	3250.9	0	0
XM_026488777.3	1451	1271.9	0	0
XM_026488778.3	1471	1291.9	0	0
XM_026488779.3	3297	3117.9	702.163	96.6916
XM_026488781.3	3691	3511.9	0	0
XM_026488782.3	3661	3481.9	35.3466	4.35857
XM_026488783.3	1605	1425.9	25.6534	7.72447
XM_026488787.3	1575	1395.9	0	0
XM_026488789.3	1664	1484.9	7	2.02401
XM_026488791.3	1850	1670.9	12.5632	3.22821
XM_026488792.3	1717	1537.9	7.43681	2.07621
XM_026488793.3	1213	1033.9	0	0
XM_026488794.3	1316	1136.9	0	0
XM_026488796.3	5701	5521.9	15.7291	1.223
XM_026488799.3	829	649.98	1	0.660561
XM_026488801.3	4001	3821.9	13	1.46042
XM_026488802.2	384	206.757	0	0
XM_026488805.3	3582	3402.9	15	1.89258
XM_026488806.3	3489	3309.9	0	0
XM_026488809.2	1053	873.905	0	0
XM_026488810.3	4526	4346.9	91	8.98824
XM_026488811.3	4444	4264.9	2.02091e-07	2.03447e-08
XM_026488814.3	2099	1919.9	0	0
XM_026488815.3	2032	1852.9	0.000296754	6.87634e-05
XM_026488820.3	5520	5340.9	31.1598	2.50491
XM_026488822.3	5220	5040.9	0	0
XM_026488824.3	5127	4947.9	0	0
XM_026488826.3	5886	5706.9	0	0
XM_026488827.3	5229	5049.9	0	0
XM_026488830.3	8395	8215.9	0	0
XM_026488831.3	8397	8217.9	0	0
XM_026488835.3	7232	7052.9	15	0.913139
XM_026488837.3	6532	6352.9	0.344823	0.0233043
XM_026488838.3	4664	4484.9	14.2208	1.3614
XM_026488840.3	4548	4368.9	0	0
XM_026488854.3	1323	1143.9	5.06237	1.90011
XM_026488857.3	1635	1455.9	52.4567	15.4697
XM_026488858.3	1517	1337.9	33.5433	10.7645
XM_026488859.3	1527	1347.9	0	0
XM_026488860.3	1209	1029.9	1099	458.157
XM_026488861.3	1763	1583.9	10.085	2.73376
XM_026488862.3	1722	1542.9	314.74	87.5842
XM_026488865.3	2856	2676.9	0	0
XM_026488866.3	2464	2284.9	0	0
XM_026488867.3	2661	2481.9	0	0
XM_026488868.3	1712	1532.9	5.49539	1.53921
XM_026488870.3	4228	4048.9	29.7677	3.15661
XM_026488871.3	7127	6947.9	0	0
XM_026488872.3	1754	1574.9	1	0.272621
XM_026488874.3	1917	1737.9	0	0
XM_026488875.1	852	672.98	0	0
XM_026488878.1	1275	1095.9	0	0
XM_026488879.3	4318	4138.9	27	2.80086
XM_026488880.3	2108	1928.9	79.7519	17.7519
XM_026488881.3	2274	2094.9	0	0
XM_026488884.3	2016	1836.9	39.3256	9.19184
XM_026488885.3	3443	3263.9	21.0138	2.76428
XM_026488886.3	1693	1513.9	18	5.1049
XM_026488888.3	2946	2766.9	1	0.155174
XM_026488889.2	1016	836.905	100	51.3024
XM_026488892.3	15405	15225.9	240.563	6.78359
XM_026488893.3	14945	14765.9	0	0
XM_026488894.3	14902	14722.9	108.167	3.15439
XM_026488895.3	14920	14740.9	144.163	4.19899
XM_026488897.3	14825	14645.9	0.000861763	2.5263e-05
XM_026488898.3	14783	14603.9	0.000373165	1.0971e-05
XM_026488902.3	5193	5013.9	0	0
XM_026488904.3	5108	4928.9	34.5972	3.01373
XM_026488906.3	5491	5311.9	2	0.161656
XM_026488907.3	3636	3456.9	18.9921	2.35884
XM_026488910.2	3029	2849.9	0	0
XM_026488918.3	2180	2000.9	295.219	63.3477
XM_026488919.2	1195	1015.9	1181.1	499.166
XM_026488920.2	1024	844.905	4341.57	2206.24
XM_026488921.3	1866	1686.9	0	0
XM_026488922.3	1793	1613.9	4.78903	1.27404
XM_026488923.3	1570	1390.9	0	0
XM_026488924.3	1456	1276.9	0.210966	0.0709361
XM_026488925.3	2226	2046.9	20	4.19513
XM_026488926.3	1908	1728.9	0	0
XM_026488928.3	4598	4418.9	0	0
XM_026488930.3	4223	4043.9	32	3.39752
XM_026488931.3	10846	10666.9	60.2738	2.42607
XM_026488936.3	1417	1237.9	3	1.04051
XM_026488937.3	2581	2401.9	0	0
XM_026488938.3	2973	2793.9	6.98445	1.07333
XM_026488939.3	2665	2485.9	27.0155	4.66598
XM_026488940.3	1555	1375.9	50.5325	15.7687
XM_026488941.3	1720	1540.9	0	0
XM_026488952.3	10453	10273.9	0	0
XM_026488953.3	2167	1987.9	3	0.647946
XM_026488956.3	2434	2254.9	0	0
XM_026488957.3	2261	2081.9	0.0453153	0.00934538
XM_026488959.3	2262	2082.9	0.0242148	0.00499143
XM_026488960.3	4372	4192.9	13	1.3312
XM_026488962.3	741	561.98	14	10.696
XM_026488963.3	2488	2308.9	6	1.11573
XM_026488965.3	1788	1608.9	7	1.86802
XM_026488966.3	2224	2044.9	0	0
XM_026488967.3	2178	1998.9	7	1.50356
XM_026488970.3	3326	3146.9	9	1.22793
XM_026488982.3	7971	7791.9	302.01	16.6415
XM_026488989.3	2407	2227.9	78.0569	15.0428
XM_026488990.3	701	521.98	2	1.64509
XM_026488992.3	4391	4211.9	1	0.101938
XM_026488993.3	3384	3204.9	6	0.803803
XM_026488995.3	566	386.98	0	0
XM_026488996.3	1974	1794.9	19	4.54491
XM_026488998.3	1964	1784.9	1	0.240546
XM_026488999.3	2600	2420.9	0	0
XM_026489000.3	1465	1285.9	17	5.67615
XM_026489001.3	1462	1282.9	0	0
XM_026489002.3	589	409.98	1	1.04725
XM_026489004.3	13960	13780.9	0	0
XM_026489005.3	4316	4136.9	2.49092	0.258522
XM_026489006.3	12540	12360.9	4.50908	0.156622
XM_026489007.3	1262	1082.9	0	0
XM_026489011.3	1452	1272.9	5.43976	1.83484
XM_026489012.3	1271	1091.9	0	0
XM_026489013.3	1218	1038.9	13.5614	5.60458
XM_026489014.2	1506	1326.9	0	0
XM_026489015.3	2844	2664.9	581	93.6069
XM_026489017.3	7031	6851.9	136	8.52199
XM_026489018.3	2846	2666.9	14	2.2539
XM_026489020.3	1406	1226.9	0	0
XM_026489021.3	1894	1714.9	0	0
XM_026489024.3	3894	3714.9	0	0
XM_026489025.3	3658	3478.9	0	0
XM_026489027.3	691	511.98	22.645	18.9903
XM_026489028.3	1677	1497.9	1.39246	0.399128
XM_026489029.3	786	606.98	7.86815	5.56559
XM_026489030.3	2964	2784.9	3.56924	0.550274
XM_026489031.3	1088	908.905	2.52696	1.19369
XM_026489035.3	6766	6586.9	10	0.651827
XM_026489037.3	5748	5568.9	4	0.308392
XM_026489042.3	3288	3108.9	96.8777	13.3792
XM_026489043.3	2276	2096.9	21.0744	4.31509
XM_026489046.3	2077	1897.9	7.92558	1.79296
XM_026489047.3	7347	7167.9	21.6002	1.29383
XM_026489051.3	2857	2677.9	1.31849	0.211395
XM_026489052.3	2854	2674.9	5.69319	0.91382
XM_026489054.3	2919	2739.9	0	0
XM_026489055.3	948	768.905	1	0.558394
XM_026489058.3	5973	5793.9	1.94615	0.144218
XM_026489062.3	1933	1753.9	0	0
XM_026489063.3	2004	1824.9	0	0
XM_026489064.3	1936	1756.9	0	0
XM_026489067.3	1870	1690.9	0	0
XM_026489068.3	1530	1350.9	9.61659	3.0564
XM_026489069.3	2002	1822.9	77.3834	18.2263
XM_026489072.3	4563	4383.9	0	0
XM_026489073.3	4425	4245.9	2.14404	0.216809
XM_026489074.3	4419	4239.9	13.5736	1.37453
XM_026489075.3	5461	5281.9	179.801	14.6155
XM_026489077.3	5432	5252.9	102.794	8.40195
XM_026489079.3	1987	1807.9	70	16.624
XM_026489080.3	8987	8807.9	0	0
XM_026489081.3	6678	6498.9	0	0
XM_026489082.3	6591	6411.9	0	0
XM_026489084.3	6481	6301.9	2.8162e-08	1.91869e-09
XM_026489085.3	3742	3562.9	0	0
XM_026489086.3	3331	3151.9	0	0
XM_026489087.3	5552	5372.9	22.8907	1.82921
XM_026489088.3	1878	1698.9	25	6.31807
XM_026489089.3	2636	2456.9	139.86	24.4409
XM_026489090.3	646	466.98	28.1404	25.8729
XM_026489091.2	1149	969.905	2	0.885349
XM_026489092.2	1329	1149.9	0	0
XM_026489093.3	4148	3968.9	570.633	61.7305
XM_026489094.3	6084	5904.9	182.803	13.2918
XM_026489095.2	1020	840.905	0	0
XM_026489096.1	1032	852.905	0	0
XM_026489098.3	3801	3621.9	14	1.6596
XM_026489099.3	2496	2316.9	0.00134023	0.000248362
XM_026489100.3	2479	2299.9	19.9987	3.7334
XM_026489101.3	1938	1758.9	0	0
XM_026489102.3	2488	2308.9	0	0
XM_026489103.3	983	803.905	0	0
XM_026489104.3	2395	2215.9	0	0
XM_026489109.3	3893	3713.9	14.3562	1.65967
XM_026489110.3	5443	5263.9	7.00352	0.571244
XM_026489112.3	1815	1635.9	5	1.31228
XM_026489113.3	3260	3080.9	14.8383	2.06785
XM_026489117.3	2459	2279.9	12.0843	2.27572
XM_026489118.3	1893	1713.9	7.9157	1.98297
XM_026489119.3	1367	1187.9	6.88587	2.4888
XM_026489120.3	1407	1227.9	75.1141	26.2646
XM_026489122.2	1143	963.905	1	0.44543
XM_026489123.1	1095	915.905	0	0
XM_026489124.3	5394	5214.9	14.4967	1.19354
XM_026489125.3	1249	1069.9	36.6301	14.6996
XM_026489128.2	1794	1614.9	4.44008e-07	1.18048e-07
XM_026489129.2	1236	1056.9	0	0
XM_026489130.3	4023	3843.9	68	7.59538
XM_026489132.3	1566	1386.9	0	0
XM_026489133.3	2036	1856.9	107	24.7405
XM_026489134.3	575	395.98	0	0
XM_026489135.3	8451	8271.9	36.9652	1.91867
XM_026489136.2	1467	1287.9	3	1.00012
XM_026489137.3	1318	1138.9	6.44929	2.4313
XM_026489138.3	1244	1064.9	20.7597	8.36995
XM_026489139.3	8493	8313.9	191.584	9.89392
XM_026489140.3	8469	8289.9	468.416	24.2602
XM_026489141.3	11194	11014.9	0	0
XM_026489144.3	11058	10878.9	45.3528	1.78991
XM_026489146.3	7476	7296.9	11.1036	0.653338
XM_026489147.3	1341	1161.9	0	0
XM_026489148.3	1694	1514.9	1	0.283418
XM_026489149.3	2497	2317.9	0	0
XM_026489150.3	2406	2226.9	8	1.54242
XM_026489151.3	9862	9682.9	48.4025	2.14623
XM_026489152.3	11481	11301.9	5.5975	0.212645
XM_026489153.3	9865	9685.9	0	0
XM_026489154.3	9844	9664.9	0	0
XM_026489157.1	963	783.905	0	0
XM_026489158.2	3078	2898.9	95.4297	14.1339
XM_026489159.1	330	156.434	0	0
XM_026489160.3	1315	1135.9	0	0
XM_026489161.3	2010	1830.9	348	81.6069
XM_026489162.1	1161	981.905	0	0
XM_026489163.3	2020	1840.9	3	0.699686
XM_026489165.3	1936	1756.9	21	5.13198
XM_026489167.3	1379	1199.9	275.326	98.5177
XM_026489168.3	1361	1181.9	220.146	79.9726
XM_026489169.3	837	657.98	22723.7	14827.9
XM_026489170.3	558	379.018	2.34836	2.66022
XM_026489171.3	1303	1123.9	0	0
XM_026489172.3	1243	1063.9	28	11.2997
XM_026489173.2	1426	1246.9	0	0
XM_026489177.3	1483	1303.9	19	6.25635
XM_026489178.3	1641	1461.9	61.7231	18.1277
XM_026489179.3	1969	1789.9	59.2769	14.219
XM_026489182.3	10699	10519.9	0	0
XM_026489183.3	1350	1170.9	737	270.246
XM_026489184.3	830	650.98	190.14	125.406
XM_026489185.3	771	591.98	16.8596	12.228
XM_026489186.3	4616	4436.9	12.4369	1.2035
XM_026489187.3	1131	951.905	1.33175	0.60068
XM_026489189.3	810	630.98	0.231322	0.157403
XM_026489190.3	6402	6222.9	23	1.58689
XM_026489194.3	3576	3396.9	149	18.8329
XM_026489195.3	3372	3192.9	0	0
XM_026489196.3	5864	5684.9	11	0.830774
XM_026489200.3	4906	4726.9	41	3.72409
XM_026489201.3	2328	2148.9	49	9.79022
XM_026489202.3	3530	3350.9	4	0.512521
XM_026489203.2	1489	1309.9	0	0
XM_026489204.3	2122	1942.9	101	22.3194
XM_026489208.3	5060	4880.9	5.93335	0.521931
XM_026489210.3	2312	2132.9	11	2.21429
XM_026489216.3	1596	1416.9	67	20.3024
XM_026489217.3	2287	2107.9	6	1.22212
XM_026489218.2	546	367.056	0	0
XM_026489220.3	2787	2607.9	0	0
XM_026489221.3	6089	5909.9	0	0
XM_026489223.3	1659	1479.9	0	0
XM_026489224.3	2374	2194.9	13	2.54297
XM_026489226.3	3876	3696.9	0	0
XM_026489227.3	3158	2978.9	0	0
XM_026489228.3	3855	3675.9	0	0
XM_026489230.3	6474	6294.9	5.14084	0.350638
XM_026489231.3	3399	3219.9	2.54171	0.33892
XM_026489232.3	4389	4209.9	3.28697	0.335226
XM_026489233.3	2832	2652.9	0	0
XM_026489241.3	1504	1324.9	8	2.5925
XM_026489244.3	2025	1845.9	0	0
XM_026489246.3	4725	4545.9	0	0
XM_026489248.3	5661	5481.9	181.773	14.2368
XM_026489250.2	930	750.98	0	0
XM_026489251.3	5155	4975.9	160.109	13.8152
XM_026489256.3	1651	1471.9	0	0
XM_026489257.1	1122	942.905	0	0
XM_026489262.3	557	378.018	0	0
XM_026489264.3	3432	3252.9	0	0
XM_026489265.3	4408	4228.9	26	2.63973
XM_026489296.3	1834	1654.9	0	0
XM_026489297.3	4928	4748.9	81	7.32327
XM_026489299.3	842	662.98	162.949	105.527
XM_026489301.3	2117	1937.9	14.3548	3.18038
XM_026489307.3	2002	1822.9	2	0.471064
XM_026489309.3	2314	2134.9	0	0
XM_026489310.3	1330	1150.9	0	0
XM_026489313.3	1244	1064.9	0	0
XM_026489314.3	3531	3351.9	11.6185	1.48824
XM_026489323.3	4596	4416.9	0	0
XM_026489324.3	4725	4545.9	3.84146	0.362819
XM_026489333.3	1173	993.905	1	0.431985
XM_026489334.2	589	409.98	0	0
XM_026489335.3	5275	5095.9	1	0.0842543
XM_026489337.2	375	198.081	1	2.16755
XM_026489338.3	3896	3716.9	29	3.34989
XM_026489339.3	1503	1323.9	7	2.27015
XM_026489340.1	645	465.98	0	0
XM_026489342.1	951	771.905	0	0
XM_026489343.2	312	140.373	0	0
XM_026489344.3	3146	2966.9	0	0
XM_026489345.3	3086	2906.9	0	0
XM_026489346.3	2569	2389.9	0	0
XM_026489347.3	2593	2413.9	0	0
XM_026489348.3	2569	2389.9	26.3049	4.72574
XM_026489350.3	2928	2748.9	1.96566	0.307017
XM_026489353.3	9670	9490.9	51	2.30715
XM_026489354.3	685	505.98	0	0
XM_026489358.3	8937	8757.9	19.5085	0.956392
XM_026489360.3	4724	4544.9	0	0
XM_026489365.3	6588	6408.9	9	0.602937
XM_026489366.3	3692	3512.9	0	0
XM_026489367.3	3530	3350.9	26	3.33138
XM_026489369.3	12344	12164.9	0	0
XM_026489372.3	12441	12261.9	0	0
XM_026489374.3	12339	12159.9	47.8848	1.69076
XM_026489376.3	3464	3284.9	20	2.61409
XM_026489378.3	5025	4845.9	72	6.37927
XM_026489379.3	4140	3960.9	0	0
XM_026489383.3	9405	9225.9	82.3934	3.83439
XM_026489385.3	7357	7177.9	25	1.49539
XM_026489390.3	3509	3329.9	0	0
XM_026489391.3	1014	834.905	0	0
XM_026489392.3	945	765.905	0	0
XM_026489395.3	2690	2510.9	212	36.2509
XM_026489396.3	4852	4672.9	0	0
XM_026489397.3	5623	5443.9	0	0
XM_026489398.3	4499	4319.9	4.73038e-06	4.70149e-07
XM_026489403.3	2766	2586.9	7.6504	1.26975
XM_026489404.3	3867	3687.9	3.3496	0.389965
XM_026489406.3	2852	2672.9	8	1.28505
XM_026489415.3	5700	5520.9	21	1.63314
XM_026489417.3	2592	2412.9	22	3.91468
XM_026489419.3	3119	2939.9	0.195699	0.0285805
XM_026489420.3	3114	2934.9	1.8043	0.263954
XM_026489426.3	3130	2950.9	0	0
XM_026489428.3	3175	2995.9	31.2073	4.47242
XM_026489429.3	3079	2899.9	18.7927	2.78239
XM_026489430.3	3474	3294.9	14	1.82431
XM_026489433.3	5712	5532.9	0	0
XM_026489434.3	5684	5504.9	0	0
XM_026489435.3	5465	5285.9	2.25554	0.183208
XM_026489437.3	5458	5278.9	12.7142	1.03409
XM_026489440.3	6071	5891.9	17.0391	1.24166
XM_026489443.3	996	816.905	0	0
XM_026489445.3	975	795.905	95.985	51.7792
XM_026489446.3	958	778.905	29.015	15.9938
XM_026489447.3	778	598.98	1577	1130.4
XM_026489448.3	999	819.905	69	36.1326
XM_026489449.3	531	352.091	0	0
XM_026489453.2	924	744.98	0	0
XM_026489454.3	927	747.98	0	0
XM_026489455.2	939	759.905	0	0
XM_026489458.2	939	759.905	0	0
XM_026489459.2	954	774.905	0	0
XM_026489460.3	948	768.905	0	0
XM_026489461.3	969	789.905	0	0
XM_026489462.3	945	765.905	0	0
XM_026489463.3	945	765.905	0	0
XM_026489465.3	1130	950.905	0	0
XM_026489467.3	3457	3277.9	14.5786	1.90956
XM_026489468.3	3344	3164.9	28.2978	3.83888
XM_026489480.3	2366	2186.9	21	4.1229
XM_026489481.3	1502	1322.9	1055.3	342.499
XM_026489482.3	779	599.98	0	0
XM_026489484.3	459	280.391	1	1.53126
XM_026489485.3	505	326.091	0	0
XM_026489486.2	1374	1194.9	0	0
XM_026489488.3	2917	2737.9	2	0.313635
XM_026489490.3	853	673.98	0	0
XM_026489492.3	794	614.98	3	2.09447
XM_026489493.2	1156	976.905	22	9.66905
XM_026489495.3	2379	2199.9	0	0
XM_026489496.3	2678	2498.9	0	0
XM_026489498.3	832	652.98	46.4879	30.567
XM_026489499.3	804	624.98	3.51211	2.41277
XM_026489500.2	300	130.105	0	0
XM_026489501.3	3744	3564.9	3	0.361316
XM_026489503.3	621	441.98	1	0.971428
XM_026489504.1	228	75.9499	0	0
XM_026489505.3	432	253.732	0	0
XM_026489506.2	411	233.12	0	0
XM_026489508.3	2637	2457.9	518	90.4853
XM_026489510.3	2499	2319.9	0	0
XM_026489511.3	3629	3449.9	0	0
XM_026489512.3	3662	3482.9	34	4.19132
XM_026489513.3	3643	3463.9	0	0
XM_026489514.3	3663	3483.9	0	0
XM_026489516.3	9605	9425.9	0.224788	0.0102391
XM_026489517.3	6077	5897.9	0	0
XM_026489518.3	5825	5645.9	0	0
XM_026489520.3	6433	6253.9	2.40802	0.165319
XM_026489521.3	6421	6241.9	1.68277e-07	1.1575e-08
XM_026489522.3	4656	4476.9	0	0
XM_026489523.3	6340	6160.9	4.25426	0.296478
XM_026489524.3	945	765.905	0	0
XM_026489525.3	2698	2518.9	0	0
XM_026489526.3	2671	2491.9	31	5.34126
XM_026489527.2	945	765.905	0	0
XM_026489529.3	939	759.905	0	0
XM_026489530.3	4555	4375.9	15	1.47176
XM_026489531.3	5567	5387.9	6.11942	0.487645
XM_026489535.3	13267	13087.9	0	0
XM_026489536.3	6624	6444.9	28.4588	1.89589
XM_026489541.3	2166	1986.9	7	1.51264
XM_026489543.3	4302	4122.9	0	0
XM_026489544.2	20520	20340.9	0	0
XM_026489552.3	3947	3767.9	0	0
XM_026489559.2	3591	3411.9	0	0
XM_026489562.3	2178	1998.9	6	1.28876
XM_026489563.3	11513	11333.9	0.0660195	0.00250096
XM_026489564.3	15222	15042.9	8.7871	0.2508
XM_026489565.3	8123	7943.9	11.7545	0.635304
XM_026489567.3	2392	2212.9	136	26.387
XM_026489569.3	673	493.98	0	0
XM_026489570.1	666	486.98	0	0
XM_026489571.2	303	132.581	0	0
XM_026489572.3	3919	3739.9	7.68781	0.882583
XM_026489573.3	942	762.905	0	0
XM_026489575.2	993	813.905	0	0
XM_026489576.3	948	768.905	0	0
XM_026489577.3	942	762.905	0	0
XM_026489578.2	954	774.905	0	0
XM_026489579.3	954	774.905	0	0
XM_026489580.3	1814	1634.9	0	0
XM_026489581.3	960	780.905	0	0
XM_026489582.3	1111	931.905	0	0
XM_026489583.1	951	771.905	0	0
XM_026489584.3	945	765.905	0	0
XM_026489585.2	765	585.98	0	0
XM_026489586.2	990	810.905	0	0
XM_026489587.3	1122	942.905	0	0
XM_026489588.3	1499	1319.9	0	0
XM_026489589.2	942	762.905	0	0
XM_026489590.3	3152	2972.9	5	0.722108
XM_026489591.3	3037	2857.9	0	0
XM_026489592.3	4390	4210.9	0	0
XM_026489594.3	4092	3912.9	4	0.438909
XM_026489598.1	315	142.946	0	0
XM_026489600.3	1466	1286.9	0	0
XM_026489601.3	2882	2702.9	0	0
XM_026489602.3	4759	4579.9	0	0
XM_026489603.3	6216	6036.9	0	0
XM_026489604.3	3981	3801.9	1	0.112931
XM_026489607.3	960	780.905	0	0
XM_026489608.2	951	771.905	0	0
XM_026489609.3	936	756.98	0	0
XM_026489610.3	966	786.905	0	0
XM_026489611.2	966	786.905	0	0
XM_026489612.2	966	786.905	0	0
XM_026489613.2	948	768.905	0	0
XM_026489614.3	1201	1021.9	0	0
XM_026489615.1	948	768.905	0	0
XM_026489616.3	1647	1467.9	0	0
XM_026489617.2	945	765.905	0	0
XM_026489618.3	942	762.905	0	0
XM_026489619.3	1968	1788.9	0	0
XM_026489621.2	945	765.905	0	0
XM_026489622.3	951	771.905	0	0
XM_026489623.3	972	792.905	0	0
XM_026489624.2	942	762.905	0	0
XM_026489625.2	960	780.905	0	0
XM_026489626.3	939	759.905	0	0
XM_026489627.2	936	756.98	0	0
XM_026489628.2	960	780.905	0	0
XM_026489629.3	972	792.905	0	0
XM_026489630.3	951	771.905	0	0
XM_026489631.3	972	792.905	0	0
XM_026489632.2	993	813.905	0	0
XM_026489633.2	936	756.98	0	0
XM_026489634.2	963	783.905	0	0
XM_026489635.2	1014	834.905	0	0
XM_026489636.3	1446	1266.9	0	0
XM_026489637.2	1845	1665.9	0	0
XM_026489639.2	948	768.905	0	0
XM_026489640.3	948	768.905	0	0
XM_026489641.2	942	762.905	0	0
XM_026489642.1	939	759.905	0	0
XM_026489643.1	933	753.98	0	0
XM_026489644.2	936	756.98	0	0
XM_026489645.3	936	756.98	0	0
XM_026489646.2	954	774.905	0	0
XM_026489647.3	960	780.905	0	0
XM_026489649.2	948	768.905	0	0
XM_026489650.3	960	780.905	0	0
XM_026489651.2	942	762.905	0	0
XM_026489652.3	606	426.98	6.44415	6.47994
XM_026489653.3	619	439.98	2.55585	2.49411
XM_026489654.2	453	274.419	0	0
XM_026489656.2	447	268.446	0	0
XM_026489658.3	2661	2481.9	0	0
XM_026489671.3	3821	3641.9	144	16.9765
XM_026489673.3	3746	3566.9	9	1.08334
XM_026489677.3	7382	7202.9	0	0
XM_026489680.3	7281	7101.9	0	0
XM_026489681.3	7392	7212.9	0.0063423	0.000377529
XM_026489682.3	7237	7057.9	0	0
XM_026489684.3	7056	6876.9	4.30593e-05	2.68836e-06
XM_026489686.3	2147	1967.9	0	0
XM_026489692.3	1886	1706.9	8.9236e-05	2.24463e-05
XM_026489693.3	1873	1693.9	0	0
XM_026489694.3	1745	1565.9	0	0
XM_026489695.3	1819	1639.9	35.597	9.31982
XM_026489696.3	2019	1839.9	72.1724	16.8418
XM_026489697.3	1467	1287.9	9	3.00035
XM_026489698.3	11593	11413.9	325.021	12.2262
XM_026489703.3	4469	4289.9	0	0
XM_026489719.3	4624	4444.9	112	10.8185
XM_026489722.3	1984	1804.9	7.21383	1.71603
XM_026489723.2	960	780.905	0.5	0.274907
XM_026489724.3	4447	4267.9	4	0.402401
XM_026489725.3	782	602.98	0	0
XM_026489727.3	6857	6677.9	16.8295	1.08205
XM_026489729.3	6821	6641.9	0	0
XM_026489731.3	6620	6440.9	3.68687	0.245768
XM_026489732.3	6715	6535.9	65.7268	4.31767
XM_026489733.3	6640	6460.9	57.8619	3.84514
XM_026489734.3	4551	4371.9	45	4.41932
XM_026489735.3	4103	3923.9	0	0
XM_026489736.3	3972	3792.9	0	0
XM_026489737.3	3357	3177.9	163	22.0222
XM_026489738.3	11230	11050.9	0	0
XM_026489739.3	6731	6551.9	0	0
XM_026489746.3	1116	936.905	302.004	138.398
XM_026489747.3	668	488.98	2	1.75611
XM_026489748.3	554	375.018	31	35.4914
XM_026489752.3	5092	4912.9	0	0
XM_026489753.3	5079	4899.9	0	0
XM_026489755.3	5089	4909.9	0	0
XM_026489756.3	5028	4848.9	0	0
XM_026489757.3	4417	4237.9	2	0.202625
XM_026489762.3	4549	4369.9	26	2.55455
XM_026489767.3	2799	2619.9	4	0.655523
XM_026489768.1	1095	915.905	0	0
XM_026489770.2	323	150.128	0	0
XM_026489771.3	4127	3947.9	0	0
XM_026489772.3	11167	10987.9	0	0
XM_026489773.3	11152	10972.9	0	0
XM_026489776.3	10926	10746.9	0	0
XM_026489777.3	10751	10571.9	0	0
XM_026489778.3	10731	10551.9	0	0
XM_026489779.3	11025	10845.9	0	0
XM_026489780.3	10869	10689.9	0	0
XM_026489781.3	3324	3144.9	0	0
XM_026489783.3	7346	7166.9	39.4209	2.36161
XM_026489784.3	7343	7163.9	68.0791	4.08016
XM_026489786.3	7562	7382.9	0	0
XM_026489789.3	2706	2526.9	0	0
XM_026489790.3	2658	2478.9	0	0
XM_026489792.3	2832	2652.9	0	0
XM_026489793.3	2721	2541.9	0	0
XM_026489800.3	4611	4431.9	0	0
XM_026489801.3	4551	4371.9	0	0
XM_026489802.3	4542	4362.9	0	0
XM_026489819.3	1758	1578.9	19	5.16667
XM_026489824.3	1811	1631.9	2	0.526197
XM_026489830.3	1211	1031.9	33	13.7305
XM_026489831.3	7002	6822.9	0	0
XM_026489839.3	3602	3422.9	36	4.51566
XM_026489856.3	2817	2637.9	0	0
XM_026489870.3	4521	4341.9	38	3.75765
XM_026489872.3	4635	4455.9	0	0
XM_026489875.2	822	642.98	0	0
XM_026489876.3	1145	965.905	2	0.889015
XM_026489877.3	3955	3775.9	80.2571	9.12591
XM_026489878.3	2702	2522.9	74	12.5934
XM_026489879.3	873	693.98	90	55.6812
XM_026489882.3	2026	1846.9	0	0
XM_026489886.3	2926	2746.9	37.404	5.84638
XM_026489887.3	2827	2647.9	13.596	2.20457
XM_026489888.3	2902	2722.9	0	0
XM_026489891.3	1638	1458.9	1	0.294297
XM_026489892.3	984	804.905	0	0
XM_026489899.3	4667	4487.9	17	1.62637
XM_026489900.3	4598	4418.9	0	0
XM_026489901.3	4482	4302.9	0	0
XM_026489902.2	1443	1263.9	0	0
XM_026489903.3	1583	1403.9	449	137.316
XM_026489904.3	3095	2915.9	16.1823	2.38275
XM_026489906.2	453	274.419	0	0
XM_026489907.3	1834	1654.9	0	0
XM_026489908.3	6005	5825.9	7	0.515879
XM_026489912.3	2003	1823.9	56	13.1825
XM_026489913.3	561	381.98	0	0
XM_026489918.3	12532	12352.9	8.70806e-07	3.02668e-08
XM_026489922.3	2465	2285.9	8.39594	1.57697
XM_026489923.3	8104	7924.9	1.70424	0.0923313
XM_026489927.2	951	771.905	0	0
XM_026489928.3	3771	3591.9	0	0
XM_026489929.3	8572	8392.9	1.33927e-08	6.85123e-10
XM_026489930.3	8554	8374.9	0	0
XM_026489931.3	8530	8350.9	163.967	8.43015
XM_026489932.3	8955	8775.9	0	0
XM_026489933.3	7545	7365.9	0	0
XM_026489934.3	7530	7350.9	0	0
XM_026489935.3	8449	8269.9	96	4.98407
XM_026489936.3	12183	12003.9	3.85707	0.137958
XM_026489937.3	12203	12023.9	9.65288	0.344687
XM_026489940.3	12131	11951.9	48.088	1.72748
XM_026489943.3	12145	11965.9	61.7151	2.21441
XM_026489944.3	12118	11938.9	11.2241	0.403645
XM_026489945.3	12134	11954.9	0.491697	0.017659
XM_026489947.3	1060	880.905	0	0
XM_026489948.3	2480	2300.9	224	41.7987
XM_026489949.3	2619	2439.9	25	4.39927
XM_026489950.3	2397	2217.9	30	5.80753
XM_026489951.3	768	588.98	0	0
XM_026489954.3	615	435.98	0	0
XM_026489955.2	1044	864.905	0	0
XM_026489957.3	2840	2660.9	6.858	1.10658
XM_026489958.3	2097	1917.9	940.516	210.549
XM_026489959.3	2091	1911.9	1369.8	307.614
XM_026489960.3	2055	1875.9	363.853	83.2777
XM_026489961.2	1759	1579.9	0	0
XM_026489963.3	2369	2189.9	4.99998	0.980294
XM_026489964.3	2390	2210.9	1.94982e-05	3.7865e-06
XM_026489970.3	3312	3132.9	123	16.8567
XM_026489973.3	659	479.98	0	0
XM_026489974.3	2115	1935.9	1	0.221784
XM_026489975.3	1225	1045.9	0	0
XM_026489976.3	957	777.905	0	0
XM_026489978.3	6478	6298.9	7.88699	0.537601
XM_026489980.3	5014	4834.9	36.2737	3.2212
XM_026489982.3	3168	2988.9	0	0
XM_026489983.3	7057	6877.9	0	0
XM_026489984.3	2908	2728.9	0	0
XM_026489985.3	2924	2744.9	0	0
XM_026489987.2	942	762.905	0	0
XM_026489990.3	5469	5289.9	0	0
XM_026489991.1	264	101.148	0	0
XM_026489992.3	4486	4306.9	200.062	19.944
XM_026489993.3	4452	4272.9	36.3382	3.65135
XM_026489994.3	4072	3892.9	8.29802e-07	9.15196e-08
XM_026489999.3	12529	12349.9	1.19558e-06	4.15651e-08
XM_026490000.3	2792	2612.9	0	0
XM_026490002.3	814	634.98	0	0
XM_026490003.2	1047	867.905	0	0
XM_026490017.3	1765	1585.9	6	1.62438
XM_026490023.3	3942	3762.9	53	6.04736
XM_026490024.3	3482	3302.9	54	7.01958
XM_026490028.3	3903	3723.9	0	0
XM_026490031.3	1735	1555.9	21	5.79495
XM_026490043.3	3310	3130.9	4.6223	0.633873
XM_026490044.3	4956	4776.9	108.749	9.77449
XM_026490046.3	6054	5874.9	0	0
XM_026490048.3	4533	4353.9	0	0
XM_026490049.3	4793	4613.9	11.2161	1.04372
XM_026490050.3	5109	4929.9	75.0265	6.53416
XM_026490052.3	7436	7256.9	4.16953	0.246689
XM_026490053.3	5813	5633.9	2	0.152417
XM_026490054.3	2653	2473.9	8	1.38842
XM_026490055.3	1038	858.905	0	0
XM_026490058.2	381	203.84	0	0
XM_026490059.3	1443	1263.9	2	0.679406
XM_026490060.3	2647	2467.9	0	0
XM_026490062.2	1332	1152.9	0	0
XM_026490063.3	5742	5562.9	0	0
XM_026490064.3	5473	5293.9	20.1742	1.63619
XM_026490065.3	5794	5614.9	0	0
XM_026490066.3	5754	5574.9	0	0
XM_026490067.3	2546	2366.9	0	0
XM_026490068.3	6236	6056.9	0	0
XM_026490069.3	6085	5905.9	0	0
XM_026490072.3	12938	12758.9	0	0
XM_026490073.3	12946	12766.9	0	0
XM_026490074.3	1602	1422.9	3	0.90523
XM_026490075.3	13108	12928.9	0	0
XM_026490077.3	13068	12888.9	0	0
XM_026490078.3	12898	12718.9	0	0
XM_026490081.3	2108	1928.9	0	0
XM_026490082.3	2714	2534.9	0	0
XM_026490083.3	1707	1527.9	3	0.843021
XM_026490086.3	9711	9531.9	51	2.29723
XM_026490087.3	10298	10118.9	0	0
XM_026490088.3	563	383.98	2	2.23632
XM_026490091.3	760	580.98	0	0
XM_026490096.3	797	617.98	0	0
XM_026490106.3	2174	1994.9	0	0
XM_026490108.3	5185	5005.9	0	0
XM_026490124.3	8901	8721.9	0	0
XM_026490127.3	2384	2204.9	0	0
XM_026490133.3	3561	3381.9	46.1474	5.85868
XM_026490145.3	1402	1222.9	11	3.86201
XM_026490148.3	1202	1022.9	1	0.419738
XM_026490151.3	1899	1719.9	0	0
XM_026490156.3	817	637.98	60.6116	40.7908
XM_026490157.2	813	633.98	6.53854	4.42811
XM_026490164.2	808	628.98	1	0.682616
XM_026490168.3	2361	2181.9	0	0
XM_026490169.3	2928	2748.9	0	0
XM_026490170.3	769	589.98	157	114.255
XM_026490177.3	1873	1693.9	0	0
XM_026490178.3	2145	1965.9	0	0
XM_026490181.3	12364	12184.9	50.1992	1.76884
XM_026490182.2	1206	1026.9	0	0
XM_026490190.3	2276	2096.9	2	0.40951
XM_026490192.3	912	732.98	12	7.02914
XM_026490199.3	1682	1502.9	0	0
XM_026490200.3	1525	1345.9	26.0577	8.31257
XM_026490202.3	1402	1222.9	36.4053	12.7816
XM_026490204.3	2110	1930.9	3.53562e-05	7.86173e-06
XM_026490205.3	3885	3705.9	200	23.1712
XM_026490208.3	810	630.98	0	0
XM_026490209.3	9519	9339.9	31	1.42506
XM_026490216.3	11559	11379.9	0	0
XM_026490217.3	2945	2765.9	40.1765	6.23661
XM_026490218.3	2858	2678.9	44.8235	7.18392
XM_026490220.3	8098	7918.9	0	0
XM_026490221.3	8095	7915.9	205	11.119
XM_026490222.3	2031	1851.9	0	0
XM_026490223.3	1886	1706.9	3	0.754615
XM_026490227.3	2390	2210.9	0	0
XM_026490228.3	2422	2242.9	138	26.4169
XM_026490231.2	594	414.98	0	0
XM_026490233.3	3310	3130.9	5	0.685668
XM_026490234.3	922	742.98	230	132.912
XM_026490236.3	1379	1199.9	13	4.65168
XM_026490238.3	2221	2041.9	28.2274	5.93538
XM_026490239.3	2152	1972.9	0.277552	0.0604021
XM_026490240.3	2121	1941.9	0	0
XM_026490242.3	2052	1872.9	80.4951	18.453
XM_026490243.2	876	696.98	0	0
XM_026490245.3	1897	1717.9	0	0
XM_026490246.3	3231	3051.9	19	2.67298
XM_026490254.2	1113	933.905	0	0
XM_026490255.3	1853	1673.9	0	0
XM_026490256.2	3189	3009.9	0	0
XM_026490257.2	2182	2002.9	2.58269	0.553638
XM_026490258.3	2129	1949.9	42.6856	9.39899
XM_026490259.2	2005	1825.9	0	0
XM_026490260.3	18242	18062.9	18	0.427857
XM_026490261.1	462	283.362	0	0
XM_026490262.3	1378	1198.9	0.000658031	0.000235654
XM_026490263.3	11572	11392.9	26.6189	1.00316
XM_026490264.3	1254	1074.9	0	0
XM_026490266.3	2848	2668.9	6.69802	1.07752
XM_026490267.3	3689	3509.9	6.18607	0.756716
XM_026490268.3	2731	2551.9	0	0
XM_026490274.2	2861	2681.9	0	0
XM_026490276.3	2815	2635.9	1.75621	0.286063
XM_026490277.3	1664	1484.9	4.24379	1.22707
XM_026490278.3	2795	2615.9	6.93302	1.13793
XM_026490279.3	2739	2559.9	1.69803e-08	2.84796e-09
XM_026490280.3	2667	2487.9	1.32835	0.229241
XM_026490281.3	2801	2621.9	0	0
XM_026490282.3	2476	2296.9	0	0
XM_026490283.3	2461	2281.9	0	0
XM_026490284.3	2915	2735.9	22.4278	3.51965
XM_026490285.3	2733	2553.9	11.789	1.98193
XM_026490286.3	1602	1422.9	15.1647	4.57584
XM_026490287.1	168	43.0448	0	0
XM_026490288.3	1293	1113.9	0	0
XM_026490290.3	1058	878.905	12.1238	5.92257
XM_026490291.3	284	117.073	0	0
XM_026490295.3	7606	7426.9	0	0
XM_026490296.3	7332	7152.9	12	0.720298
XM_026490297.3	9475	9295.9	0	0
XM_026490298.3	9304	9124.9	0	0
XM_026490299.3	9076	8896.9	0	0
XM_026490300.3	8905	8725.9	5.81902	0.286321
XM_026490301.3	7262	7082.9	0	0
XM_026490302.3	2127	1947.9	37	8.15544
XM_026490303.3	3943	3763.9	89	10.1523
XM_026490305.3	4191	4011.9	0	0
XM_026490307.2	534	355.091	0	0
XM_026490308.3	3680	3500.9	0	0
XM_026490309.3	3949	3769.9	0	0
XM_026490310.3	1695	1515.9	0	0
XM_026490311.2	942	762.905	0	0
XM_026490312.2	528	349.091	0	0
XM_026490313.3	3191	3011.9	16	2.28083
XM_026490314.3	2623	2443.9	63	11.068
XM_026490317.3	8045	7865.9	67	3.65712
XM_026490318.3	7933	7753.9	0	0
XM_026490319.1	939	759.905	0	0
XM_026490320.3	990	810.905	0	0
XM_026490322.2	4957	4777.9	0	0
XM_026490323.2	747	567.98	0	0
XM_026490324.1	528	349.091	0	0
XM_026490325.1	1500	1320.9	0	0
XM_026490326.3	7243	7063.9	0	0
XM_026490328.2	3896	3716.9	3.01152e-08	3.4787e-09
XM_026490329.3	3847	3667.9	1	0.117056
XM_026490331.1	525	346.091	0	0
XM_026490332.3	1539	1359.9	0	0
XM_026490338.2	552	373.018	0	0
XM_026490340.3	1251	1071.9	1	0.400551
XM_026490342.3	1506	1326.9	0	0
XM_026490343.3	7909	7729.9	96.2884	5.34827
XM_026490344.3	2375	2195.9	34	6.64781
XM_026490345.3	2229	2049.9	0	0
XM_026490346.3	2115	1935.9	44.3842	9.84368
XM_026490347.3	2205	2025.9	0	0
XM_026490348.3	3433	3253.9	0	0
XM_026490350.3	2067	1887.9	11.6597	2.65167
XM_026490351.3	1799	1619.9	0	0
XM_026490354.3	1807	1627.9	33.2691	8.77457
XM_026490355.3	1839	1659.9	206.731	53.4731
XM_026490358.3	4110	3930.9	100.089	10.9322
XM_026490359.3	3360	3180.9	0	0
XM_026490361.3	2956	2776.9	4.80476	0.742889
XM_026490363.3	864	684.98	0	0
XM_026490364.3	396	218.393	0	0
XM_026490365.3	3214	3034.9	0	0
XM_026490366.3	3211	3031.9	0	0
XM_026490367.3	5739	5559.9	70.2184	5.42246
XM_026490368.3	5729	5549.9	48.7816	3.77385
XM_026490369.3	5737	5557.9	0	0
XM_026490370.3	5716	5536.9	0	0
XM_026490371.3	5644	5464.9	0	0
XM_026490375.3	1861	1681.9	2	0.510554
XM_026490377.3	3269	3089.9	0	0
XM_026490379.2	3056	2876.9	3	0.447723
XM_026490384.2	2247	2067.9	0	0
XM_026490389.3	2223	2043.9	2.16027	0.453797
XM_026490391.2	3196	3016.9	1	0.142315
XM_026490395.3	2047	1867.9	0	0
XM_026490396.3	4271	4091.9	87.6937	9.20145
XM_026490397.3	678	498.98	4.85971	4.18158
XM_026490398.3	737	557.98	0	0
XM_026490401.1	765	585.98	0	0
XM_026490402.1	624	444.98	0	0
XM_026490403.2	1095	915.905	0	0
XM_026490404.3	2346	2166.9	0	0
XM_026490405.3	2331	2151.9	1.02078e-05	2.03667e-06
XM_026490406.3	2311	2131.9	1.99999	0.402785
XM_026490407.3	1757	1577.9	4	1.08841
XM_026490408.3	1298	1118.9	9	3.45353
XM_026490410.3	1429	1249.9	30.5699	10.501
XM_026490412.3	4134	3954.9	78	8.46783
XM_026490413.3	3898	3718.9	0	0
XM_026490420.3	6784	6604.9	66	4.29033
XM_026490427.2	483	304.217	0	0
XM_026490428.3	2062	1882.9	628	143.201
XM_026490430.3	3232	3052.9	7.96609e-08	1.12033e-08
XM_026490432.3	515	336.091	938	1198.28
XM_026490433.1	288	120.308	0	0
XM_026490434.3	3264	3084.9	4.0929	0.569642
XM_026490437.3	2606	2426.9	4.99725	0.884081
XM_026490438.3	2620	2440.9	0.00274606	0.000483028
XM_026490440.3	3522	3342.9	15	1.92655
XM_026490442.3	2830	2650.9	94.7754	15.3502
XM_026490443.3	2955	2775.9	0	0
XM_026490444.3	2793	2613.9	17.8477	2.93161
XM_026490445.3	2447	2267.9	0.000168901	3.19758e-05
XM_026490447.2	2427	2247.9	17.6948	3.37972
XM_026490450.3	2966	2786.9	5	0.770303
XM_026490451.3	1905	1725.9	0	0
XM_026490452.3	3906	3726.9	0	0
XM_026490454.3	2243	2063.9	0	0
XM_026490460.3	939	759.905	0	0
XM_026490461.3	936	756.98	0	0
XM_026490462.3	878	698.98	20	12.2851
XM_026490463.2	945	765.905	0	0
XM_026490464.3	1446	1266.9	0	0
XM_026490465.3	963	783.905	0	0
XM_026490466.3	5596	5416.9	7	0.55483
XM_026490468.3	975	795.905	0	0
XM_026490469.3	939	759.905	0	0
XM_026490470.2	945	765.905	0	0
XM_026490472.3	4000	3820.9	6.26402	0.703883
XM_026490473.2	945	765.905	0	0
XM_026490474.1	963	783.905	0	0
XM_026490475.1	945	765.905	0	0
XM_026490477.2	1272	1092.9	0	0
XM_026490481.2	942	762.905	0	0
XM_026490482.3	1787	1607.9	1	0.267026
XM_026490484.3	1639	1459.9	45	13.2343
XM_026490485.3	2292	2112.9	0	0
XM_026490486.3	1277	1097.9	48.6078	19.0088
XM_026490487.3	1188	1008.9	0.220658	0.0939039
XM_026490489.3	1063	883.905	279	135.523
XM_026490490.3	1353	1173.9	0	0
XM_026490491.3	4152	3972.9	55.2261	5.96829
XM_026490493.2	936	756.98	0	0
XM_026490494.2	936	756.98	0	0
XM_026490495.3	948	768.905	0	0
XM_026490496.2	936	756.98	0	0
XM_026490497.3	6085	5905.9	183	13.3039
XM_026490499.3	6227	6047.9	0	0
XM_026490500.2	936	756.98	1	0.56719
XM_026490501.3	927	747.98	0	0
XM_026490503.3	939	759.905	0	0
XM_026490506.3	957	777.905	0	0
XM_026490507.3	1975	1795.9	4	0.956291
XM_026490509.3	1775	1595.9	2	0.538067
XM_026490511.3	978	798.905	0	0
XM_026490513.3	933	753.98	0	0
XM_026490515.2	957	777.905	0	0
XM_026490516.2	1011	831.905	0	0
XM_026490517.2	933	753.98	0	0
XM_026490518.1	933	753.98	0	0
XM_026490519.3	903	723.98	0	0
XM_026490521.1	1194	1014.9	0	0
XM_026490522.1	933	753.98	0	0
XM_026490523.2	759	579.98	0	0
XM_026490524.2	954	774.905	0	0
XM_026490525.2	807	627.98	0	0
XM_026490526.1	963	783.905	1	0.547709
XM_026490527.1	933	753.98	0	0
XM_026490528.2	801	621.98	0	0
XM_026490530.1	930	750.98	0	0
XM_026490531.3	1071	891.905	0	0
XM_026490533.2	930	750.98	0	0
XM_026490534.3	3950	3770.9	29	3.30191
XM_026490536.2	600	420.98	0	0
XM_026490537.3	4346	4166.9	0	0
XM_026490538.3	3860	3680.9	0	0
XM_026490541.3	585	405.98	0	0
XM_026490542.2	975	795.905	0	0
XM_026490543.3	3114	2934.9	143	20.9197
XM_026490545.3	9669	9489.9	0	0
XM_026490546.3	9665	9485.9	47.5065	2.15024
XM_026490547.3	10250	10070.9	28.719	1.22438
XM_026490549.3	1257	1077.9	0.0486899	0.0193942
XM_026490550.3	1253	1073.9	6.23048	2.49097
XM_026490551.3	1082	902.905	70.7208	33.6294
XM_026490553.3	1622	1442.9	0	0
XM_026490554.3	1600	1420.9	12	3.62602
XM_026490556.2	606	426.98	0	0
XM_026490557.1	993	813.905	0	0
XM_026490558.3	2174	1994.9	0	0
XM_026490559.3	2042	1862.9	20	4.60949
XM_026490561.2	813	633.98	0	0
XM_026490566.3	2492	2312.9	5	0.928166
XM_026490567.3	1426	1246.9	0	0
XM_026490568.3	834	654.98	5	3.27759
XM_026490569.3	837	657.98	0	0
XM_026490571.3	972	792.905	0	0
XM_026490572.3	669	489.98	0	0
XM_026490573.3	1425	1245.9	0	0
XM_026490577.3	3387	3207.9	0	0
XM_026490578.3	4692	4512.9	0	0
XM_026490580.1	1203	1023.9	0	0
XM_026490581.3	6509	6329.9	0	0
XM_026490582.3	7370	7190.9	0	0
XM_026490590.3	6155	5975.9	0	0
XM_026490591.3	8020	7840.9	15.7846	0.864334
XM_026490592.1	2355	2175.9	0	0
XM_026490594.1	1458	1278.9	0	0
XM_026490595.3	3051	2871.9	0	0
XM_026490596.2	627	447.98	0	0
XM_026490598.2	1992	1812.9	0	0
XM_026490599.2	936	756.98	0	0
XM_026490600.1	936	756.98	0	0
XM_026490601.3	924	744.98	0	0
XM_026490602.3	1018	838.905	0	0
XM_026490603.3	942	762.905	1	0.562786
XM_026490604.1	942	762.905	0	0
XM_026490606.3	942	762.905	0	0
XM_026490607.2	942	762.905	0	0
XM_026490608.2	1029	849.905	0	0
XM_026490609.3	7450	7270.9	64.769	3.82466
XM_026490613.2	999	819.905	0	0
XM_026490616.3	2674	2494.9	2	0.344183
XM_026490617.3	1370	1190.9	0	0
XM_026490618.3	2131	1951.9	0	0
XM_026490623.3	1027	847.905	0	0
XM_026490625.3	899	719.98	0	0
XM_026490627.3	873	693.98	1	0.61868
XM_026490629.3	969	789.905	0	0
XM_026490630.2	969	789.905	0	0
XM_026490631.2	1005	825.905	0	0
XM_026490632.3	969	789.905	0	0
XM_026490633.2	942	762.905	0	0
XM_026490634.3	7664	7484.9	32.3043	1.85305
XM_026490635.3	1149	969.905	0	0
XM_026490636.2	876	696.98	0	0
XM_026490637.2	927	747.98	0	0
XM_026490638.2	1005	825.905	0	0
XM_026490639.2	762	582.98	0	0
XM_026490640.2	1071	891.905	0	0
XM_026490644.1	468	289.277	0	0
XM_026490646.3	3852	3672.9	0	0
XM_026490647.3	3708	3528.9	0	0
XM_026490648.3	3858	3678.9	0	0
XM_026490649.3	3681	3501.9	0	0
XM_026490650.3	931	751.98	0	0
XM_026490666.3	957	777.905	0	0
XM_026490668.3	927	747.98	0	0
XM_026490669.3	801	621.98	0	0
XM_026490670.2	969	789.905	0	0
XM_026490671.3	434	255.706	0	0
XM_026490672.2	1038	858.905	2	0.999766
XM_026490673.2	939	759.905	0	0
XM_026490674.3	963	783.905	0	0
XM_026490675.2	570	390.98	0	0
XM_026490676.3	996	816.905	0	0
XM_026490677.3	540	361.056	0	0
XM_026490682.3	954	774.905	0	0
XM_026490685.1	2049	1869.9	0	0
XM_026490687.1	2205	2025.9	0	0
XM_026490689.2	936	756.98	0	0
XM_026490690.2	996	816.905	0	0
XM_026490691.3	1032	852.905	0	0
XM_026490692.1	951	771.905	0	0
XM_026490693.3	762	582.98	0	0
XM_026490695.2	600	420.98	0	0
XM_026490696.3	936	756.98	0	0
XM_026490698.3	936	756.98	0	0
XM_026490699.3	969	789.905	0	0
XM_026490700.3	4406	4226.9	176.417	17.9197
XM_026490701.3	939	759.905	0	0
XM_026490702.3	936	756.98	0	0
XM_026490703.3	915	735.98	0	0
XM_026490704.2	936	756.98	0	0
XM_026490705.1	939	759.905	0	0
XM_026490709.3	9508	9328.9	30.8871	1.42154
XM_026490713.3	933	753.98	0	0
XM_026490715.2	636	456.98	0	0
XM_026490716.3	699	519.98	0	0
XM_026490717.2	933	753.98	0	0
XM_026490719.3	930	750.98	0	0
XM_026490720.2	948	768.905	0	0
XM_026490721.3	1030	850.905	0	0
XM_026490723.3	936	756.98	0	0
XM_026490724.2	1019	839.905	0	0
XM_026490725.2	960	780.905	0	0
XM_026490729.3	13759	13579.9	0	0
XM_026490730.3	6428	6248.9	0	0
XM_026490733.3	2841	2661.9	0	0
XM_026490735.3	1606	1426.9	0	0
XM_026490738.3	985	805.905	0	0
XM_026490739.3	2513	2333.9	0	0
XM_026490740.3	2414	2234.9	2.03616	0.391171
XM_026490743.3	2503	2323.9	0	0
XM_026490744.3	2362	2182.9	0	0
XM_026490749.3	1761	1581.9	0	0
XM_026490750.3	1741	1561.9	0	0
XM_026490751.3	1598	1418.9	0	0
XM_026490753.3	4638	4458.9	8.5828	0.826445
XM_026490754.2	933	753.98	0	0
XM_026490755.3	780	600.98	0	0
XM_026490756.2	933	753.98	0	0
XM_026490757.3	933	753.98	0	0
XM_026490758.3	3924	3744.9	1	0.11465
XM_026490759.3	933	753.98	0	0
XM_026490762.3	882	702.98	0	0
XM_026490764.2	948	768.905	0	0
XM_026490765.2	948	768.905	0	0
XM_026490766.2	867	687.98	0	0
XM_026490767.2	936	756.98	0	0
XM_026490769.3	924	744.98	0	0
XM_026490770.3	924	744.98	0	0
XM_026490771.3	924	744.98	0	0
XM_026490772.3	933	753.98	0	0
XM_026490773.1	912	732.98	0	0
XM_026490774.3	1047	867.905	0	0
XM_026490777.3	4071	3891.9	5	0.551596
XM_026490778.2	933	753.98	0	0
XM_026490783.2	969	789.905	0	0
XM_026490784.3	2748	2568.9	0	0
XM_026490785.3	933	753.98	0	0
XM_026490787.3	939	759.905	0	0
XM_026490789.3	2770	2590.9	22	3.64573
XM_026490790.3	771	591.98	0	0
XM_026490792.2	939	759.905	0	0
XM_026490794.3	942	762.905	0	0
XM_026490795.2	945	765.905	0	0
XM_026490796.2	939	759.905	0	0
XM_026490797.3	4720	4540.9	36	3.40387
XM_026490801.3	776	596.98	0	0
XM_026490804.3	1025	845.905	13.1904	6.695
XM_026490805.3	2007	1827.9	0	0
XM_026490806.3	936	756.98	0.666667	0.378127
XM_026490808.3	871	691.98	9.80958	6.08653
XM_026490809.3	7121	6941.9	30.0759	1.86017
XM_026490810.2	1312	1132.9	0	0
XM_026490811.2	957	777.905	0	0
XM_026490812.2	951	771.905	0	0
XM_026490813.2	939	759.905	0	0
XM_026490814.2	939	759.905	0	0
XM_026490816.3	1578	1398.9	25.0425	7.68605
XM_026490817.3	1943	1763.9	0	0
XM_026490818.3	3039	2859.9	1.9575	0.293875
XM_026490828.3	5846	5666.9	0	0
XM_026490830.2	1485	1305.9	4	1.31511
XM_026490835.3	1650	1470.9	9	2.62707
XM_026490836.3	933	753.98	0	0
XM_026490837.3	1547	1367.9	0	0
XM_026490838.2	780	600.98	0	0
XM_026490840.3	939	759.905	0	0
XM_026490842.3	480	301.247	2.58321	3.68172
XM_026490843.3	804	624.98	0	0
XM_026490844.3	1034	854.905	8.54429	4.29113
XM_026490847.3	424	245.832	5.17216	9.03331
XM_026490851.2	618	438.98	0	0
XM_026490852.3	3755	3575.9	25.8417	3.10277
XM_026490866.3	2927	2747.9	9.80968	1.53273
XM_026490868.3	3226	3046.9	10.1903	1.43596
XM_026490869.3	2992	2812.9	0	0
XM_026490872.3	3287	3107.9	17.1583	2.37039
XM_026490874.3	2922	2742.9	0	0
XM_026490883.3	1716	1536.9	90.5407	25.2936
XM_026490885.3	1751	1571.9	0	0
XM_026490886.3	1599	1419.9	21.9594	6.64011
XM_026490895.3	1519	1339.9	100	32.0435
XM_026490896.3	1578	1398.9	32.0406	9.8339
XM_026490897.3	1029	849.905	0	0
XM_026490898.3	4121	3941.9	0	0
XM_026490900.3	1208	1028.9	134.037	55.9325
XM_026490905.2	933	753.98	0	0
XM_026490907.2	933	753.98	0	0
XM_026490908.2	1262	1082.9	0	0
XM_026490909.3	939	759.905	0	0
XM_026490910.3	941	761.905	0	0
XM_026490913.3	4017	3837.9	249.792	27.9446
XM_026490920.3	3973	3793.9	107.097	12.1201
XM_026490924.3	4028	3848.9	41.7228	4.65425
XM_026490925.3	1521	1341.9	0	0
XM_026490926.3	774	594.98	0	0
XM_026490929.3	4195	4015.9	74	7.91155
XM_026490930.3	4014	3834.9	210.569	23.5751
XM_026490933.3	1448	1268.9	0	0
XM_026490936.3	4000	3820.9	0	0
XM_026490941.2	942	762.905	0	0
XM_026490943.2	948	768.905	0	0
XM_026490945.3	951	771.905	0	0
XM_026490946.3	4296	4116.9	0	0
XM_026490948.2	921	741.98	0	0
XM_026490949.3	2564	2384.9	2.13557	0.384464
XM_026490950.3	2358	2178.9	11.9617	2.35705
XM_026490956.1	714	534.98	0	0
XM_026490958.2	939	759.905	0	0
XM_026490960.2	963	783.905	0	0
XM_026490963.1	915	735.98	0	0
XM_026490969.2	915	735.98	0	0
XM_026490970.3	4313	4133.9	0	0
XM_026490972.2	1122	942.905	0	0
XM_026490979.3	786	606.98	0	0
XM_026490982.3	1157	977.905	13	5.70769
XM_026490985.2	939	759.905	0	0
XM_026490987.3	1823	1643.9	105	27.4237
XM_026490989.3	2267	2087.9	11.9516	2.45771
XM_026490990.3	1911	1731.9	26	6.44559
XM_026490992.3	981	801.905	859	459.922
XM_026490994.2	684	504.98	0	0
XM_026490997.3	4294	4114.9	26	2.71286
XM_026490998.3	2249	2069.9	66.0484	13.7001
XM_026490999.3	924	744.98	0	0
XM_026491001.3	780	600.98	0	0
XM_026491004.2	954	774.905	0	0
XM_026491005.3	2127	1947.9	0	0
XM_026491008.3	957	777.905	0	0
XM_026491009.2	945	765.905	0	0
XM_026491019.3	2202	2022.9	0	0
XM_026491027.1	933	753.98	0	0
XM_026491029.2	4440	4260.9	3	0.302296
XM_026491030.3	933	753.98	0	0
XM_026491040.3	9602	9422.9	2.01145	0.0916511
XM_026491043.3	1589	1409.9	0	0
XM_026491051.3	939	759.905	0	0
XM_026491052.3	1644	1464.9	0	0
XM_026491053.3	1641	1461.9	0	0
XM_026491058.3	1588	1408.9	0	0
XM_026491059.2	930	750.98	0	0
XM_026491060.3	954	774.905	0	0
XM_026491062.3	2781	2601.9	8.25178	1.36166
XM_026491067.1	780	600.98	0	0
XM_026491077.3	3705	3525.9	0	0
XM_026491078.3	5100	4920.9	0	0
XM_026491079.3	3233	3053.9	0	0
XM_026491081.3	933	753.98	0	0
XM_026491088.2	942	762.905	0	0
XM_026491089.3	5073	4893.9	0	0
XM_026491091.3	936	756.98	0	0
XM_026491092.3	5343	5163.9	0	0
XM_026491093.3	948	768.905	0	0
XM_026491095.2	240	83.9035	0	0
XM_026491098.3	951	771.905	0	0
XM_026491099.3	930	750.98	0	0
XM_026491102.2	1509	1329.9	0	0
XM_026491105.3	1899	1719.9	0	0
XM_026491123.3	987	807.905	0	0
XM_026491124.3	918	738.98	0	0
XM_026491125.2	945	765.905	0	0
XM_026491126.2	957	777.905	0	0
XM_026491127.2	945	765.905	0	0
XM_026491128.2	945	765.905	0	0
XM_026491129.2	4782	4602.9	0	0
XM_026491133.3	4190	4010.9	0	0
XM_026491137.3	4389	4209.9	16.1919	1.65135
XM_026491141.3	2546	2366.9	10.6433	1.93068
XM_026491149.3	2825	2645.9	0	0
XM_026491151.3	2837	2657.9	101	16.3153
XM_026491157.2	1527	1347.9	0	0
XM_026491158.2	909	729.98	0	0
XM_026491165.2	942	762.905	0	0
XM_026491166.3	945	765.905	0	0
XM_026491173.3	2924	2744.9	146	22.837
XM_026491174.3	663	483.98	0	0
XM_026491179.2	267	103.51	0	0
XM_026491188.3	3917	3737.9	0	0
XM_026491189.3	3794	3614.9	1	0.118773
XM_026491190.3	939	759.905	0	0
XM_026491191.3	933	753.98	0	0
XM_026491192.2	387	209.652	0	0
XM_026491193.3	2512	2332.9	226	41.5934
XM_026491197.3	4489	4309.9	45.1098	4.49383
XM_026491198.3	4415	4235.9	180.89	18.3351
XM_026491199.3	933	753.98	0	0
XM_026491202.3	3634	3454.9	0	0
XM_026491203.2	270	105.978	0	0
XM_026491204.3	366	189.55	0	0
XM_026491206.3	3613	3433.9	0	0
XM_026491210.3	3590	3410.9	84	10.5736
XM_026491213.3	960	780.905	0	0
XM_026491214.2	933	753.98	0	0
XM_026491216.2	930	750.98	0	0
XM_026491219.3	439	260.551	72	118.646
XM_026491220.2	945	765.905	0	0
XM_026491225.2	933	753.98	0	0
XM_026491226.2	951	771.905	0	0
XM_026491233.3	3294	3114.9	0	0
XM_026491234.3	1572	1392.9	0	0
XM_026491236.3	1858	1678.9	148	37.8485
XM_026491237.2	948	768.905	0	0
XM_026491239.3	930	750.98	0	0
XM_026491247.3	2837	2657.9	0	0
XM_026491250.3	1253	1073.9	228.864	91.5009
XM_026491251.3	1687	1507.9	4	1.13894
XM_026491252.2	741	561.98	0	0
XM_026491255.3	1236	1056.9	7.41485	3.01217
XM_026491262.2	978	798.905	0	0
XM_026491266.2	942	762.905	0	0
XM_026491267.2	948	768.905	0	0
XM_026491268.2	942	762.905	0	0
XM_026491269.2	948	768.905	0	0
XM_026491270.3	2480	2300.9	9.84594	1.83727
XM_026491271.3	2416	2236.9	0	0
XM_026491272.3	3651	3471.9	21.981	2.71828
XM_026491276.3	933	753.98	0	0
XM_026491277.3	933	753.98	0	0
XM_026491280.3	1332	1152.9	85.5961	31.8767
XM_026491281.3	1210	1030.9	81.9887	34.1467
XM_026491282.3	1232	1052.9	21.4152	8.73268
XM_026491283.3	1214	1034.9	0	0
XM_026491284.3	1207	1027.9	0	0
XM_026491291.3	2350	2170.9	30	5.93327
XM_026491293.3	948	768.905	0	0
XM_026491295.3	6516	6336.9	25.9864	1.76069
XM_026491306.2	933	753.98	0	0
XM_026491309.3	670	490.98	0	0
XM_026491312.3	969	789.905	0	0
XM_026491313.2	939	759.905	0	0
XM_026491314.3	1754	1574.9	1	0.272621
XM_026491316.2	963	783.905	0	0
XM_026491317.2	945	765.905	0	0
XM_026491320.3	3369	3189.9	0	0
XM_026491322.2	960	780.905	0	0
XM_026491324.3	1502	1322.9	20	6.49105
XM_026491327.2	384	206.757	0	0
XM_026491331.2	948	768.905	0	0
XM_026491332.3	939	759.905	0	0
XM_026491333.3	939	759.905	0	0
XM_026491334.2	6459	6279.9	10	0.683692
XM_026491341.3	1095	915.905	0	0
XM_026491354.3	2790	2610.9	11	1.8089
XM_026491355.3	2803	2623.9	0	0
XM_026491359.2	966	786.905	0	0
XM_026491361.2	945	765.905	0	0
XM_026491364.3	921	741.98	0	0
XM_026491367.2	942	762.905	0	0
XM_026491370.2	504	325.091	0	0
XM_026491376.2	936	756.98	0	0
XM_026491379.1	906	726.98	0	0
XM_026491383.3	1224	1044.9	1	0.410901
XM_026491391.3	927	747.98	0	0
XM_026491392.3	924	744.98	0	0
XM_026491394.3	5135	4955.9	19.4915	1.68864
XM_026491397.3	354	178.271	0.5	1.20421
XM_026491400.2	6943	6763.9	0	0
XM_026491401.2	6936	6756.9	0	0
XM_026491408.2	945	765.905	0	0
XM_026491409.2	945	765.905	0	0
XM_026491410.2	945	765.905	0	0
XM_026491411.2	969	789.905	0	0
XM_026491414.3	6299	6119.9	0	0
XM_026491415.2	2223	2043.9	0	0
XM_026491418.3	960	780.905	0	0
XM_026491421.1	969	789.905	0	0
XM_026491423.2	908	728.98	0	0
XM_026491424.3	2451	2271.9	0	0
XM_026491432.2	936	756.98	0	0
XM_026491433.3	12317	12137.9	0.6532	0.0231055
XM_026491436.2	936	756.98	0	0
XM_026491438.3	933	753.98	0	0
XM_026491439.3	1174	994.905	0	0
XM_026491442.2	945	765.905	0	0
XM_026491443.3	978	798.905	0	0
XM_026491444.3	10662	10482.9	19.031	0.77946
XM_026491448.3	5985	5805.9	84.285	6.23295
XM_026491450.2	963	783.905	0	0
XM_026491453.2	960	780.905	0	0
XM_026491457.3	1304	1124.9	15	5.72518
XM_026491459.3	3050	2870.9	0	0
XM_026491462.3	403	225.304	0	0
XM_026491463.2	945	765.905	0	0
XM_026491468.2	1035	855.905	0	0
XM_026491469.3	732	552.98	0	0
XM_026491470.2	963	783.905	0	0
XM_026491472.2	930	750.98	0	0
XM_026491474.3	1367	1187.9	16.0528	5.80205
XM_026491477.3	3978	3798.9	1.12744	0.127423
XM_026491478.3	1293	1113.9	24.3926	9.40207
XM_026491480.3	4987	4807.9	2.62181	0.234131
XM_026491482.3	951	771.905	0	0
XM_026491486.3	1328	1148.9	0	0
XM_026491487.3	1659	1479.9	0	0
XM_026491488.3	3859	3679.9	0	0
XM_026491490.2	939	759.905	0	0
XM_026491491.3	4441	4261.9	2.0511	0.206632
XM_026491495.3	4787	4607.9	1	0.0931773
XM_026491497.2	1058	878.905	0	0
XM_026491500.2	945	765.905	0	0
XM_026491502.3	939	759.905	0	0
XM_026491503.2	2436	2256.9	0	0
XM_026491510.2	2435	2255.9	0	0
XM_026491512.3	509	330.091	0	0
XM_026491513.3	933	753.98	0	0
XM_026491516.2	384	206.757	0	0
XM_026491517.3	2410	2230.9	38	7.31334
XM_026491520.3	933	753.98	0	0
XM_026491523.3	2410	2230.9	0	0
XM_026491529.3	6114	5934.9	77.05	5.57407
XM_026491531.3	933	753.98	0	0
XM_026491537.3	7024	6844.9	10.8324	0.679473
XM_026491538.2	1329	1149.9	0	0
XM_026491539.3	963	783.905	0	0
XM_026491540.3	957	777.905	0	0
XM_026491541.1	930	750.98	0	0
XM_026491543.3	844	664.98	36	23.2438
XM_026491553.3	2489	2309.9	1196.13	222.33
XM_026491557.3	948	768.905	0	0
XM_026491562.3	984	804.905	1	0.53342
XM_026491564.3	942	762.905	0	0
XM_026491566.2	939	759.905	0	0
XM_026491568.2	936	756.98	0	0
XM_026491570.2	939	759.905	0	0
XM_026491572.3	942	762.905	0	0
XM_026491580.3	1082	902.905	0	0
XM_026491584.3	1164	984.905	0	0
XM_026491592.3	3259	3079.9	0	0
XM_026491593.3	972	792.905	0	0
XM_026491596.3	424	245.832	1.29127	2.25523
XM_026491599.2	463	284.334	1.53619	2.31969
XM_026491601.2	939	759.905	0	0
XM_026491604.3	2522	2342.9	4.77763	0.87553
XM_026491606.3	4433	4253.9	0	0
XM_026491607.3	8642	8462.9	0	0
XM_026491609.3	10547	10367.9	43.1218	1.78574
XM_026491610.3	9947	9767.9	76.124	3.34606
XM_026491612.3	9326	9146.9	30.2824	1.42145
XM_026491613.3	8726	8546.9	56.6191	2.84425
XM_026491614.3	8141	7961.9	170.853	9.21336
XM_026491615.3	5767	5587.9	71.0079	5.45596
XM_026491624.3	3620	3440.9	0	0
XM_026491625.3	3328	3148.9	69.8776	9.52778
XM_026491626.3	4158	3978.9	4.12241	0.444837
XM_026491627.3	2734	2554.9	0	0
XM_026491628.3	2594	2414.9	49	8.71183
XM_026491633.3	10212	10032.9	0	0
XM_026491634.3	10053	9873.9	44.3133	1.9269
XM_026491636.3	5410	5230.9	23	1.88784
XM_026491638.3	3771	3591.9	0	0
XM_026491639.3	1908	1728.9	10.7274	2.66402
XM_026491641.3	941	761.905	20.2726	11.4241
XM_026491642.2	3315	3135.9	0	0
XM_026491649.3	3972	3792.9	7	0.792391
XM_026491655.3	2461	2281.9	0	0
XM_026491656.2	2882	2702.9	0	0
XM_026491657.3	4659	4479.9	2	0.191679
XM_026491663.3	2444	2264.9	0	0
XM_026491664.3	10959	10779.9	710.845	28.3122
XM_026491668.3	6936	6756.9	171.199	10.8785
XM_026491669.3	6649	6469.9	0	0
XM_026491670.3	6575	6395.9	0	0
XM_026491672.3	2074	1894.9	0	0
XM_026491674.3	10894	10714.9	0.00990401	0.000396859
XM_026491678.3	4948	4768.9	0	0
XM_026491681.3	3434	3254.9	0	0
XM_026491683.3	3212	3032.9	0	0
XM_026491684.3	2628	2448.9	0	0
XM_026491685.2	565	385.98	0	0
XM_026491686.3	6511	6331.9	0.0318999	0.00216306
XM_026491687.3	6452	6272.9	78.9055	5.40073
XM_026491688.3	6313	6133.9	27.5305	1.92704
XM_026491690.3	3667	3487.9	1.78562	0.219806
XM_026491691.3	5249	5069.9	2.02824	0.171764
XM_026491694.3	5910	5730.9	4.57137	0.342481
XM_026491695.3	1076	896.905	21.5977	10.3389
XM_026491696.3	3581	3401.9	152.831	19.2887
XM_026491697.3	1995	1815.9	10	2.3644
XM_026491698.3	8853	8673.9	35.6831	1.76629
XM_026491701.3	5219	5039.9	0.207528	0.0176794
XM_026491702.3	4848	4668.9	16.2519	1.49453
XM_026491705.3	4576	4396.9	0.177529	0.0173355
XM_026491706.3	3496	3316.9	72	9.31994
XM_026491707.3	976	796.905	17.3231	9.33323
XM_026491708.3	1000	820.905	126.677	66.2549
XM_026491709.3	1422	1242.9	0	0
XM_026491710.3	1035	855.905	0	0
XM_026491711.3	4093	3913.9	279	30.6061
XM_026491715.3	6477	6297.9	0.669887	0.0456687
XM_026491716.3	2109	1929.9	14.7204	3.2749
XM_026491717.3	3280	3100.9	334	46.2457
XM_026491718.3	3277	3097.9	0	0
XM_026491719.3	3511	3331.9	0	0
XM_026491724.3	3585	3405.9	0	0
XM_026491725.3	2021	1841.9	8	1.86482
XM_026491726.3	2060	1880.9	587	133.994
XM_026491735.3	3028	2848.9	0	0
XM_026491738.2	1083	903.905	0	0
XM_026491741.3	4452	4272.9	0	0
XM_026491744.3	2297	2117.9	10	2.02725
XM_026491745.3	4402	4222.9	0	0
XM_026491747.3	2653	2473.9	2	0.347105
XM_026491749.3	4505	4325.9	0	0
XM_026491750.3	6723	6543.9	29.0643	1.90694
XM_026491751.3	6660	6480.9	0	0
XM_026491766.3	808	628.98	0	0
XM_026491769.3	752	572.98	0	0
XM_026491773.3	3875	3695.9	1.80155	0.209286
XM_026491774.3	10902	10722.9	0	0
XM_026491775.3	3872	3692.9	5.19845	0.604392
XM_026491776.3	7314	7134.9	1.00231e-06	6.03152e-08
XM_026491777.2	1248	1068.9	0	0
XM_026491778.3	2945	2765.9	0	0
XM_026491779.3	3112	2932.9	0	0
XM_026491782.3	2186	2006.9	0	0
XM_026491783.3	12955	12775.9	0	0
XM_026491785.3	12949	12769.9	0	0
XM_026491786.2	693	513.98	0	0
XM_026491787.3	6224	6044.9	77.1136	5.47716
XM_026491788.3	6177	5997.9	379.354	27.1556
XM_026491789.3	5088	4908.9	35	3.06124
XM_026491790.3	6133	5953.9	0	0
XM_026491791.3	6027	5847.9	44.0919	3.23722
XM_026491792.3	5939	5759.9	0	0
XM_026491793.3	6129	5949.9	48.913	3.52962
XM_026491794.3	6095	5915.9	36.3853	2.64069
XM_026491795.3	6055	5875.9	0	0
XM_026491796.3	6039	5859.9	9.0372	0.662151
XM_026491797.3	5864	5684.9	3.10477	0.234487
XM_026491798.3	5815	5635.9	0	0
XM_026491803.3	8237	8057.9	15	0.79925
XM_026491807.3	8000	7820.9	0	0
XM_026491808.3	8113	7933.9	9.43389	0.510525
XM_026491810.3	10846	10666.9	0	0
XM_026491811.3	10701	10521.9	0.000212554	8.67336e-06
XM_026491814.3	33959	33779.9	2.58293	0.0328297
XM_026491815.3	5842	5662.9	192	14.5571
XM_026491817.3	1965	1785.9	0	0
XM_026491818.3	7793	7613.9	0	0
XM_026491819.3	7424	7244.9	7	0.414838
XM_026491820.3	8007	7827.9	837	45.9085
XM_026491821.3	12505	12325.9	4.07662	0.142002
XM_026491822.3	2174	1994.9	16	3.44359
XM_026491823.3	6920	6740.9	109	6.94259
XM_026491824.3	7382	7202.9	142	8.46436
XM_026491825.3	2620	2440.9	12	2.11078
XM_026491826.2	1857	1677.9	0	0
XM_026491828.3	6145	5965.9	56.1728	4.04262
XM_026491829.3	6050	5870.9	10.8272	0.791815
XM_026491831.3	2459	2279.9	49.813	9.3808
XM_026491832.3	5981	5801.9	255	18.8705
XM_026491835.3	1200	1020.9	0	0
XM_026491841.3	2999	2819.9	0	0
XM_026491845.3	3583	3403.9	36	4.54086
XM_026491846.3	3613	3433.9	0	0
XM_026491848.3	1422	1242.9	33	11.3996
XM_026491850.3	2978	2798.9	0	0
XM_026491853.3	3161	2981.9	7	1.0079
XM_026491854.2	1617	1437.9	0	0
XM_026491855.2	2300	2120.9	1	0.202438
XM_026491856.3	1875	1695.9	5.91981	1.49872
XM_026491863.3	2175	1995.9	28357	6100.06
XM_026491864.3	1609	1429.9	0	0
XM_026491865.3	1586	1406.9	28.2762	8.62918
XM_026491866.3	1659	1479.9	156.724	45.4689
XM_026491867.3	1584	1404.9	0	0
XM_026491868.3	1616	1436.9	0	0
XM_026491871.3	3510	3330.9	0	0
XM_026491872.3	6274	6094.9	0	0
XM_026491873.3	3136	2956.9	0.521127	0.0756693
XM_026491875.3	2031	1851.9	9.36569	2.17137
XM_026491878.3	1684	1504.9	4449	1269.31
XM_026491879.3	2386	2206.9	45.4855	8.84918
XM_026491880.3	2507	2327.9	0	0
XM_026491884.3	3887	3707.9	1.44472	0.167289
XM_026491887.3	3884	3704.9	4.15451	0.481456
XM_026491888.3	3826	3646.9	9.46537	1.11436
XM_026491889.3	3779	3599.9	7.68172	0.91618
XM_026491890.3	3848	3668.9	0.21193	0.024801
XM_026491891.3	5764	5584.9	0	0
XM_026491892.3	3837	3657.9	32.3762	3.8002
XM_026491893.3	3834	3654.9	8.80154	1.03394
XM_026491894.3	3055	2875.9	178	26.5741
XM_026491895.3	2832	2652.9	1.90142	0.307731
XM_026491900.3	2839	2659.9	0	0
XM_026491901.3	6318	6138.9	0	0
XM_026491905.3	1339	1159.9	11.6014	4.29439
XM_026491906.3	1155	975.905	3.33068e-06	1.46534e-06
XM_026491907.3	5697	5517.9	94	7.3142
XM_026491908.3	2906	2726.9	4.94004	0.777811
XM_026491909.3	2739	2559.9	0	0
XM_026491910.3	5615	5435.9	70.4927	5.56783
XM_026491912.3	2384	2204.9	3.96864e-07	7.72796e-08
XM_026491913.3	2354	2174.9	23.06	4.55231
XM_026491918.3	3454	3274.9	13	1.70435
XM_026491919.3	5229	5049.9	0	0
XM_026491920.3	6210	6030.9	0.00151914	0.00010815
XM_026491923.3	3393	3213.9	0	0
XM_026491925.3	2281	2101.9	0	0
XM_026491927.3	1245	1065.9	0	0
XM_026491930.3	2451	2271.9	4	0.755933
XM_026491931.3	3988	3808.9	4.22414	0.476158
XM_026491933.3	9418	9238.9	22	1.02239
XM_026491934.3	9546	9366.9	3.50143e-07	1.60496e-08
XM_026491935.3	1458	1278.9	12.0234	4.03647
XM_026491936.3	1910	1730.9	22.9766	5.69936
XM_026491937.3	1396	1216.9	94.4316	33.3177
XM_026491939.3	1372	1192.9	0	0
XM_026491940.3	992	812.905	34.5684	18.258
XM_026491941.3	998	818.905	0	0
XM_026491942.3	6663	6483.9	16.8739	1.11736
XM_026491943.3	3444	3264.9	37	4.86569
XM_026491944.3	5618	5438.9	31	2.44717
XM_026491945.3	9539	9359.9	32.5499	1.49311
XM_026491949.3	9375	9195.9	48.3986	2.25971
XM_026491951.3	2484	2304.9	0	0
XM_026491952.3	5224	5044.9	0.466737	0.0397222
XM_026491953.3	1880	1700.9	0	0
XM_026491955.3	2685	2505.9	65.8243	11.2781
XM_026491956.3	2684	2504.9	47.1757	8.08612
XM_026491957.3	1518	1338.9	1	0.320674
XM_026491958.3	3315	3135.9	13	1.77989
XM_026491959.3	2340	2160.9	629	124.977
XM_026491960.3	1620	1440.9	47	14.0048
XM_026491961.3	1598	1418.9	0	0
XM_026491962.3	4383	4203.9	0	0
XM_026491963.3	1815	1635.9	34.1614	8.96585
XM_026491964.3	1882	1702.9	177.839	44.8383
XM_026491965.3	1082	902.905	169	80.3634
XM_026491966.3	2331	2151.9	0	0
XM_026491967.3	2361	2181.9	0	0
XM_026491969.3	3479	3299.9	0	0
XM_026491970.3	3464	3284.9	0	0
XM_026491971.3	3412	3232.9	0	0
XM_026491973.3	2797	2617.9	0	0
XM_026491974.3	2704	2524.9	0	0
XM_026491975.3	3179	2999.9	0	0
XM_026491977.3	10629	10449.9	3.12902e-07	1.28561e-08
XM_026491978.3	10614	10434.9	5.38763e-08	2.21678e-09
XM_026491979.3	10587	10407.9	0	0
XM_026491980.3	10524	10344.9	0	0
XM_026491981.3	10488	10308.9	0	0
XM_026491982.3	10294	10114.9	0	0
XM_026491988.3	5931	5751.9	188	14.0333
XM_026491989.2	1429	1249.9	5	1.71754
XM_026491992.3	510	331.091	1531	1985.37
XM_026491993.3	4187	4007.9	17.9288	1.92064
XM_026491994.3	4030	3850.9	0	0
XM_026491995.3	4152	3972.9	21.0712	2.27717
XM_026491996.3	1239	1059.9	0	0
XM_026491997.3	3591	3411.9	75.424	9.49131
XM_026491998.3	12060	11880.9	9.50243	0.343399
XM_026492000.3	2929	2749.9	0	0
XM_026492001.3	1769	1589.9	29	7.83142
XM_026492002.3	7737	7557.9	0	0
XM_026492003.3	10661	10481.9	50.5454	2.0704
XM_026492004.3	10586	10406.9	0	0
XM_026492005.3	10438	10258.9	164.872	6.90015
XM_026492006.3	10316	10136.9	4.0811e-08	1.72857e-09
XM_026492007.3	10301	10121.9	6.94473	0.294582
XM_026492008.3	10078	9898.9	23.1734	1.00512
XM_026492009.3	3838	3658.9	0	0
XM_026492010.3	10934	10754.9	0.231508	0.00924213
XM_026492011.3	10702	10522.9	2.07435	0.0846371
XM_026492012.3	10589	10409.9	0	0
XM_026492013.3	10304	10124.9	33.5758	1.4238
XM_026492014.3	5765	5585.9	389	29.8999
XM_026492015.3	8176	7996.9	0	0
XM_026492016.3	4707	4527.9	0	0
XM_026492018.3	4669	4489.9	7.83172	0.748917
XM_026492019.3	677	497.98	0	0
XM_026492020.3	2177	1997.9	0	0
XM_026492026.3	10480	10300.9	0	0
XM_026492031.3	5567	5387.9	2	0.159376
XM_026492032.3	5229	5049.9	178.969	15.2163
XM_026492033.3	4969	4789.9	0.0310595	0.00278408
XM_026492036.3	2578	2398.9	641.284	114.776
XM_026492037.3	2566	2386.9	25.8039	4.64155
XM_026492040.3	1168	988.905	2.6029	1.1301
XM_026492046.3	10153	9973.9	0	0
XM_026492047.3	12370	12190.9	0	0
XM_026492050.3	5844	5664.9	0	0
XM_026492051.3	5651	5471.9	0	0
XM_026492054.3	1631	1451.9	0	0
XM_026492055.3	11127	10947.9	0	0
XM_026492059.3	11091	10911.9	0	0
XM_026492060.3	10959	10779.9	0	0
XM_026492061.3	2110	1930.9	2.60667	0.579614
XM_026492063.3	7161	6981.9	13	0.799434
XM_026492066.3	11371	11191.9	0.000192098	7.36942e-06
XM_026492067.3	7887	7707.9	0.00926735	0.000516217
XM_026492071.3	12078	11898.9	7	0.252583
XM_026492072.3	3022	2842.9	28.5719	4.31509
XM_026492073.3	2823	2643.9	24.4281	3.96695
XM_026492074.3	2831	2651.9	0	0
XM_026492078.3	8696	8516.9	0.115187	0.00580678
XM_026492079.3	8409	8229.9	2.48287	0.129531
XM_026492082.2	1197	1017.9	0.852842	0.359728
XM_026492085.3	3673	3493.9	0	0
XM_026492087.2	947	767.905	0	0
XM_026492088.3	788	608.98	0.0944641	0.0666004
XM_026492090.3	4419	4239.9	6.10704	0.618427
XM_026492093.3	8174	7994.9	35	1.87961
XM_026492094.3	4600	4420.9	133.357	12.9514
XM_026492095.3	1128	948.905	0	0
XM_026492096.3	7566	7386.9	32.5886	1.89416
XM_026492097.3	7425	7245.9	84.5779	5.01162
XM_026492099.3	2553	2373.9	3	0.54259
XM_026492100.3	1935	1755.9	0	0
XM_026492101.3	3760	3580.9	0	0
XM_026492102.3	4583	4403.9	29.6139	2.88716
XM_026492103.3	12490	12310.9	0.142398	0.00496625
XM_026492104.3	12427	12247.9	115.151	4.03664
XM_026492106.3	12598	12418.9	72.7066	2.51364
XM_026492110.3	7443	7263.9	0	0
XM_026492112.3	7392	7212.9	6.52954e-08	3.88674e-09
XM_026492113.3	7364	7184.9	1.04536e-05	6.2468e-07
XM_026492115.3	1107	927.905	3241	1499.65
XM_026492117.3	10231	10051.9	46.8221	1.99994
XM_026492118.3	10198	10018.9	48.5335	2.07986
XM_026492119.3	13378	13198.9	9.43463e-05	3.06902e-06
XM_026492120.3	13242	13062.9	69.9505	2.29913
XM_026492123.3	6697	6517.9	13.4078	0.883209
XM_026492124.3	10994	10814.9	468.471	18.5983
XM_026492125.3	6730	6550.9	0.0184134	0.00120683
XM_026492126.3	14711	14531.9	0.0956916	0.00282725
XM_026492127.3	14666	14486.9	5.47807	0.162355
XM_026492130.3	8336	8156.9	0.0360919	0.00189975
XM_026492133.3	2699	2519.9	0	0
XM_026492135.2	1271	1091.9	0	0
XM_026492136.3	1065	885.905	0	0
XM_026492137.3	589	409.98	0	0
XM_026492138.3	4710	4530.9	0.298391	0.0282758
XM_026492139.3	6254	6074.9	66	4.66464
XM_026492140.3	6542	6362.9	188.189	12.6985
XM_026492142.3	6538	6358.9	0	0
XM_026492143.3	6612	6432.9	0	0
XM_026492144.3	6637	6457.9	0.0512488	0.00340726
XM_026492145.3	13677	13497.9	33.0362	1.05084
XM_026492146.3	16915	16735.9	105.616	2.70954
XM_026492150.3	6990	6810.9	0.346327	0.0218321
XM_026492151.3	6964	6784.9	50.9517	3.22425
XM_026492153.3	5940	5760.9	2	0.149057
XM_026492154.3	12435	12255.9	3.01697	0.105691
XM_026492157.3	9146	8966.9	304	14.5561
XM_026492159.3	4496	4316.9	65	6.46479
XM_026492160.3	4262	4082.9	0	0
XM_026492161.3	3083	2903.9	139	20.5516
XM_026492163.3	3986	3806.9	12.1381	1.36897
XM_026492164.3	4960	4780.9	1.23712e-07	1.111e-08
XM_026492165.3	4957	4777.9	0	0
XM_026492166.3	7786	7606.9	0	0
XM_026492167.3	7746	7566.9	3.08564e-08	1.75082e-09
XM_026492168.3	6858	6678.9	12.1223	0.779277
XM_026492170.3	7776	7596.9	0	0
XM_026492171.3	7736	7556.9	72.2808	4.10669
XM_026492173.3	7909	7729.9	0	0
XM_026492176.3	5672	5492.9	23.3018	1.82138
XM_026492177.3	6459	6279.9	12.2807	0.83962
XM_026492178.3	9999	9819.9	56.1063	2.45312
XM_026492179.3	10037	9857.9	25.4039	1.10645
XM_026492180.3	6884	6704.9	61.4416	3.93444
XM_026492181.3	1961	1781.9	0	0
XM_026492182.3	5452	5272.9	0	0
XM_026492184.3	1808	1628.9	0	0
XM_026492185.3	5179	4999.9	0	0
XM_026492186.3	6279	6099.9	6.53517	0.459989
XM_026492189.3	8108	7928.9	19.852	1.07499
XM_026492191.3	4928	4748.9	0	0
XM_026492192.3	13829	13649.9	0	0
XM_026492193.3	13895	13715.9	0	0
XM_026492194.3	7453	7273.9	0	0
XM_026492195.3	13877	13697.9	0	0
XM_026492196.3	13809	13629.9	0	0
XM_026492197.3	13861	13681.9	0	0
XM_026492199.3	13661	13481.9	1.45627	0.0463772
XM_026492200.3	13608	13428.9	0	0
XM_026492201.3	565	385.98	49.2322	54.7643
XM_026492202.3	3602	3422.9	0	0
XM_026492203.3	3542	3362.9	25	3.19182
XM_026492204.3	6313	6133.9	0	0
XM_026492207.3	3381	3201.9	0	0
XM_026492208.3	2946	2766.9	9.89792e-05	1.5359e-05
XM_026492209.3	2920	2740.9	22.2019	3.47784
XM_026492210.3	2796	2616.9	59.7505	9.80318
XM_026492211.3	2798	2618.9	22.0475	3.61453
XM_026492213.3	7414	7234.9	0	0
XM_026492215.3	3066	2886.9	158.349	23.5503
XM_026492216.3	6349	6169.9	46	3.20105
XM_026492217.3	1992	1812.9	0	0
XM_026492218.3	2008	1828.9	386	90.617
XM_026492219.2	1625	1445.9	0	0
XM_026492220.3	7405	7225.9	0	0
XM_026492221.3	4054	3874.9	0	0
XM_026492224.3	19594	19414.9	11.3937	0.251967
XM_026492226.3	7396	7216.9	0	0
XM_026492227.3	4008	3828.9	0	0
XM_026492228.3	4347	4167.9	0	0
XM_026492229.3	2886	2706.9	53	8.40652
XM_026492233.3	7393	7213.9	0	0
XM_026492236.3	3012	2832.9	0.0877777	0.0133035
XM_026492237.3	3012	2832.9	49.084	7.43912
XM_026492238.3	4121	3941.9	25	2.723
XM_026492239.3	4079	3899.9	0	0
XM_026492240.3	7393	7213.9	0	0
XM_026492241.3	39134	38954.9	33.3431	0.3675
XM_026492242.3	3416	3236.9	17	2.25493
XM_026492243.3	2062	1882.9	0	0
XM_026492244.2	2504	2324.9	3	0.554025
XM_026492247.3	1145	965.905	5	2.22254
XM_026492253.3	3284	3104.9	19	2.62736
XM_026492254.3	7381	7201.9	0	0
XM_026492255.3	6046	5866.9	576.801	42.2115
XM_026492256.3	4602	4422.9	0	0
XM_026492257.3	4597	4417.9	215	20.8947
XM_026492259.3	697	517.98	152	125.992
XM_026492260.3	1958	1778.9	0	0
XM_026492261.3	2241	2061.9	51	10.6198
XM_026492262.3	14014	13834.9	1.25494e-05	3.89459e-07
XM_026492263.3	14033	13853.9	5.61113	0.173897
XM_026492264.3	3565	3385.9	196.603	24.9304
XM_026492270.3	12609	12429.9	0	0
XM_026492272.3	7309	7129.9	0	0
XM_026492273.3	10531	10351.9	34	1.41017
XM_026492275.3	4024	3844.9	0	0
XM_026492276.3	4102	3922.9	51	5.58182
XM_026492277.3	3444	3264.9	2	0.26301
XM_026492280.3	7306	7126.9	0	0
XM_026492282.3	11581	11401.9	0.0173649	0.000653897
XM_026492284.3	11518	11338.9	23.9826	0.908112
XM_026492285.3	7427	7247.9	119	7.04933
XM_026492288.3	5444	5264.9	0	0
XM_026492289.3	1208	1028.9	0	0
XM_026492290.3	4806	4626.9	94	8.7227
XM_026492292.3	7267	7087.9	0	0
XM_026492293.3	11828	11648.9	94.3092	3.47602
XM_026492296.3	18181	18001.9	75	1.78878
XM_026492297.3	18504	18324.9	0	0
XM_026492300.3	2583	2403.9	0	0
XM_026492305.3	4183	4003.9	0	0
XM_026492306.3	2271	2091.9	42.6279	8.74914
XM_026492307.3	25707	25527.9	30.3721	0.510826
XM_026492308.3	2585	2405.9	0	0
XM_026492309.3	12036	11856.9	0	0
XM_026492310.3	12172	11992.9	39.1107	1.40018
XM_026492311.3	11849	11669.9	112.823	4.15092
XM_026492312.3	11600	11420.9	42	1.57893
XM_026492313.3	11573	11393.9	0	0
XM_026492314.3	1798	1618.9	2.79121	0.740262
XM_026492317.3	1483	1303.9	20.4717	6.74095
XM_026492320.3	5006	4826.9	7	0.622648
XM_026492323.3	2369	2189.9	30.5094	5.98167
XM_026492326.3	1474	1294.9	63.2617	20.9757
XM_026492329.3	2904	2724.9	0	0
XM_026492330.3	1486	1306.9	32.2666	10.6004
XM_026492331.3	288	120.308	2	7.13752
XM_026492336.3	5782	5602.9	0	0
XM_026492337.3	1365	1185.9	3.22823e-06	1.16877e-06
XM_026492338.3	7301	7121.9	15.3257	0.923926
XM_026492339.3	7013	6833.9	38.6743	2.42978
XM_026492340.3	1992	1812.9	34	8.05225
XM_026492341.3	5211	5031.9	39.2716	3.35089
XM_026492342.3	361	184.852	2	4.64536
XM_026492343.3	4684	4504.9	0	0
XM_026492344.3	8836	8656.9	115	5.70359
XM_026492345.3	4511	4331.9	62	6.14506
XM_026492346.3	7297	7117.9	45	2.7144
XM_026492347.3	15583	15403.9	7.14688	0.199204
XM_026492348.3	7960	7780.9	153	8.44257
XM_026492358.3	3382	3202.9	0	0
XM_026492361.3	7767	7587.9	26	1.47118
XM_026492362.3	3370	3190.9	0	0
XM_026492363.3	3809	3629.9	0	0
XM_026492364.3	3732	3552.9	2.57084	0.310674
XM_026492365.3	3767	3587.9	0	0
XM_026492367.3	3672	3492.9	0	0
XM_026492368.3	3595	3415.9	0	0
XM_026492373.2	1911	1731.9	0	0
XM_026492374.3	5735	5555.9	0	0
XM_026492377.3	3932	3752.9	216	24.7115
XM_026492378.3	3941	3761.9	0	0
XM_026492379.3	2056	1876.9	234	53.5287
XM_026492381.3	4381	4201.9	23.6018	2.41164
XM_026492382.3	872	692.98	7.39837	4.58383
XM_026492383.2	591	411.98	2.60163	2.71133
XM_026492384.3	12981	12801.9	632.63	21.2172
XM_026492386.3	2927	2747.9	9	1.40622
XM_026492392.3	6123	5943.9	16.9365	1.22339
XM_026492393.2	454	275.419	0	0
XM_026492395.3	6968	6788.9	0	0
XM_026492396.3	6963	6783.9	0	0
XM_026492397.3	6731	6551.9	0	0
XM_026492398.3	6676	6496.9	83.0229	5.48662
XM_026492399.3	6851	6671.9	0	0
XM_026492400.3	6999	6819.9	0	0
XM_026492401.3	1623	1443.9	0	0
XM_026492402.3	1569	1389.9	28.2545	8.72804
XM_026492403.3	8288	8108.9	88.6143	4.69197
XM_026492404.3	1885	1705.9	39	9.81575
XM_026492405.3	8116	7936.9	0	0
XM_026492406.3	8475	8295.9	0	0
XM_026492407.3	7353	7173.9	51.4427	3.0788
XM_026492408.3	1711	1531.9	12.7455	3.57221
XM_026492409.3	2770	2590.9	0	0
XM_026492410.3	2782	2602.9	0	0
XM_026492412.3	8042	7862.9	20.8719	1.1397
XM_026492413.3	2392	2212.9	0	0
XM_026492415.3	10777	10597.9	0.000256608	1.03959e-05
XM_026492416.3	10788	10608.9	11.8638	0.480138
XM_026492420.3	10402	10222.9	0	0
XM_026492421.3	8866	8686.9	16.4277	0.811942
XM_026492422.3	15698	15518.9	0	0
XM_026492423.3	14811	14631.9	0	0
XM_026492424.3	14736	14556.9	19.3838	0.571721
XM_026492425.3	15695	15515.9	0	0
XM_026492432.3	8824	8644.9	195.347	9.70195
XM_026492435.3	5197	5017.9	34	2.90918
XM_026492438.3	5036	4856.9	0	0
XM_026492440.3	949	769.905	6.01035	3.35179
XM_026492441.3	951	771.905	2.98965	1.66291
XM_026492442.3	8773	8593.9	14.3437	0.716611
XM_026492446.3	1762	1582.9	14.2604	3.86804
XM_026492449.3	1429	1249.9	6.7396	2.3151
XM_026492453.3	10076	9896.9	0	0
XM_026492456.3	6470	6290.9	46.5664	3.17814
XM_026492462.3	4055	3875.9	0	0
XM_026492463.3	4059	3879.9	14	1.54925
XM_026492464.2	2924	2744.9	0	0
XM_026492465.3	2458	2278.9	0	0
XM_026492466.3	2887	2707.9	1.50101	0.237993
XM_026492467.3	7784	7604.9	165	9.31544
XM_026492468.3	8329	8149.9	197.08	10.3826
XM_026492469.3	8181	8001.9	14.8448	0.796516
XM_026492470.3	8070	7890.9	4.0747e-05	2.21709e-06
XM_026492471.3	4368	4188.9	142.156	14.5707
XM_026492473.3	4453	4273.9	0	0
XM_026492474.3	4968	4788.9	18.4947	1.65815
XM_026492475.3	4346	4166.9	23.8049	2.45282
XM_026492476.3	8671	8491.9	210.984	10.6674
XM_026492477.3	5994	5814.9	0	0
XM_026492478.3	8652	8472.9	0.00732906	0.000371389
XM_026492479.3	5302	5122.9	9.56826	0.801918
XM_026492480.3	8581	8401.9	0.387739	0.0198141
XM_026492482.3	3243	3063.9	69.9371	9.80044
XM_026492485.3	1359	1179.9	0	0
XM_026492486.3	4041	3861.9	9.75535	1.08456
XM_026492488.3	1681	1501.9	0	0
XM_026492492.3	6239	6059.9	1.03153	0.0730854
XM_026492495.3	6236	6056.9	1.96847	0.139537
XM_026492496.3	7442	7262.9	0	0
XM_026492497.3	5906	5726.9	40.2756	3.0195
XM_026492498.3	5903	5723.9	0	0
XM_026492500.3	1291	1111.9	0	0
XM_026492501.3	2421	2241.9	1	0.191512
XM_026492502.3	1470	1290.9	0	0
XM_026492503.3	8172	7992.9	107.749	5.78792
XM_026492504.3	1723	1543.9	108.178	30.0837
XM_026492505.3	8255	8075.9	86.0712	4.57594
XM_026492506.3	8220	8040.9	0	0
XM_026492507.3	637	457.98	1716	1608.73
XM_026492508.3	767	587.98	834.817	609.595
XM_026492509.2	709	529.98	182.183	147.592
XM_026492510.3	14873	14693.9	3.7772e-07	1.10369e-08
XM_026492511.3	14743	14563.9	0	0
XM_026492512.3	11767	11587.9	0	0
XM_026492513.3	11208	11028.9	0	0
XM_026492514.3	14486	14306.9	89.6338	2.68992
XM_026492516.3	1653	1473.9	0	0
XM_026492519.3	5366	5186.9	14	1.15887
XM_026492521.3	1519	1339.9	4.76338	1.52635
XM_026492523.3	3301	3121.9	55	7.56409
XM_026492524.3	10363	10183.9	2.3173	0.0976972
XM_026492525.3	2023	1843.9	0	0
XM_026492526.3	4625	4445.9	27.6827	2.67339
XM_026492528.3	4501	4321.9	48	4.76847
XM_026492529.3	4182	4002.9	0	0
XM_026492531.3	3256	3076.9	182	25.3963
XM_026492532.3	3371	3191.9	37.1959	5.00333
XM_026492533.3	1422	1242.9	0	0
XM_026492534.3	1380	1200.9	9.0056	3.21972
XM_026492535.3	1782	1602.9	260.787	69.8542
XM_026492536.3	1659	1479.9	17.2126	4.99376
XM_026492538.3	6020	5840.9	235.353	17.3003
XM_026492539.3	1165	985.905	0	0
XM_026492540.3	1402	1222.9	0	0
XM_026492541.3	5339	5159.9	51.6713	4.29953
XM_026492542.3	5133	4953.9	0	0
XM_026492545.3	4398	4218.9	1.76309e-06	1.79427e-07
XM_026492549.3	4028	3848.9	4.26494	0.475761
XM_026492550.3	4197	4017.9	0	0
XM_026492552.3	8571	8391.9	5.28944e-08	2.70621e-09
XM_026492554.3	3541	3361.9	16.3097	2.08293
XM_026492555.3	6138	5958.9	438.803	31.6167
XM_026492557.3	1430	1250.9	12	4.1188
XM_026492559.3	1055	875.905	0	0
XM_026492560.3	3189	3009.9	0	0
XM_026492561.3	4117	3937.9	0.000714129	7.78619e-05
XM_026492562.3	2768	2588.9	573.766	95.155
XM_026492565.3	2322	2142.9	58.2345	11.6678
XM_026492566.3	20294	20114.9	234.976	5.01556
XM_026492567.3	20046	19866.9	72.0612	1.55734
XM_026492568.3	20289	20109.9	0	0
XM_026492569.3	20352	20172.9	0	0
XM_026492571.3	1289	1109.9	38	14.6998
XM_026492572.3	7297	7117.9	17.3819	1.04848
XM_026492573.3	7873	7693.9	0	0
XM_026492575.3	8388	8208.9	13	0.679942
XM_026492580.3	4156	3976.9	35	3.77865
XM_026492581.3	4466	4286.9	95	9.51466
XM_026492582.3	1809	1629.9	0	0
XM_026492584.3	7070	6890.9	1.07625	0.0670578
XM_026492588.3	5978	5798.9	1.49485	0.110679
XM_026492589.3	5975	5795.9	9.78479	0.724843
XM_026492590.3	5965	5785.9	62.7591	4.65714
XM_026492591.3	1664	1484.9	115	33.2516
XM_026492592.3	1001	821.905	28	14.6268
XM_026492593.3	5513	5333.9	75	6.03711
XM_026492594.3	2996	2816.9	16.0966	2.45344
XM_026492595.3	2821	2641.9	9.86342	1.60296
XM_026492596.3	8739	8559.9	156.161	7.83282
XM_026492597.3	8874	8694.9	0	0
XM_026492598.3	8897	8717.9	0	0
XM_026492599.3	8710	8530.9	44.8386	2.25668
XM_026492600.3	2759	2579.9	85897	14295.1
XM_026492601.3	1454	1274.9	39	13.1341
XM_026492609.3	3256	3076.9	0	0
XM_026492611.3	805	625.98	0	0
XM_026492614.3	9118	8938.9	0	0
XM_026492615.3	2433	2253.9	0	0
XM_026492621.3	2768	2588.9	0	0
XM_026492622.3	2871	2691.9	0	0
XM_026492623.3	2710	2530.9	12.3259	2.09101
XM_026492624.3	2294	2114.9	6.20147	1.25898
XM_026492626.3	6966	6786.9	3.61667	0.228797
XM_026492627.3	6890	6710.9	0	0
XM_026492628.3	6785	6605.9	0	0
XM_026492632.3	7331	7151.9	6	0.360199
XM_026492633.3	5961	5781.9	0	0
XM_026492634.3	6045	5865.9	0	0
XM_026492635.3	6078	5898.9	0	0
XM_026492636.3	5277	5097.9	48	4.04262
XM_026492639.2	2012	1832.9	0	0
XM_026492640.3	1803	1623.9	0	0
XM_026492643.3	4957	4777.9	0	0
XM_026492654.3	5019	4839.9	15.4282	1.36865
XM_026492656.2	1647	1467.9	0	0
XM_026492657.3	8870	8690.9	0	0
XM_026492658.3	8867	8687.9	0	0
XM_026492659.3	8850	8670.9	0	0
XM_026492660.3	8832	8652.9	0	0
XM_026492665.3	6886	6706.9	0	0
XM_026492666.3	6705	6525.9	0	0
XM_026492667.3	6676	6496.9	9.68826e-07	6.40255e-08
XM_026492669.3	2300	2120.9	0	0
XM_026492670.3	2169	1989.9	0	0
XM_026492672.3	10774	10594.9	7	0.283671
XM_026492673.3	3651	3471.9	0	0
XM_026492674.3	6857	6677.9	15	0.964416
XM_026492675.3	5111	4931.9	14	1.21878
XM_026492676.3	3405	3225.9	14.798	1.96954
XM_026492677.3	3766	3586.9	0	0
XM_026492678.3	3065	2885.9	3.58651e-06	5.33585e-07
XM_026492680.2	3444	3264.9	0	0
XM_026492681.2	3354	3174.9	0	0
XM_026492682.3	2880	2700.9	29.0136	4.61218
XM_026492683.3	1655	1475.9	153.286	44.5921
XM_026492685.3	4004	3824.9	41.0981	4.61333
XM_026492691.3	4277	4097.9	0	0
XM_026492692.3	4402	4222.9	0	0
XM_026492693.3	4458	4278.9	0	0
XM_026492694.3	4266	4086.9	0	0
XM_026492696.3	4362	4182.9	0	0
XM_026492697.3	5568	5388.9	0	0
XM_026492703.3	4156	3976.9	43.7497	4.72328
XM_026492704.3	8109	7929.9	8.14995	0.441266
XM_026492705.3	8375	8195.9	0	0
XM_026492706.3	8291	8111.9	0	0
XM_026492707.3	8329	8149.9	0	0
XM_026492708.3	7468	7288.9	16.2685	0.958294
XM_026492709.3	7604	7424.9	12.7131	0.735144
XM_026492710.3	6907	6727.9	0	0
XM_026492720.3	4242	4062.9	5.2176e-05	5.51375e-06
XM_026492727.3	5716	5536.9	0	0
XM_026492728.3	9408	9228.9	86	4.00094
XM_026492729.3	4230	4050.9	0	0
XM_026492730.3	6386	6206.9	228.029	15.7735
XM_026492732.3	2736	2556.9	0	0
XM_026492734.3	2665	2485.9	15.7922	2.72754
XM_026492735.3	2485	2305.9	0	0
XM_026492737.3	2419	2239.9	0	0
XM_026492739.3	1915	1735.9	0	0
XM_026492740.2	513	334.091	0	0
XM_026492741.3	4466	4286.9	4.41696	0.442378
XM_026492742.3	4710	4530.9	0	0
XM_026492743.3	4252	4072.9	11.7628	1.23999
XM_026492744.3	4474	4294.9	33.8748	3.38638
XM_026492745.3	4472	4292.9	0.00350936	0.000350986
XM_026492746.3	4337	4157.9	0	0
XM_026492750.3	4105	3925.9	0	0
XM_026492752.3	3125	2945.9	0	0
XM_026492754.3	3025	2845.9	8.83821	1.33339
XM_026492755.3	12208	12028.9	0	0
XM_026492757.3	2703	2523.9	45.4993	7.74008
XM_026492758.3	9548	9368.9	4.89755	0.224442
XM_026492759.3	12362	12182.9	8.68473	0.306069
XM_026492761.3	3975	3795.9	23.9033	2.70369
XM_026492764.3	4350	4170.9	0.000227383	2.34067e-05
XM_026492765.3	855	675.98	0	0
XM_026492767.3	8496	8316.9	0	0
XM_026492768.3	11227	11047.9	85.5936	3.3264
XM_026492769.3	11300	11120.9	0	0
XM_026492770.3	11088	10908.9	0	0
XM_026492771.3	4233	4053.9	0.000191082	2.02376e-05
XM_026492772.3	3727	3547.9	1.45702e-08	1.76323e-09
XM_026492773.3	3729	3549.9	0	0
XM_026492774.3	5697	5517.9	18	1.40059
XM_026492777.3	4114	3934.9	20.0178	2.18422
XM_026492778.3	1696	1516.9	0	0
XM_026492779.3	11540	11360.9	0	0
XM_026492780.3	11634	11454.9	11.9512	0.447954
XM_026492781.3	11587	11407.9	6.10066	0.229607
XM_026492782.3	4014	3834.9	3.94813	0.442029
XM_026492783.3	9509	9329.9	2.62163	0.120644
XM_026492784.3	9496	9316.9	43.7415	2.01575
XM_026492785.3	9455	9275.9	0	0
XM_026492786.3	4092	3912.9	0	0
XM_026492787.3	9443	9263.9	0	0
XM_026492788.3	9339	9159.9	13.6843	0.641422
XM_026492789.3	9326	9146.9	222.953	10.4653
XM_026492790.3	9286	9106.9	0	0
XM_026492791.3	9273	9093.9	0	0
XM_026492793.3	9501	9321.9	15.7902	0.727271
XM_026492794.3	1558	1378.9	4.21804	1.31338
XM_026492795.3	6902	6722.9	74	4.72594
XM_026492796.3	6744	6564.9	0	0
XM_026492797.3	1927	1747.9	0	0
XM_026492798.3	3370	3190.9	224	30.1403
XM_026492800.3	14259	14079.9	77.108	2.35133
XM_026492803.3	14143	13963.9	4.09678e-06	1.25965e-07
XM_026492804.3	1956	1776.9	9	2.17466
XM_026492806.3	1057	877.905	2.74588e-07	1.34291e-07
XM_026492808.3	1065	885.905	0	0
XM_026492809.3	1090	910.905	0	0
XM_026492811.3	1062	882.905	0	0
XM_026492812.3	4359	4179.9	39	4.00601
XM_026492814.3	2319	2139.9	0	0
XM_026492815.3	3317	3137.9	135.653	18.5611
XM_026492817.3	6504	6324.9	412.857	28.0259
XM_026492818.3	3407	3227.9	1	0.133013
XM_026492822.3	1108	928.905	0	0
XM_026492823.3	3348	3168.9	0	0
XM_026492825.3	8298	8118.9	0	0
XM_026492826.3	8293	8113.9	0	0
XM_026492827.3	8274	8094.9	61.5898	3.26671
XM_026492830.3	5761	5581.9	71	5.46122
XM_026492832.3	2812	2632.9	2.44394	0.398537
XM_026492834.3	2839	2659.9	22.3604	3.60934
XM_026492836.3	2724	2544.9	0	0
XM_026492837.3	2614	2434.9	0	0
XM_026492839.3	5017	4837.9	20.7635	1.84271
XM_026492840.3	5018	4838.9	62.2365	5.52219
XM_026492842.3	4965	4785.9	0	0
XM_026492844.3	2503	2323.9	43	7.94445
XM_026492845.3	5871	5691.9	0	0
XM_026492846.3	1727	1547.9	0	0
XM_026492847.3	1389	1209.9	0	0
XM_026492850.3	9801	9621.9	0	0
XM_026492857.3	9801	9621.9	26.4009	1.17807
XM_026492859.1	501	322.091	0	0
XM_026492861.3	1179	999.905	0	0
XM_026492863.3	16587	16407.9	4.48638	0.117397
XM_026492864.3	1764	1584.9	0	0
XM_026492865.3	877	697.98	0	0
XM_026492866.2	2601	2421.9	0	0
XM_026492868.3	1214	1034.9	0	0
XM_026492871.3	9648	9468.9	0	0
XM_026492874.2	1005	825.905	0	0
XM_026492875.3	9788	9608.9	0	0
XM_026492876.2	792	612.98	0	0
XM_026492877.2	849	669.98	0	0
XM_026492878.1	939	759.905	0	0
XM_026492879.1	819	639.98	0	0
XM_026492880.3	9600	9420.9	10.8918	0.496386
XM_026492882.3	9110	8930.9	5.30238	0.254911
XM_026492883.2	702	522.98	0	0
XM_026492884.3	816	636.98	0	0
XM_026492885.3	1308	1128.9	0	0
XM_026492886.3	426	247.808	0	0
XM_026492887.3	9345	9165.9	0	0
XM_026492888.3	2990	2810.9	1	0.152745
XM_026492889.3	762	582.98	0	0
XM_026492890.2	582	402.98	0	0
XM_026492891.3	999	819.905	0	0
XM_026492892.2	2877	2697.9	0	0
XM_026492893.3	1708	1528.9	184	51.6715
XM_026492894.3	1569	1389.9	0	0
XM_026492895.2	1950	1770.9	0	0
XM_026492896.3	1290	1110.9	125	48.3111
XM_026492899.3	405	227.259	0	0
XM_026492900.3	11128	10948.9	19.349	0.758755
XM_026492904.3	9375	9195.9	4.20558	0.196357
XM_026492905.3	2758	2578.9	0	0
XM_026492912.3	18794	18614.9	1	0.023065
XM_026492913.3	2101	1921.9	0	0
XM_026492915.3	4004	3824.9	551.986	61.9614
XM_026492916.3	3929	3749.9	5.71182	0.653985
XM_026492917.3	4026	3846.9	80.6106	8.99692
XM_026492919.2	2938	2758.9	4	0.622496
XM_026492920.3	1853	1673.9	35.613	9.13464
XM_026492921.3	7689	7509.9	6.40241	0.366035
XM_026492925.3	4650	4470.9	3	0.288097
XM_026492927.3	1090	910.905	104	49.0201
XM_026492928.3	1445	1265.9	82	27.8116
XM_026492929.3	9141	8961.9	1.55147	0.0743288
XM_026492931.3	8313	8133.9	0	0
XM_026492935.3	4869	4689.9	0	0
XM_026492936.3	4857	4677.9	0	0
XM_026492939.3	8319	8139.9	87.299	4.60472
XM_026492940.3	6470	6290.9	76	5.18697
XM_026492941.3	7598	7418.9	2.40288e-07	1.39061e-08
XM_026492942.3	2909	2729.9	21.4887	3.37968
XM_026492943.3	2902	2722.9	0	0
XM_026492944.3	2850	2670.9	45.6485	7.33807
XM_026492945.3	2752	2572.9	0	0
XM_026492946.3	1074	894.905	1.64645	0.789924
XM_026492947.3	5080	4900.9	0	0
XM_026492948.3	4817	4637.9	4.61488e-07	4.2722e-08
XM_026492949.3	2772	2592.9	0	0
XM_026492951.3	2431	2251.9	0	0
XM_026492952.3	2317	2137.9	0	0
XM_026492954.3	1060	880.905	0	0
XM_026492955.3	1504	1324.9	30.1115	9.758
XM_026492956.3	2702	2522.9	14.065	2.3936
XM_026492957.3	2761	2581.9	15.5522	2.58621
XM_026492958.3	2172	1992.9	98.1534	21.1462
XM_026492961.3	2718	2538.9	34.3829	5.81446
XM_026492962.3	11864	11684.9	6807	250.117
XM_026492966.3	726	546.98	3.80982	2.99052
XM_026492967.3	1093	913.905	5.93022	2.78601
XM_026492968.3	1134	954.905	2.77779	1.24897
XM_026492970.3	1953	1773.9	113.482	27.467
XM_026492972.3	1367	1187.9	17	6.14442
XM_026492973.3	6257	6077.9	79	5.58067
XM_026492974.3	7080	6900.9	213	13.2522
XM_026492975.3	1739	1559.9	2	0.550485
XM_026492977.3	6776	6596.9	109	7.09413
XM_026492978.3	6771	6591.9	12.214	0.795539
XM_026492979.3	3819	3639.9	0	0
XM_026492980.3	3751	3571.9	42.3785	5.09401
XM_026492981.3	1198	1018.9	0	0
XM_026492982.3	4590	4410.9	0	0
XM_026492985.3	2132	1952.9	134	29.4603
XM_026492988.3	2097	1917.9	3	0.671595
XM_026492994.3	7469	7289.9	0	0
XM_026492999.3	1461	1281.9	2.5944	0.868951
XM_026493000.3	4447	4267.9	0	0
XM_026493001.3	4655	4475.9	0	0
XM_026493004.3	4634	4454.9	17.0686	1.64503
XM_026493009.3	7961	7781.9	9.41558	0.519487
XM_026493010.3	22872	22692.9	4.62034	0.0874172
XM_026493011.3	1544	1364.9	1	0.314565
XM_026493012.3	1560	1380.9	2.48256e-07	7.71881e-08
XM_026493015.3	2873	2693.9	0	0
XM_026493016.3	2489	2309.9	0	0
XM_026493017.3	5882	5702.9	564	42.4616
XM_026493018.3	4029	3849.9	36	4.01482
XM_026493019.3	3853	3673.9	0	0
XM_026493020.3	3636	3456.9	4	0.496805
XM_026493021.3	3434	3254.9	2	0.263818
XM_026493022.3	3515	3335.9	179.247	23.0702
XM_026493023.3	3407	3227.9	164.336	21.8588
XM_026493024.3	3730	3550.9	77.1295	9.32599
XM_026493025.3	3566	3386.9	67.6451	8.57525
XM_026493026.3	4977	4797.9	20	1.78975
XM_026493027.3	3115	2935.9	4.37542	0.639869
XM_026493028.3	3114	2934.9	0	0
XM_026493030.3	6324	6144.9	37	2.58523
XM_026493031.3	6811	6631.9	0	0
XM_026493033.3	6335	6155.9	0	0
XM_026493034.3	6213	6033.9	11.0341	0.785151
XM_026493035.3	6357	6177.9	0	0
XM_026493036.3	5866	5686.9	18.0828	1.36522
XM_026493038.3	754	574.98	3396.6	2536.32
XM_026493039.3	1180	1000.9	0	0
XM_026493040.3	1103	923.905	0	0
XM_026493041.3	1031	851.905	77.7178	39.169
XM_026493042.3	1114	934.905	0	0
XM_026493043.3	1068	888.905	11.2822	5.44944
XM_026493044.3	2144	1964.9	155.847	34.0541
XM_026493048.3	5084	4904.9	0	0
XM_026493049.3	677	497.98	29	25.0034
XM_026493050.3	695	515.98	24	19.9706
XM_026493051.3	2828	2648.9	0	0
XM_026493052.3	2723	2543.9	0	0
XM_026493053.3	3548	3368.9	0	0
XM_026493054.3	7499	7319.9	153	8.97428
XM_026493059.3	13639	13459.9	12.8632	0.410317
XM_026493061.3	13582	13402.9	11.6005	0.371613
XM_026493062.3	4314	4134.9	250	25.959
XM_026493064.3	4438	4258.9	31	3.1252
XM_026493067.3	4013	3833.9	5	0.559941
XM_026493068.3	1239	1059.9	1	0.405085
XM_026493070.3	7385	7205.9	0	0
XM_026493071.3	7257	7077.9	0.23066	0.013992
XM_026493072.3	7376	7196.9	0	0
XM_026493073.3	7236	7056.9	11.1434	0.677983
XM_026493074.3	4276	4096.9	234	24.523
XM_026493077.3	18858	18678.9	0.295901	0.00680156
XM_026493078.3	18919	18739.9	139.453	3.19503
XM_026493080.3	2154	1974.9	0	0
XM_026493081.3	1284	1104.9	521	202.454
XM_026493083.3	6330	6150.9	5.99503	0.418472
XM_026493084.3	5304	5124.9	25.9793	2.17648
XM_026493085.3	5175	4995.9	24.7428	2.12642
XM_026493086.3	1650	1470.9	1	0.291897
XM_026493087.3	1076	896.905	35	16.7546
XM_026493091.3	1775	1595.9	0	0
XM_026493092.3	3163	2983.9	0	0
XM_026493094.3	3748	3568.9	109.236	13.1414
XM_026493095.3	3552	3372.9	9.76444	1.24296
XM_026493096.3	3810	3630.9	11	1.30074
XM_026493101.3	4787	4607.9	3	0.279532
XM_026493102.2	578	398.98	0	0
XM_026493104.3	7994	7814.9	0	0
XM_026493107.3	10918	10738.9	2	0.079962
XM_026493108.3	4886	4706.9	3.0221	0.275668
XM_026493109.3	4887	4707.9	0	0
XM_026493111.3	4800	4620.9	0	0
XM_026493114.3	9098	8918.9	113.228	5.45076
XM_026493115.3	10834	10654.9	0	0
XM_026493116.3	10716	10536.9	18.3293	0.74687
XM_026493117.3	10828	10648.9	0	0
XM_026493118.3	10710	10530.9	38.5445	1.57148
XM_026493119.3	10608	10428.9	23.0697	0.949767
XM_026493120.3	3048	2868.9	0	0
XM_026493121.3	8341	8161.9	21.9981	1.1572
XM_026493122.3	8045	7865.9	4.82126e-06	2.63164e-07
XM_026493123.3	4760	4580.9	0	0
XM_026493124.3	1615	1435.9	0	0
XM_026493125.3	2840	2660.9	1	0.161356
XM_026493126.3	8115	7935.9	0	0
XM_026493127.3	8112	7932.9	0	0
XM_026493132.3	6895	6715.9	39	2.49329
XM_026493134.3	4675	4495.9	6.98549	0.667103
XM_026493137.3	4132	3952.9	66.772	7.25256
XM_026493138.3	4125	3945.9	7.71508	0.839474
XM_026493140.3	4073	3893.9	0	0
XM_026493143.3	3788	3608.9	0	0
XM_026493144.3	1310	1130.9	0	0
XM_026493147.3	4419	4239.9	0	0
XM_026493153.3	2961	2781.9	0	0
XM_026493158.3	3372	3192.9	0	0
XM_026493159.3	986	806.905	33	17.5592
XM_026493161.3	3302	3122.9	0	0
XM_026493162.3	3246	3066.9	0	0
XM_026493163.3	3218	3038.9	0	0
XM_026493164.3	3226	3046.9	0	0
XM_026493165.3	3131	2951.9	0	0
XM_026493167.3	3060	2880.9	0	0
XM_026493168.3	3041	2861.9	3	0.450069
XM_026493169.3	2982	2802.9	0	0
XM_026493170.3	2934	2754.9	0	0
XM_026493171.3	9012	8832.9	112.008	5.44451
XM_026493172.3	15813	15633.9	67	1.84001
XM_026493173.3	5732	5552.9	6.01207	0.464855
XM_026493175.3	8946	8766.9	1.99293	0.0976022
XM_026493181.3	1282	1102.9	22	8.56442
XM_026493182.3	15790	15610.9	0.0177927	0.000489358
XM_026493183.3	15740	15560.9	7.5834e-07	2.09239e-08
XM_026493184.3	15548	15368.9	53.6477	1.49872
XM_026493185.3	7438	7258.9	28	1.65615
XM_026493186.3	7380	7200.9	157.099	9.36698
XM_026493188.3	6990	6810.9	0	0
XM_026493189.3	1822	1642.9	26	6.79476
XM_026493190.3	7348	7168.9	0	0
XM_026493192.3	2943	2763.9	0.195094	0.0303064
XM_026493194.3	6928	6748.9	76	4.83497
XM_026493195.3	3828	3648.9	0	0
XM_026493196.3	3380	3200.9	3	0.402404
XM_026493197.3	2017	1837.9	3	0.700828
XM_026493199.3	2014	1834.9	0	0
XM_026493203.3	4170	3990.9	25	2.68957
XM_026493204.3	7591	7411.9	0	0
XM_026493206.3	10615	10435.9	102.999	4.23756
XM_026493207.3	2940	2760.9	0.804906	0.125172
XM_026493208.3	10465	10285.9	3.494e-08	1.45846e-09
XM_026493211.3	5221	5041.9	1	0.0851567
XM_026493213.2	987	807.905	0	0
XM_026493214.3	3712	3532.9	62.1465	7.55263
XM_026493215.3	3631	3451.9	0	0
XM_026493217.3	2905	2725.9	2.85349	0.449448
XM_026493218.3	3455	3275.9	0	0
XM_026493219.3	2185	2005.9	1.61466	0.345609
XM_026493220.3	2110	1930.9	0	0
XM_026493221.3	2182	2002.9	11.3853	2.44061
XM_026493222.3	822	642.98	0	0
XM_026493223.3	3453	3273.9	0	0
XM_026493224.3	6559	6379.9	35.0312	2.35751
XM_026493225.3	4032	3852.9	637.218	71.0089
XM_026493226.3	4334	4154.9	242.782	25.0882
XM_026493227.3	6181	6001.9	28	2.00301
XM_026493228.3	1029	849.905	0	0
XM_026493232.3	6490	6310.9	0	0
XM_026493234.3	6267	6087.9	0	0
XM_026493236.3	5311	5131.9	16.8259	1.40771
XM_026493237.3	3266	3086.9	1.58337	0.220228
XM_026493239.3	4384	4204.9	12.3107	1.25701
XM_026493240.3	5199	5019.9	0	0
XM_026493241.3	5231	5051.9	0.00914231	0.000776988
XM_026493242.3	5204	5024.9	0	0
XM_026493243.3	3893	3713.9	0	0
XM_026493246.3	3263	3083.9	0	0
XM_026493249.3	3912	3732.9	6.66163	0.766209
XM_026493250.3	3880	3700.9	0	0
XM_026493251.3	2855	2675.9	20.0821	3.2222
XM_026493252.3	9398	9218.9	19.9185	0.927663
XM_026493253.3	6904	6724.9	54.645	3.48881
XM_026493254.3	6965	6785.9	22.0945	1.39794
XM_026493256.3	3080	2900.9	0	0
XM_026493257.3	20995	20815.9	4.28584	0.0884003
XM_026493259.3	4109	3929.9	2.71294	0.296395
XM_026493260.3	2057	1877.9	11.3812	2.60213
XM_026493262.3	1959	1779.9	0	0
XM_026493264.3	1892	1712.9	6.16138	1.54439
XM_026493265.3	4085	3905.9	0	0
XM_026493266.3	1990	1810.9	0	0
XM_026493267.2	1713	1533.9	8.92157	2.49722
XM_026493268.3	3151	2971.9	21	3.03388
XM_026493270.3	1136	956.905	449	201.461
XM_026493271.3	7173	6993.9	66	4.0517
XM_026493272.3	1844	1664.9	24.0691	6.20703
XM_026493274.3	4955	4775.9	0	0
XM_026493275.3	9538	9358.9	78	3.57835
XM_026493276.3	2183	2003.9	1488	318.815
XM_026493279.3	2037	1857.9	8.7105	2.01295
XM_026493281.3	2038	1858.9	320.957	74.1316
XM_026493283.3	3334	3154.9	0	0
XM_026493284.3	4168	3988.9	65	6.99638
XM_026493286.3	2923	2743.9	11.6761	1.82702
XM_026493287.3	2661	2481.9	4.32386	0.747996
XM_026493291.3	6652	6472.9	3.06002e-08	2.02973e-09
XM_026493295.3	6520	6340.9	0.00335812	0.000227384
XM_026493296.3	1993	1813.9	0	0
XM_026493297.3	2227	2047.9	0	0
XM_026493298.3	4654	4474.9	85	8.15546
XM_026493300.3	5017	4837.9	23722.8	2105.33
XM_026493303.3	3468	3288.9	4.07949	0.53256
XM_026493304.3	9008	8828.9	43.36	2.10861
XM_026493305.3	1802	1622.9	18.3899	4.86518
XM_026493306.3	4255	4075.9	219	23.0693
XM_026493307.3	7058	6878.9	173.534	10.8313
XM_026493311.3	11063	10883.9	0	0
XM_026493312.3	6045	5865.9	30.8243	2.25617
XM_026493314.3	3482	3302.9	33.0289	4.2935
XM_026493316.3	9165	8985.9	0	0
XM_026493317.3	8938	8758.9	29.8218	1.46183
XM_026493326.3	3001	2821.9	57	8.67253
XM_026493327.3	1681	1501.9	0	0
XM_026493328.3	1333	1153.9	0	0
XM_026493329.3	1449	1269.9	20.6101	6.96824
XM_026493331.3	983	803.905	0	0
XM_026493332.3	11325	11145.9	2.91954e-05	1.12464e-06
XM_026493333.3	11246	11066.9	20.756	0.80525
XM_026493334.3	11241	11061.9	0	0
XM_026493335.3	11162	10982.9	1.65766e-05	6.48024e-07
XM_026493336.3	11270	11090.9	0.0185744	0.000719052
XM_026493342.3	10492	10312.9	326.701	13.6014
XM_026493343.3	1031	851.905	57	28.7275
XM_026493344.3	5421	5241.9	8.15962e-07	6.68335e-08
XM_026493345.3	4176	3996.9	0.00346551	0.000372269
XM_026493346.3	5392	5212.9	0.00113724	9.3667e-05
XM_026493347.3	4147	3967.9	46.4417	5.02529
XM_026493349.3	5298	5118.9	7.90067	0.662675
XM_026493350.3	16268	16088.9	0	0
XM_026493354.3	7149	6969.9	7.36549	0.45372
XM_026493355.3	7148	6968.9	8.88223	0.547231
XM_026493356.3	7195	7015.9	0.00137728	8.42856e-05
XM_026493358.3	1919	1739.9	9.48044	2.33946
XM_026493360.3	5670	5490.9	18.2225	1.42487
XM_026493362.3	12729	12549.9	4.87497	0.16678
XM_026493363.3	12635	12455.9	0.000439995	1.51665e-05
XM_026493365.3	10115	9935.9	2.54499e-07	1.09975e-08
XM_026493366.3	10244	10064.9	0.00059948	2.55728e-05
XM_026493367.3	4032	3852.9	101.906	11.3559
XM_026493368.3	16543	16363.9	375.991	9.86515
XM_026493369.3	3207	3027.9	0	0
XM_026493370.2	2958	2778.9	0	0
XM_026493372.3	11841	11661.9	0	0
XM_026493379.3	3533	3353.9	7.46537e-06	9.55684e-07
XM_026493380.3	3058	2878.9	0	0
XM_026493383.3	4197	4017.9	22.2072	2.37305
XM_026493384.3	2658	2478.9	0	0
XM_026493385.3	5277	5097.9	0	0
XM_026493386.3	1958	1778.9	4.45233	1.0746
XM_026493387.3	4417	4237.9	0	0
XM_026493388.3	2334	2154.9	0	0
XM_026493389.3	2151	1971.9	0	0
XM_026493390.3	5869	5689.9	16.9089	1.27592
XM_026493391.3	3092	2912.9	9.85212	1.45217
XM_026493392.3	2797	2617.9	34.1274	5.5971
XM_026493394.3	1980	1800.9	0	0
XM_026493395.3	1800	1620.9	2	0.529768
XM_026493396.3	5628	5448.9	250.993	19.7772
XM_026493397.3	2766	2586.9	2	0.331943
XM_026493402.3	4867	4687.9	21	1.92333
XM_026493403.3	2865	2685.9	0	0
XM_026493405.3	3090	2910.9	28.0406	4.13592
XM_026493410.3	8913	8733.9	18.0499	0.88732
XM_026493413.3	9104	8924.9	26.4774	1.27375
XM_026493415.3	2371	2191.9	19.8368	3.88565
XM_026493416.3	2314	2134.9	5.16317	1.03837
XM_026493417.3	1119	939.905	53	24.2106
XM_026493426.3	4623	4443.9	12.5003	1.20773
XM_026493428.3	4594	4414.9	45	4.37628
XM_026493430.3	16098	15918.9	22.3847	0.603742
XM_026493431.3	16089	15909.9	0.00126873	3.42386e-05
XM_026493432.3	15867	15687.9	0.0867946	0.00237542
XM_026493433.3	13158	12978.9	0	0
XM_026493435.3	1511	1331.9	0	0
XM_026493436.3	4818	4638.9	65.5676	6.06858
XM_026493444.3	1999	1819.9	4	0.94368
XM_026493446.3	5221	5041.9	27	2.29923
XM_026493448.3	5993	5813.9	7.41097	0.547294
XM_026493449.3	8687	8507.9	4.3111	0.21756
XM_026493450.3	5046	4866.9	0	0
XM_026493451.3	5040	4860.9	29.964	2.64665
XM_026493452.3	5025	4845.9	0.206309	0.0182792
XM_026493453.3	5016	4836.9	37.1215	3.29512
XM_026493454.3	5010	4830.9	7.2758e-06	6.46645e-07
XM_026493455.3	4983	4803.9	0	0
XM_026493456.3	5272	5092.9	30.3394	2.55773
XM_026493457.3	4968	4788.9	0	0
XM_026493458.3	4938	4758.9	0	0
XM_026493459.3	4929	4749.9	0	0
XM_026493460.3	7721	7541.9	276.25	15.7266
XM_026493461.3	2209	2029.9	8	1.69211
XM_026493463.3	5243	5063.9	16.5094	1.39978
XM_026493464.3	3132	2952.9	0	0
XM_026493465.3	4336	4156.9	6	0.619719
XM_026493466.3	2752	2572.9	3	0.500623
XM_026493467.3	2530	2350.9	0	0
XM_026493468.3	2591	2411.9	1	0.178014
XM_026493470.3	7995	7815.9	0	0
XM_026493472.3	3352	3172.9	17.96	2.43031
XM_026493473.3	831	651.98	0	0
XM_026493474.3	765	585.98	0	0
XM_026493475.3	5933	5753.9	98	7.31268
XM_026493478.3	12670	12490.9	649	22.3082
XM_026493480.3	937	757.905	0	0
XM_026493481.3	925	745.98	0	0
XM_026493483.3	3659	3479.9	0	0
XM_026493485.3	3599	3419.9	0	0
XM_026493487.3	3354	3174.9	0	0
XM_026493490.3	2421	2241.9	85	16.2785
XM_026493491.3	5068	4888.9	0	0
XM_026493492.3	1014	834.905	0	0
XM_026493493.3	2599	2419.9	0	0
XM_026493494.3	2468	2288.9	17.1714	3.22101
XM_026493497.3	2414	2234.9	191.434	36.7767
XM_026493498.3	2509	2329.9	182.395	33.6115
XM_026493499.3	1276	1096.9	733.277	287.02
XM_026493500.3	4206	4026.9	17	1.81255
XM_026493501.3	3997	3817.9	1245	140.01
XM_026493502.3	3474	3294.9	0.000126937	1.65408e-05
XM_026493503.3	3638	3458.9	0	0
XM_026493504.3	3628	3448.9	0	0
XM_026493506.3	1266	1086.9	95.7231	37.8128
XM_026493507.3	1535	1355.9	0	0
XM_026493508.3	1544	1364.9	23	7.23501
XM_026493509.3	3467	3287.9	0	0
XM_026493511.3	6916	6736.9	0	0
XM_026493512.3	7483	7303.9	0	0
XM_026493513.3	6883	6703.9	0	0
XM_026493517.3	6814	6634.9	35.2436	2.28065
XM_026493518.3	7376	7196.9	4.43825	0.264777
XM_026493519.3	6805	6625.9	0	0
XM_026493520.3	4726	4546.9	78	7.36533
XM_026493521.3	7367	7187.9	0	0
XM_026493522.3	6736	6556.9	0.0211586	0.00138548
XM_026493523.3	6712	6532.9	0.044569	0.00292914
XM_026493526.3	7446	7266.9	0	0
XM_026493528.3	2030	1850.9	0	0
XM_026493531.3	2220	2040.9	0	0
XM_026493532.3	2343	2163.9	186	36.9053
XM_026493533.3	5943	5763.9	145.951	10.8719
XM_026493534.3	2206	2026.9	13.433	2.84547
XM_026493535.3	1275	1095.9	26.2538	10.2857
XM_026493537.3	1359	1179.9	0	0
XM_026493541.3	1587	1407.9	0	0
XM_026493543.3	1434	1254.9	0	0
XM_026493544.3	2784	2604.9	53.2978	8.78478
XM_026493545.3	3808	3628.9	0	0
XM_026493548.3	6130	5950.9	7.95257	0.57377
XM_026493562.3	1946	1766.9	0	0
XM_026493565.3	6835	6655.9	8	0.516055
XM_026493566.2	751	571.98	0	0
XM_026493567.3	7137	6957.9	0	0
XM_026493568.3	7123	6943.9	445.911	27.5713
XM_026493570.3	4019	3839.9	2	0.223626
XM_026493571.3	1159	979.905	10	4.38157
XM_026493573.3	7172	6992.9	3.77227	0.231611
XM_026493576.3	5264	5084.9	82.7039	6.98323
XM_026493577.3	2220	2040.9	14	2.94523
XM_026493578.3	1041	861.905	0	0
XM_026493580.3	6972	6792.9	12.038	0.760874
XM_026493581.3	4476	4296.9	19	1.8985
XM_026493582.3	6240	6060.9	74.842	5.30177
XM_026493585.3	2785	2605.9	0	0
XM_026493586.3	6658	6478.9	38	2.51823
XM_026493587.3	6426	6246.9	0	0
XM_026493588.3	9151	8971.9	79.1026	3.78547
XM_026493589.3	2576	2396.9	0	0
XM_026493590.3	6721	6541.9	8	0.525048
XM_026493592.3	5988	5808.9	74	5.46954
XM_026493593.3	6119	5939.9	129	9.32446
XM_026493595.3	5421	5241.9	135	11.0575
XM_026493596.3	3121	2941.9	0	0
XM_026493597.3	2241	2061.9	2	0.416461
XM_026493602.2	2301	2121.9	24.4521	4.94771
XM_026493604.3	2194	2014.9	60.5479	12.902
XM_026493605.3	2848	2668.9	60.7008	9.76505
XM_026493606.3	8715	8535.9	65	3.26947
XM_026493610.3	3599	3419.9	6.95233	0.872831
XM_026493611.3	3018	2838.9	7.04767	1.06588
XM_026493612.3	2948	2768.9	0	0
XM_026493614.3	1011	831.905	0	0
XM_026493621.3	1531	1351.9	0	0
XM_026493624.1	900	720.98	0	0
XM_026493628.2	390	212.589	0	0
XM_026493629.2	1050	870.905	0	0
XM_026493631.1	777	597.98	0	0
XM_026493636.3	1587	1407.9	0	0
XM_026493637.3	25625	25445.9	0	0
XM_026493639.3	2551	2371.9	5	0.905078
XM_026493645.3	25821	25641.9	0	0
XM_026493647.1	1101	921.905	0	0
XM_026493648.1	1014	834.905	0	0
XM_026493649.1	648	468.98	0	0
XM_026493650.1	615	435.98	0	0
XM_026493651.3	2016	1836.9	58	13.5567
XM_026493653.1	1035	855.905	0	0
XM_026493654.3	1029	849.905	0	0
XM_026493656.2	1404	1224.9	0	0
XM_026493657.2	1416	1236.9	0	0
XM_026493658.2	1398	1218.9	0	0
XM_026493659.3	1404	1224.9	0	0
XM_026493660.3	1429	1249.9	0	0
XM_026493661.3	465	286.306	0	0
XM_026493662.2	1005	825.905	0	0
XM_026493664.1	474	295.277	0	0
XM_026493665.2	1143	963.905	0	0
XM_026493667.1	1113	933.905	0	0
XM_026493668.3	225	74.0685	0	0
XM_026493669.2	1074	894.905	0	0
XM_026493670.3	49894	49714.9	1.53845e-06	1.32865e-08
XM_026493671.2	1014	834.905	0	0
XM_026493672.2	561	381.98	0	0
XM_026493673.2	957	777.905	0	0
XM_026493674.3	766	586.98	0	0
XM_026493675.3	1164	984.905	0	0
XM_026493677.1	657	477.98	0	0
XM_026493680.2	861	681.98	0	0
XM_026493682.3	34236	34056.9	0	0
XM_026493683.1	582	402.98	0	0
XM_026493684.2	1851	1671.9	0	0
XM_026493685.3	30804	30624.9	0	0
XM_026493686.2	300	130.105	0	0
XM_026493687.2	396	218.393	0	0
XM_026493688.1	372	195.24	0	0
XM_026493689.3	30704	30524.9	0.0846975	0.00119132
XM_026493690.2	1242	1062.9	0	0
XM_026493691.2	1311	1131.9	0	0
XM_026493694.3	80937	80757.9	0	0
XM_026493697.3	4661	4481.9	0	0
XM_026493698.2	1074	894.905	0	0
XM_026493699.3	80837	80657.9	5.17412	0.0275425
XM_026493705.3	657	477.98	0	0
XM_026493706.1	3177	2997.9	0	0
XM_026493708.3	735	555.98	0	0
XM_026493709.3	2290	2110.9	0	0
XM_026493712.2	1782	1602.9	1	0.267859
XM_026493718.2	1797	1617.9	0	0
XM_026493721.3	7510	7330.9	17.7489	1.03951
XM_026493723.3	2631	2451.9	230.595	40.3795
XM_026493736.3	4965	4785.9	0	0
XM_026493737.3	4906	4726.9	34	3.08827
XM_026493740.3	6013	5833.9	0.034421	0.00253325
XM_026493741.3	5990	5810.9	5.96558	0.44078
XM_026493742.3	4588	4408.9	7	0.68168
XM_026493744.2	4320	4140.9	0	0
XM_026493745.3	6193	6013.9	17.0248	1.21545
XM_026493746.3	16312	16132.9	30.2925	0.806186
XM_026493751.3	3736	3556.9	6.56953e-06	7.93005e-07
XM_026493752.3	16420	16240.9	50.7075	1.34053
XM_026493753.3	16188	16008.9	0	0
XM_026493760.3	1577	1397.9	0	0
XM_026493765.3	447	268.446	0	0
XM_026493767.3	3066	2886.9	0	0
XM_026493768.3	6998	6818.9	265	16.6857
XM_026493770.3	8285	8105.9	115	6.0913
XM_026493771.3	18177	17997.9	77.6634	1.85271
XM_026493772.3	17788	17608.9	6.70897e-06	1.63582e-07
XM_026493773.3	18190	18010.9	0.390732	0.00931445
XM_026493775.3	6953	6773.9	95.2287	6.0359
XM_026493777.3	5314	5134.9	19	1.58867
XM_026493778.3	3703	3523.9	1.25971	0.153483
XM_026493779.3	4822	4642.9	4	0.369899
XM_026493780.3	4732	4552.9	23	2.16897
XM_026493781.3	7231	7051.9	64.595	3.93284
XM_026493782.3	3333	3153.9	116	15.7915
XM_026493783.3	3218	3038.9	0	0
XM_026493784.3	3215	3035.9	78.7255	11.1337
XM_026493787.3	2947	2767.9	0	0
XM_026493788.3	1355	1175.9	28.1394	10.2744
XM_026493789.3	1308	1128.9	6.86062	2.60927
XM_026493791.3	1091	911.905	22	10.3583
XM_026493792.3	1286	1106.9	2506	972.04
XM_026493793.3	2278	2098.9	13.3097	2.72264
XM_026493794.3	4848	4668.9	40	3.6784
XM_026493796.3	2130	1950.9	24	5.28188
XM_026493798.3	4849	4669.9	3.00157	0.275965
XM_026493804.3	3365	3185.9	3	0.404298
XM_026493806.3	2099	1919.9	2.31588	0.517905
XM_026493808.3	1504	1324.9	41.6001	13.481
XM_026493809.3	1543	1363.9	34.3999	10.8289
XM_026493810.3	3010	2830.9	22	3.33665
XM_026493811.3	3094	2914.9	53.3713	7.86134
XM_026493814.3	2675	2495.9	19.6287	3.37658
XM_026493815.3	4283	4103.9	3	0.313861
XM_026493816.3	2607	2427.9	0	0
XM_026493817.3	2135	1955.9	0	0
XM_026493819.3	3841	3661.9	6.34927e-07	7.4444e-08
XM_026493820.3	6341	6161.9	0	0
XM_026493821.3	6162	5982.9	21.0435	1.51015
XM_026493822.3	6273	6093.9	0	0
XM_026493825.3	5972	5792.9	0	0
XM_026493826.3	4212	4032.9	0	0
XM_026493834.3	2222	2042.9	7.9943	1.68014
XM_026493838.3	2215	2035.9	0	0
XM_026493840.3	5963	5783.9	0	0
XM_026493841.3	5648	5468.9	0	0
XM_026493842.3	1855	1675.9	4.03263	1.03312
XM_026493845.3	2803	2623.9	0	0
XM_026493847.2	2847	2667.9	0	0
XM_026493848.3	1820	1640.9	492	128.735
XM_026493849.2	1441	1261.9	29.0491	9.8837
XM_026493850.3	1453	1273.9	8.95091	3.01678
XM_026493851.3	3333	3153.9	7	0.952934
XM_026493852.3	2830	2650.9	0	0
XM_026493854.3	2590	2410.9	35.5416	6.32951
XM_026493857.3	9174	8994.9	211.007	10.072
XM_026493858.3	11377	11197.9	43.2738	1.65921
XM_026493860.3	6575	6395.9	41.5496	2.78919
XM_026493862.3	11537	11357.9	0	0
XM_026493863.3	2361	2181.9	0.00134962	0.000265576
XM_026493865.3	2337	2157.9	9.44578	1.8794
XM_026493866.3	2344	2164.9	36.5838	7.25543
XM_026493867.3	2033	1853.9	8.1147	1.87931
XM_026493868.3	1500	1320.9	0	0
XM_026493869.3	1504	1324.9	6.8853	2.23127
XM_026493870.3	9824	9644.9	0	0
XM_026493871.3	2514	2334.9	0	0
XM_026493872.3	4852	4672.9	44	4.04277
XM_026493873.3	1575	1395.9	47	14.4562
XM_026493874.3	6575	6395.9	0	0
XM_026493875.3	6502	6322.9	0	0
XM_026493876.3	6540	6360.9	0	0
XM_026493877.3	6572	6392.9	0	0
XM_026493878.3	6475	6295.9	0	0
XM_026493879.3	7722	7542.9	0	0
XM_026493880.3	5846	5666.9	0	0
XM_026493883.3	3450	3270.9	18.3274	2.40573
XM_026493884.3	7559	7379.9	0	0
XM_026493886.3	3901	3721.9	15	1.73037
XM_026493890.3	5631	5451.9	59	4.64641
XM_026493891.3	1326	1146.9	136	50.9126
XM_026493892.3	748	568.98	526.952	397.637
XM_026493893.3	3973	3793.9	0	0
XM_026493894.3	1299	1119.9	0	0
XM_026493896.3	1254	1074.9	0	0
XM_026493898.3	1230	1050.9	0	0
XM_026493899.3	1248	1068.9	0	0
XM_026493900.3	1182	1002.9	0	0
XM_026493901.3	8246	8066.9	296	15.7542
XM_026493902.3	8244	8064.9	0.000340364	1.812e-05
XM_026493903.3	3099	2919.9	1	0.147043
XM_026493904.3	10537	10357.9	29.9939	1.2433
XM_026493905.3	4906	4726.9	0.0314989	0.0028611
XM_026493906.3	4886	4706.9	7.9685	0.726867
XM_026493907.3	4837	4657.9	0	0
XM_026493908.3	5000	4820.9	0	0
XM_026493909.3	4783	4603.9	22	2.05168
XM_026493910.3	3141	2961.9	0	0
XM_026493911.3	3333	3153.9	44	5.98987
XM_026493912.3	3354	3174.9	0	0
XM_026493914.3	549	370.056	32	37.1276
XM_026493915.3	3109	2929.9	0	0
XM_026493916.3	2976	2796.9	6	0.921058
XM_026493917.3	999	819.905	2	1.04732
XM_026493918.3	2111	1931.9	7.31782	1.62633
XM_026493919.3	984	804.905	0	0
XM_026493920.3	4706	4526.9	2	0.189689
XM_026493922.3	1997	1817.9	17	4.01505
XM_026493923.3	1959	1779.9	64.6813	15.6025
XM_026493924.3	1877	1697.9	6.85654	1.73383
XM_026493925.3	1851	1671.9	12.4622	3.20033
XM_026493927.3	1847	1667.9	6.00389	1.54552
XM_026493928.3	1773	1593.9	0	0
XM_026493931.3	2367	2187.9	103	20.2126
XM_026493934.3	2386	2206.9	12	2.33459
XM_026493935.3	2430	2250.9	0	0
XM_026493939.2	1957	1777.9	0	0
XM_026493940.3	913	733.98	2	1.16993
XM_026493941.3	3262	3082.9	118	16.4337
XM_026493942.3	5244	5064.9	0	0
XM_026493950.3	3733	3553.9	9	1.0873
XM_026493953.3	5539	5359.9	0	0
XM_026493955.3	2616	2436.9	1	0.176187
XM_026493956.3	2276	2096.9	0	0
XM_026493958.3	665	485.98	72	63.6103
XM_026493959.3	3513	3333.9	1	0.128784
XM_026493960.3	3982	3802.9	52.8373	5.96539
XM_026493961.3	3979	3799.9	26.9597	3.04618
XM_026493963.3	5692	5512.9	0	0
XM_026493964.3	1250	1070.9	0	0
XM_026493965.3	5664	5484.9	0	0
XM_026493966.3	5662	5482.9	3.28161	0.256974
XM_026493967.3	4862	4682.9	0	0
XM_026493968.3	5488	5308.9	45.1217	3.64917
XM_026493969.3	5431	5251.9	29.453	2.40783
XM_026493970.3	1289	1109.9	0	0
XM_026493971.3	7530	7350.9	0.132571	0.00774322
XM_026493972.3	7518	7338.9	4.05463	0.23721
XM_026493974.3	7509	7329.9	17.3432	1.01588
XM_026493975.3	7506	7326.9	104.157	6.10354
XM_026493976.3	3462	3282.9	4	0.523137
XM_026493978.3	3138	2958.9	0	0
XM_026493979.3	3135	2955.9	65.735	9.54816
XM_026493980.3	3495	3315.9	5.265	0.681725
XM_026493982.3	3042	2862.9	0	0
XM_026493986.3	1789	1609.9	0	0
XM_026493989.3	4736	4556.9	3.99986	0.376867
XM_026493990.3	4772	4592.9	0.000138747	1.29703e-05
XM_026493995.3	2973	2793.9	215	33.04
XM_026493996.3	2525	2345.9	8	1.46418
XM_026493998.3	1078	898.905	72	34.39
XM_026494000.3	5665	5485.9	50	3.91323
XM_026494001.3	955	775.905	3	1.66007
XM_026494005.3	5995	5815.9	103	7.60385
XM_026494006.3	3590	3410.9	5.74354e-06	7.22975e-07
XM_026494008.3	2902	2722.9	38.7915	6.1167
XM_026494009.3	23426	23246.9	5.79892	0.107101
XM_026494010.3	2954	2774.9	0	0
XM_026494011.3	2533	2353.9	0	0
XM_026494012.3	2087	1907.9	72.5123	16.3181
XM_026494016.3	4622	4442.9	0	0
XM_026494017.3	10109	9929.9	0	0
XM_026494018.3	2452	2272.9	0	0
XM_026494019.3	4544	4364.9	16.0809	1.58179
XM_026494020.3	10929	10749.9	0.000646436	2.58187e-05
XM_026494021.3	10863	10683.9	1.99935	0.0803476
XM_026494022.3	6694	6514.9	32.0357	2.11125
XM_026494024.3	6974	6794.9	0	0
XM_026494028.2	1506	1326.9	0	0
XM_026494029.3	3185	3005.9	18	2.57105
XM_026494030.3	2302	2122.9	5	1.01124
XM_026494033.3	395	217.459	393	775.942
XM_026494035.3	5934	5754.9	63.8093	4.76058
XM_026494036.3	2754	2574.9	0	0
XM_026494037.3	5994	5814.9	24.1907	1.78615
XM_026494038.3	5979	5799.9	0	0
XM_026494039.3	5929	5749.9	0	0
XM_026494040.3	3622	3442.9	1	0.124706
XM_026494042.3	4048	3868.9	12.5425	1.39191
XM_026494044.3	3993	3813.9	45.1415	5.08182
XM_026494046.3	3905	3725.9	63.9981	7.37477
XM_026494048.3	3950	3770.9	0	0
XM_026494051.3	6899	6719.9	10.3693	0.662519
XM_026494052.3	4754	4574.9	0	0
XM_026494053.3	2663	2483.9	67	11.5812
XM_026494054.3	4660	4480.9	129	12.3605
XM_026494055.3	4627	4447.9	1	0.096529
XM_026494056.3	5362	5182.9	0	0
XM_026494058.3	4551	4371.9	23	2.25876
XM_026494059.3	4423	4243.9	0	0
XM_026494060.3	4403	4223.9	0	0
XM_026494062.3	2744	2564.9	0	0
XM_026494063.3	4488	4308.9	0	0
XM_026494064.3	5389	5209.9	0	0
XM_026494066.3	1000	820.905	0	0
XM_026494067.3	11433	11253.9	0	0
XM_026494070.3	6994	6814.9	0	0
XM_026494071.3	6830	6650.9	0	0
XM_026494072.3	6811	6631.9	0	0
XM_026494078.3	3413	3233.9	8	1.06213
XM_026494079.3	3651	3471.9	0.000253786	3.13843e-05
XM_026494085.3	4679	4499.9	45.7608	4.3662
XM_026494086.3	4422	4242.9	54.2392	5.48863
XM_026494087.3	3112	2932.9	75	10.9794
XM_026494088.3	3606	3426.9	0	0
XM_026494089.3	3033	2853.9	0	0
XM_026494090.3	2411	2231.9	1	0.19237
XM_026494091.3	5909	5729.9	99.1707	7.43104
XM_026494093.3	1698	1518.9	0	0
XM_026494094.3	6154	5974.9	0	0
XM_026494096.3	4562	4382.9	45.8731	4.49375
XM_026494097.3	4682	4502.9	167.127	15.9356
XM_026494098.3	3534	3354.9	0	0
XM_026494099.3	3475	3295.9	61.9386	8.06863
XM_026494100.3	346	170.979	0	0
XM_026494101.3	471	292.277	5.57011	8.18244
XM_026494102.3	1545	1365.9	0	0
XM_026494103.3	430	251.782	4.61943	7.87729
XM_026494104.3	479	300.247	0	0
XM_026494105.3	511	332.091	0	0
XM_026494106.3	563	383.98	1.7113	1.9135
XM_026494107.3	385	207.757	0	0
XM_026494108.3	3842	3662.9	1	0.117216
XM_026494109.3	9301	9121.9	125.635	5.9134
XM_026494110.3	9394	9214.9	0.0101923	0.000474892
XM_026494112.3	9334	9154.9	51.3552	2.40848
XM_026494113.3	9650	9470.9	0	0
XM_026494117.3	2731	2551.9	26	4.37444
XM_026494118.3	2852	2672.9	0.000719841	0.000115629
XM_026494119.3	2832	2652.9	12.9993	2.10383
XM_026494120.3	2203	2023.9	30	6.36421
XM_026494121.3	2136	1956.9	0	0
XM_026494122.2	1436	1256.9	0	0
XM_026494123.3	5916	5736.9	9.32225	0.69768
XM_026494125.3	23019	22839.9	34.264	0.644106
XM_026494134.3	16805	16625.9	167.631	4.32894
XM_026494135.3	6871	6691.9	0	0
XM_026494136.3	6859	6679.9	0	0
XM_026494137.3	6856	6676.9	0	0
XM_026494138.3	6820	6640.9	0	0
XM_026494139.3	6820	6640.9	0	0
XM_026494140.3	6793	6613.9	0	0
XM_026494142.3	6727	6547.9	0	0
XM_026494143.3	6712	6532.9	0	0
XM_026494144.3	6676	6496.9	0	0
XM_026494145.3	6661	6481.9	0	0
XM_026494146.3	6646	6466.9	0	0
XM_026494147.3	379	201.901	75	159.491
XM_026494148.3	6622	6442.9	0	0
XM_026494149.3	6597	6417.9	1.00723e-06	6.73825e-08
XM_026494150.3	6595	6415.9	1.51276e-06	1.01234e-07
XM_026494151.3	6595	6415.9	1.51276e-06	1.01234e-07
XM_026494153.3	2227	2047.9	0	0
XM_026494154.3	2205	2025.9	0	0
XM_026494157.3	6639	6459.9	0	0
XM_026494158.3	8711	8531.9	0	0
XM_026494160.3	6603	6423.9	2.97526e-07	1.98856e-08
XM_026494161.3	6588	6408.9	6.28723e-06	4.21201e-07
XM_026494162.3	6576	6396.9	7.25507e-05	4.86951e-06
XM_026494163.3	2469	2289.9	3	0.562493
XM_026494164.3	6573	6393.9	0.000133813	8.98558e-06
XM_026494165.3	6547	6367.9	0.0272792	0.00183928
XM_026494166.3	6522	6342.9	4.62651	0.313169
XM_026494168.3	5681	5501.9	3.56377e-05	2.78106e-06
XM_026494169.3	2226	2046.9	0	0
XM_026494170.3	6872	6692.9	2	0.128301
XM_026494171.3	2322	2142.9	0	0
XM_026494172.3	6658	6478.9	28.0105	1.85623
XM_026494173.3	6715	6535.9	0	0
XM_026494175.3	6642	6462.9	0	0
XM_026494176.3	2934	2754.9	116	18.0786
XM_026494177.3	3720	3540.9	0	0
XM_026494178.3	8101	7921.9	85.0262	4.60826
XM_026494179.3	5396	5216.9	0	0
XM_026494184.3	4018	3838.9	0.207866	0.0232482
XM_026494200.3	7442	7262.9	89	5.2613
XM_026494202.3	1306	1126.9	10	3.81001
XM_026494203.3	6620	6440.9	1.45785e-06	9.71807e-08
XM_026494204.3	6545	6365.9	6.33738	0.427428
XM_026494207.3	9209	9029.9	0	0
XM_026494208.3	9206	9026.9	0	0
XM_026494209.3	9287	9107.9	0	0
XM_026494210.2	777	597.98	0	0
XM_026494215.3	4407	4227.9	0	0
XM_026494217.3	2604	2424.9	0	0
XM_026494220.3	2092	1912.9	0.00485514	0.00108974
XM_026494221.3	5355	5175.9	2	0.165904
XM_026494223.3	4237	4057.9	66	6.98322
XM_026494224.3	1564	1384.9	0	0
XM_026494225.3	4067	3887.9	0	0
XM_026494226.3	847	667.98	0	0
XM_026494227.3	2022	1842.9	0.0311828	0.00726484
XM_026494231.3	8894	8714.9	65	3.20232
XM_026494232.3	2053	1873.9	9.11505	2.08845
XM_026494233.3	10458	10278.9	40.5678	1.69452
XM_026494234.3	10986	10806.9	10.444	0.414934
XM_026494235.3	10553	10373.9	0.000247836	1.02574e-05
XM_026494236.3	1709	1529.9	165	46.3055
XM_026494237.3	1349	1169.9	17	6.23896
XM_026494238.3	8410	8230.9	965	50.3377
XM_026494239.3	2346	2166.9	43.0565	8.53125
XM_026494240.3	1983	1803.9	66.5464	15.8389
XM_026494241.3	2051	1871.9	0	0
XM_026494243.3	3468	3288.9	80.7831	10.5459
XM_026494244.3	3423	3243.9	4.21694	0.558139
XM_026494245.3	1615	1435.9	404	120.801
XM_026494246.3	4739	4559.9	13	1.22406
XM_026494247.3	4661	4481.9	0	0
XM_026494248.3	824	644.98	0	0
XM_026494250.3	8931	8751.9	0	0
XM_026494251.3	8897	8717.9	0	0
XM_026494252.3	8804	8624.9	8.52561e-05	4.24409e-06
XM_026494253.3	1009	829.905	14.0906	7.28981
XM_026494256.3	2640	2460.9	432.375	75.4362
XM_026494257.3	2638	2458.9	149.625	26.1261
XM_026494259.3	3601	3421.9	46.3987	5.82172
XM_026494263.3	1888	1708.9	0	0
XM_026494265.3	1974	1794.9	0	0
XM_026494267.3	2233	2053.9	0	0
XM_026494268.3	5539	5359.9	1.16958	0.0936883
XM_026494269.3	2227	2047.9	57	11.9503
XM_026494270.3	5402	5222.9	115.819	9.52098
XM_026494271.3	5400	5220.9	0	0
XM_026494272.3	5398	5218.9	0	0
XM_026494273.3	5399	5219.9	29.1808	2.40021
XM_026494276.3	8452	8272.9	43	2.23164
XM_026494277.3	6405	6225.9	150	10.3443
XM_026494278.3	4972	4792.9	0	0
XM_026494279.3	4970	4790.9	0	0
XM_026494280.3	5167	4987.9	0	0
XM_026494281.3	5162	4982.9	0	0
XM_026494282.3	5160	4980.9	0	0
XM_026494283.3	5260	5080.9	0	0
XM_026494284.3	5253	5073.9	0	0
XM_026494285.3	5119	4939.9	0	0
XM_026494286.3	5117	4937.9	0	0
XM_026494287.3	4814	4634.9	1.38635e-05	1.28424e-06
XM_026494288.3	4851	4671.9	0	0
XM_026494289.3	4849	4669.9	0	0
XM_026494290.3	4774	4594.9	0	0
XM_026494291.3	4772	4592.9	1.99999	0.186962
XM_026494292.3	4899	4719.9	0	0
XM_026494294.3	4897	4717.9	0	0
XM_026494295.3	4821	4641.9	0	0
XM_026494296.3	6533	6353.9	0	0
XM_026494297.3	6537	6357.9	0	0
XM_026494298.3	6493	6313.9	0.000262037	1.78188e-05
XM_026494299.3	6488	6308.9	39.6277	2.69686
XM_026494302.3	6593	6413.9	0	0
XM_026494304.3	6447	6267.9	0.53549	0.0366811
XM_026494306.3	1421	1241.9	32	11.0631
XM_026494314.3	3995	3815.9	0	0
XM_026494318.3	4066	3886.9	0.00121065	0.00013373
XM_026494319.3	4035	3855.9	41.8107	4.65559
XM_026494322.3	2063	1883.9	42	9.57202
XM_026494323.3	2501	2321.9	3.90272	0.721666
XM_026494324.3	11409	11229.9	207.961	7.95096
XM_026494326.3	3083	2903.9	12.6624	1.87217
XM_026494327.3	3060	2880.9	0	0
XM_026494328.3	4774	4594.9	6.13874	0.57361
XM_026494331.3	822	642.98	1	0.667753
XM_026494332.2	11755	11575.9	67.1778	2.49164
XM_026494333.2	3927	3747.9	84.559	9.6869
XM_026494334.3	3147	2967.9	36	5.20794
XM_026494336.3	7113	6933.9	0	0
XM_026494339.3	2342	2162.9	181.808	36.0901
XM_026494340.3	2340	2160.9	23.1923	4.6081
XM_026494341.2	945	765.905	0	0
XM_026494343.3	2995	2815.9	1	0.152474
XM_026494345.3	4266	4086.9	14.1118	1.48252
XM_026494349.2	3162	2982.9	313	45.0524
XM_026494350.3	14164	13984.9	23.1499	0.710726
XM_026494351.3	13930	13750.9	9.8696	0.308164
XM_026494354.3	3800	3620.9	99	11.739
XM_026494355.3	2986	2806.9	37.4547	5.72917
XM_026494356.3	3141	2961.9	95.5453	13.8501
XM_026494357.3	4925	4745.9	202.867	18.3529
XM_026494358.3	2026	1846.9	25.8833	6.01713
XM_026494359.3	1517	1337.9	0	0
XM_026494360.3	3435	3255.9	0	0
XM_026494361.3	7920	7740.9	45	2.49594
XM_026494362.3	7918	7738.9	0	0
XM_026494363.3	1767	1587.9	0	0
XM_026494364.3	7520	7340.9	1	0.0584876
XM_026494365.3	2769	2589.9	144	23.8722
XM_026494371.3	492	313.186	150	205.638
XM_026494373.3	2388	2208.9	0	0
XM_026494374.3	979	799.905	105	56.3592
XM_026494376.3	5570	5390.9	46.0796	3.66996
XM_026494377.3	5412	5232.9	4.04046e-07	3.31513e-08
XM_026494379.3	5606	5426.9	0	0
XM_026494383.3	5516	5336.9	0	0
XM_026494385.3	6242	6062.9	0	0
XM_026494386.3	2391	2211.9	0	0
XM_026494387.3	2100	1920.9	0	0
XM_026494388.3	2100	1920.9	0	0
XM_026494389.3	7016	6836.9	7.68571e-06	4.82656e-07
XM_026494390.3	6953	6773.9	0	0
XM_026494391.3	6934	6754.9	53	3.36876
XM_026494392.3	18361	18181.9	0	0
XM_026494393.3	690	510.98	0	0
XM_026494401.3	6130	5950.9	4	0.288596
XM_026494402.3	5930	5750.9	0	0
XM_026494403.3	5038	4858.9	0	0
XM_026494406.3	4923	4743.9	0	0
XM_026494408.3	4928	4748.9	0.00459762	0.000415674
XM_026494409.3	1648	1468.9	31	9.06111
XM_026494410.3	4896	4716.9	0	0
XM_026494411.3	4814	4634.9	0.00134853	0.00012492
XM_026494412.3	4786	4606.9	3.66499	0.341568
XM_026494414.3	883	703.98	57.2822	34.9359
XM_026494417.3	1270	1090.9	252	99.1807
XM_026494418.3	1128	948.905	0	0
XM_026494419.3	3250	3070.9	46	6.43139
XM_026494420.3	1761	1581.9	0	0
XM_026494421.3	1437	1257.9	0	0
XM_026494422.3	3057	2877.9	178.995	26.7041
XM_026494423.3	3051	2871.9	0	0
XM_026494427.3	3540	3360.9	585.968	74.8568
XM_026494439.3	2631	2451.9	1	0.17511
XM_026494442.3	2678	2498.9	0	0
XM_026494450.3	2068	1888.9	10.7591	2.44556
XM_026494454.3	3360	3180.9	0	0
XM_026494455.3	3060	2880.9	2	0.298067
XM_026494456.3	1397	1217.9	54	19.0368
XM_026494458.3	9280	9100.9	31	1.46248
XM_026494460.3	8299	8119.9	2	0.105753
XM_026494470.3	12741	12561.9	86.4917	2.95619
XM_026494480.3	2489	2309.9	21.7049	4.03438
XM_026494493.3	3112	2932.9	26.8149	3.92546
XM_026494495.3	1141	961.905	33	14.7297
XM_026494497.3	863	683.98	0	0
XM_026494499.3	12556	12376.9	9.88757e-06	3.42998e-07
XM_026494500.3	4750	4570.9	345.236	32.4285
XM_026494501.3	812	632.98	9.37538	6.35934
XM_026494502.3	1906	1726.9	0	0
XM_026494503.3	2811	2631.9	1.24619	0.203295
XM_026494504.3	3343	3163.9	0	0
XM_026494505.3	660	480.98	8.76942	7.82811
XM_026494506.3	2917	2737.9	28.6203	4.48816
XM_026494508.3	9052	8872.9	71.657	3.46742
XM_026494509.3	663	483.98	0	0
XM_026494510.3	2204	2024.9	45	9.5416
XM_026494511.3	1623	1443.9	35	10.4074
XM_026494513.3	936	756.98	0	0
XM_026494514.3	3082	2902.9	3	0.443713
XM_026494515.3	1955	1775.9	2	0.48353
XM_026494520.3	5521	5341.9	0	0
XM_026494521.3	4619	4439.9	8	0.773624
XM_026494522.2	1629	1449.9	16	4.73799
XM_026494530.3	1415	1235.9	0	0
XM_026494531.3	3385	3205.9	2.66715e-06	3.57199e-07
XM_026494533.3	3443	3263.9	69.2966	9.11566
XM_026494534.3	1019	839.905	0	0
XM_026494535.3	3911	3731.9	940.92	108.252
XM_026494537.3	2409	2229.9	0	0
XM_026494538.2	949	769.905	0	0
XM_026494539.2	734	554.98	0	0
XM_026494540.2	554	375.018	0	0
XM_026494541.3	2342	2162.9	133	26.4014
XM_026494542.2	3206	3026.9	0	0
XM_026494543.3	4422	4242.9	0	0
XM_026494544.3	2382	2202.9	74.5223	14.5246
XM_026494550.3	11874	11694.9	10.29	0.377774
XM_026494551.3	2716	2536.9	41	6.93894
XM_026494553.3	4087	3907.9	15.7288	1.72808
XM_026494554.3	3958	3778.9	10.2712	1.167
XM_026494557.3	2276	2096.9	13	2.66182
XM_026494560.3	2450	2270.9	0	0
XM_026494562.3	1127	947.905	0	0
XM_026494564.3	1155	975.905	11.8355	5.20704
XM_026494565.3	1701	1521.9	0	0
XM_026494567.3	1079	899.905	0	0
XM_026494568.3	1029	849.905	8.33959	4.21297
XM_026494569.3	1163	983.905	5.82495	2.54187
XM_026494570.3	920	740.98	0	0
XM_026494571.3	1454	1274.9	0	0
XM_026494572.3	2422	2242.9	105	20.0998
XM_026494573.3	2444	2264.9	0	0
XM_026494574.3	2405	2225.9	146	28.1618
XM_026494575.3	727	547.98	918	719.269
XM_026494576.3	10096	9916.9	110	4.76244
XM_026494578.3	1260	1080.9	0	0
XM_026494580.3	1872	1692.9	0	0
XM_026494581.3	1865	1685.9	0	0
XM_026494582.3	3014	2834.9	92	13.9336
XM_026494583.3	9601	9421.9	0	0
XM_026494584.3	9187	9007.9	26	1.23926
XM_026494585.3	9745	9565.9	0	0
XM_026494586.3	2100	1920.9	0	0
XM_026494589.3	1957	1777.9	4.8546	1.17235
XM_026494593.3	2109	1929.9	0	0
XM_026494594.3	2098	1918.9	86	19.2424
XM_026494596.3	2390	2210.9	8	1.55358
XM_026494602.3	1213	1033.9	22	9.13599
XM_026494603.3	7849	7669.9	27	1.51143
XM_026494605.2	1753	1573.9	0.000799764	0.000218171
XM_026494606.3	1742	1562.9	7.54932	2.0739
XM_026494607.3	5737	5557.9	28	2.16302
XM_026494608.3	3491	3311.9	75	9.72292
XM_026494610.3	2051	1871.9	47	10.7802
XM_026494611.3	723	543.98	16	12.6285
XM_026494614.3	3778	3598.9	48	5.72643
XM_026494617.3	3207	3027.9	0	0
XM_026494619.3	13765	13585.9	0	0
XM_026494620.3	2836	2656.9	0	0
XM_026494624.3	8297	8117.9	0	0
XM_026494625.3	2886	2706.9	0	0
XM_026494628.3	2692	2512.9	0	0
XM_026494630.3	2632	2452.9	0	0
XM_026494631.3	1981	1801.9	0	0
XM_026494632.3	3861	3681.9	5	0.583057
XM_026494633.3	3730	3550.9	29	3.50649
XM_026494635.3	4091	3911.9	0	0
XM_026494637.3	3473	3293.9	0	0
XM_026494638.3	3470	3290.9	0	0
XM_026494639.3	3943	3763.9	1	0.114071
XM_026494640.3	8820	8640.9	53.6999	2.66826
XM_026494641.3	1271	1091.9	95	37.3553
XM_026494642.3	5852	5672.9	706.684	53.4851
XM_026494643.3	5765	5585.9	34.3328	2.63894
XM_026494647.3	2359	2179.9	1	0.196959
XM_026494648.3	8474	8294.9	0	0
XM_026494649.3	8474	8294.9	57	2.95037
XM_026494650.3	8360	8180.9	0	0
XM_026494651.3	3075	2895.9	0	0
XM_026494654.3	3524	3344.9	0	0
XM_026494655.3	6242	6062.9	44	3.11591
XM_026494656.2	714	534.98	2324	1865.14
XM_026494657.2	915	735.98	2	1.16675
XM_026494658.3	9431	9251.9	0	0
XM_026494659.3	9677	9497.9	0	0
XM_026494660.3	8992	8812.9	0	0
XM_026494664.3	7336	7156.9	46.9405	2.81602
XM_026494665.3	6422	6242.9	84.9353	5.84137
XM_026494666.3	2774	2594.9	0	0
XM_026494667.3	4223	4043.9	53	5.62715
XM_026494668.3	3392	3212.9	192	25.6576
XM_026494669.3	12345	12165.9	0.00436657	0.000154102
XM_026494670.3	1785	1605.9	6	1.60415
XM_026494672.3	4332	4152.9	38.2667	3.95624
XM_026494673.3	4307	4127.9	13.7333	1.42843
XM_026494676.3	4281	4101.9	0	0
XM_026494677.3	4232	4052.9	0	0
XM_026494678.3	2021	1841.9	12	2.79723
XM_026494679.2	3240	3060.9	0	0
XM_026494682.2	880	700.98	0	0
XM_026494683.3	3671	3491.9	1435	176.442
XM_026494684.3	2842	2662.9	0	0
XM_026494685.3	4349	4169.9	241	24.8144
XM_026494689.3	1765	1585.9	0	0
XM_026494691.3	13149	12969.9	0	0
XM_026494693.3	5098	4918.9	32.0325	2.79599
XM_026494694.3	4938	4758.9	0	0
XM_026494700.3	3381	3201.9	608	81.5283
XM_026494703.3	3413	3233.9	165	21.9064
XM_026494709.3	2934	2754.9	213	33.1961
XM_026494712.3	2629	2449.9	36.6439	6.42193
XM_026494713.3	1915	1735.9	35.8857	8.87582
XM_026494714.3	4192	4012.9	0	0
XM_026494715.3	7060	6880.9	210	13.1035
XM_026494717.3	4506	4326.9	56.7245	5.62868
XM_026494720.3	4779	4599.9	40.6359	3.79293
XM_026494721.3	451	272.446	1.59319	2.51074
XM_026494722.3	2899	2719.9	25	3.94639
XM_026494724.3	2368	2188.9	15.5241	3.04505
XM_026494725.3	2227	2047.9	7.47585	1.56734
XM_026494728.3	2257	2077.9	165.534	34.2039
XM_026494729.3	2558	2378.9	133.466	24.0883
XM_026494730.3	5159	4979.9	2	0.172434
XM_026494733.3	11083	10903.9	0	0
XM_026494734.3	11016	10836.9	273.643	10.8416
XM_026494735.3	11020	10840.9	0	0
XM_026494736.3	10807	10627.9	0	0
XM_026494737.3	4414	4234.9	1	0.101384
XM_026494738.3	618	438.98	0	0
XM_026494739.3	3223	3043.9	0	0
XM_026494740.3	5640	5460.9	0	0
XM_026494741.3	14604	14424.9	0	0
XM_026494742.3	14593	14413.9	0	0
XM_026494743.3	14554	14374.9	0	0
XM_026494745.3	805	625.98	133	91.223
XM_026494746.3	14645	14465.9	0	0
XM_026494748.3	20080	19900.9	6.83345	0.147428
XM_026494752.3	13677	13497.9	0	0
XM_026494753.3	13630	13450.9	0	0
XM_026494755.3	12525	12345.9	0	0
XM_026494757.3	4687	4507.9	63.5132	6.04927
XM_026494759.3	10304	10124.9	48.6421	2.06269
XM_026494760.3	1090	910.905	51.0486	24.0616
XM_026494761.3	1095	915.905	19.4763	9.12997
XM_026494762.3	1100	920.905	10.4467	4.87057
XM_026494763.3	1087	907.905	7.15345	3.3829
XM_026494767.3	3743	3563.9	151.257	18.2223
XM_026494768.3	2041	1861.9	0	0
XM_026494772.3	10485	10305.9	449.923	18.7442
XM_026494773.3	2605	2425.9	2	0.353973
XM_026494776.3	1813	1633.9	0	0
XM_026494777.3	3349	3169.9	54	7.3141
XM_026494779.3	3742	3562.9	0	0
XM_026494780.3	1626	1446.9	0	0
XM_026494783.2	1728	1548.9	0	0
XM_026494784.3	3986	3806.9	83.8686	9.4589
XM_026494785.3	2688	2508.9	684	117.054
XM_026494787.3	2182	2002.9	0.238873	0.051206
XM_026494788.3	7445	7265.9	2.76113	0.163159
XM_026494789.3	5947	5767.9	191	14.2177
XM_026494790.3	2289	2109.9	40	8.13974
XM_026494791.3	2175	1995.9	0	0
XM_026494792.3	6239	6059.9	0	0
XM_026494795.2	396	218.393	0	0
XM_026494797.3	3228	3048.9	0	0
XM_026494799.3	447	268.446	1	1.5994
XM_026494800.3	545	366.056	18	21.1125
XM_026494801.3	2934	2754.9	122	19.0137
XM_026494804.3	5280	5100.9	3.77845	0.318038
XM_026494806.3	3930	3750.9	7.22155	0.826624
XM_026494809.3	2156	1976.9	320.435	69.5933
XM_026494810.3	3077	2897.9	3	0.444478
XM_026494811.3	2156	1976.9	14.5652	3.16333
XM_026494812.2	931	751.98	0	0
XM_026494814.3	10010	9830.9	24.0475	1.05024
XM_026494818.3	2277	2097.9	12	2.45589
XM_026494819.3	2788	2608.9	7.24535	1.19238
XM_026494820.3	6009	5829.9	10.6208	0.782184
XM_026494821.3	6391	6211.9	12.25	0.846693
XM_026494822.3	5903	5723.9	0	0
XM_026494823.3	5805	5625.9	46.2275	3.52794
XM_026494827.3	5712	5532.9	10.9017	0.845967
XM_026494828.3	5539	5359.9	0	0
XM_026494829.3	4696	4516.9	0	0
XM_026494830.3	4345	4165.9	55.6894	5.73953
XM_026494831.3	4372	4192.9	87	8.90877
XM_026494832.3	4486	4306.9	0	0
XM_026494833.3	10391	10211.9	0	0
XM_026494834.3	1461	1281.9	0	0
XM_026494836.3	282	115.361	0	0
XM_026494837.3	3680	3500.9	9	1.10376
XM_026494839.3	5020	4840.9	0	0
XM_026494840.3	2167	1987.9	47.4531	10.249
XM_026494842.3	1726	1546.9	721	200.118
XM_026494843.3	1751	1571.9	119	32.5038
XM_026494844.3	2927	2747.9	0	0
XM_026494850.3	2908	2728.9	0	0
XM_026494854.3	2788	2608.9	2	0.329143
XM_026494855.3	3540	3360.9	0	0
XM_026494857.3	3760	3580.9	0	0
XM_026494858.3	3677	3497.9	8	0.981964
XM_026494859.3	3336	3156.9	0	0
XM_026494860.3	2104	1924.9	0.406676	0.0907095
XM_026494861.3	2646	2466.9	41	7.13584
XM_026494864.3	15836	15656.9	14	0.383915
XM_026494865.3	2953	2773.9	12.8422	1.98774
XM_026494866.3	1839	1659.9	0	0
XM_026494868.3	6907	6727.9	37.9996	2.425
XM_026494869.3	1280	1100.9	7.24279	2.82468
XM_026494872.3	13261	13081.9	127.234	4.17586
XM_026494874.3	1905	1725.9	1	0.248769
XM_026494877.3	1158	978.905	0	0
XM_026494878.3	5506	5326.9	4	0.322403
XM_026494884.3	7518	7338.9	0.753375	0.0440751
XM_026494886.3	7544	7364.9	1.52267	0.0887674
XM_026494887.3	7481	7301.9	0	0
XM_026494888.3	7469	7289.9	86.1933	5.07651
XM_026494889.3	7494	7314.9	121.612	7.13809
XM_026494890.3	7460	7280.9	0	0
XM_026494891.3	7479	7299.9	32.5635	1.91526
XM_026494892.3	1434	1254.9	5.52553	1.8905
XM_026494893.3	1401	1221.9	31.4745	11.0595
XM_026494896.3	3306	3126.9	0	0
XM_026494897.3	1317	1137.9	0	0
XM_026494898.3	5499	5319.9	2.63362	0.21255
XM_026494899.3	2566	2386.9	1732	311.549
XM_026494901.3	3050	2870.9	2	0.299106
XM_026494902.3	5596	5416.9	2	0.158523
XM_026494903.3	5296	5116.9	16	1.34254
XM_026494904.3	3574	3394.9	80	10.1176
XM_026494909.3	10290	10110.9	22.1182	0.939231
XM_026494910.3	1667	1487.9	0	0
XM_026494912.3	6251	6071.9	7.23145	0.511345
XM_026494918.3	807	627.98	0	0
XM_026494919.3	620	440.98	2	1.94726
XM_026494921.3	2880	2700.9	0	0
XM_026494922.3	8822	8642.9	27	1.34127
XM_026494923.3	2408	2228.9	13	2.50418
XM_026494924.2	8358	8178.9	223	11.7064
XM_026494925.3	7658	7478.9	13.9255	0.799443
XM_026494926.3	2359	2179.9	2	0.393918
XM_026494927.3	2071	1891.9	55.9979	12.7082
XM_026494928.3	1843	1663.9	0.00213957	0.000552092
XM_026494929.3	1513	1333.9	0	0
XM_026494931.3	2490	2310.9	0	0
XM_026494935.3	7783	7603.9	0	0
XM_026494939.3	4991	4811.9	1.42759e-07	1.27379e-08
XM_026494940.3	4999	4819.9	1.63355e-08	1.45515e-09
XM_026494942.3	5220	5040.9	0	0
XM_026494944.3	1414	1234.9	1434	498.573
XM_026494946.3	950	770.905	107	59.5932
XM_026494947.3	4029	3849.9	6	0.669136
XM_026494948.3	2137	1957.9	1	0.219292
XM_026494950.3	3550	3370.9	80.3285	10.2314
XM_026494951.3	3598	3418.9	53.6715	6.74016
XM_026494952.3	7494	7314.9	16.0745	0.943498
XM_026494953.3	2482	2302.9	17.2502	3.21612
XM_026494954.3	2591	2411.9	1.95396	0.347831
XM_026494955.3	2587	2407.9	17.046	3.03947
XM_026494956.3	3915	3735.9	0	0
XM_026494963.3	2809	2629.9	0	0
XM_026494967.3	3460	3280.9	0	0
XM_026494969.3	1782	1602.9	0	0
XM_026494972.3	1554	1374.9	8	2.49822
XM_026494973.3	1692	1512.9	0	0
XM_026494974.3	2946	2766.9	10	1.55174
XM_026494976.3	6200	6020.9	2.77489	0.197878
XM_026494977.3	2108	1928.9	38	8.45836
XM_026494978.2	1264	1084.9	2.11795	0.838182
XM_026494979.3	1430	1250.9	0	0
XM_026494980.3	2232	2052.9	3.5456	0.74154
XM_026494981.3	1931	1751.9	0	0
XM_026494982.3	1653	1473.9	5.4544	1.58888
XM_026494985.3	952	772.905	117	64.994
XM_026494986.3	895	715.98	10.8385	6.49951
XM_026494987.3	876	696.98	6.16152	3.7956
XM_026494988.3	3645	3465.9	2	0.247757
XM_026494991.3	2016	1836.9	50.7141	11.8537
XM_026494993.3	6297	6117.9	0	0
XM_026494995.3	1954	1774.9	0	0
XM_026494996.3	1818	1638.9	22.9451	6.01103
XM_026494997.3	5346	5166.9	313	26.0092
XM_026494998.3	1898	1718.9	4	0.999129
XM_026494999.3	1658	1478.9	1	0.290318
XM_026495000.3	2105	1925.9	30.5699	6.81511
XM_026495001.3	2594	2414.9	0	0
XM_026495002.3	5600	5420.9	0.00961908	0.00076186
XM_026495005.3	12199	12019.9	0	0
XM_026495008.3	4373	4193.9	0	0
XM_026495009.3	4260	4080.9	13.8879	1.46115
XM_026495010.3	1405	1225.9	0	0
XM_026495011.3	4366	4186.9	0	0
XM_026495019.3	3195	3015.9	38	5.40978
XM_026495021.3	1546	1366.9	1	0.314105
XM_026495022.3	1566	1386.9	0	0
XM_026495023.3	1082	902.905	0	0
XM_026495025.3	1147	967.905	0	0
XM_026495026.3	1144	964.905	6	2.66981
XM_026495028.3	1918	1738.9	7	1.72837
XM_026495031.3	2196	2016.9	0	0
XM_026495033.3	1771	1591.9	8.33069	2.24687
XM_026495034.2	6754	6574.9	12	0.783619
XM_026495035.3	6586	6406.9	119	7.97466
XM_026495037.3	2211	2031.9	2	0.42261
XM_026495042.3	1924	1744.9	89	21.8994
XM_026495043.3	936	756.98	69.0161	39.1453
XM_026495044.3	1082	902.905	26.9839	12.8315
XM_026495047.3	3822	3642.9	82	9.6645
XM_026495048.2	1425	1245.9	0	0
XM_026495049.3	1546	1366.9	0	0
XM_026495050.3	1465	1285.9	0	0
XM_026495051.3	1415	1235.9	11	3.82139
XM_026495052.3	3554	3374.9	39.7909	5.06216
XM_026495053.3	1415	1235.9	4	1.3896
XM_026495054.3	807	627.98	1	0.683703
XM_026495057.3	1730	1550.9	0	0
XM_026495058.3	3036	2856.9	51	7.66457
XM_026495059.2	1993	1813.9	0	0
XM_026495060.3	2270	2090.9	0	0
XM_026495061.3	2218	2038.9	0	0
XM_026495063.3	4302	4122.9	117.96	12.2842
XM_026495064.3	3362	3182.9	65.5622	8.84389
XM_026495066.3	3551	3371.9	0	0
XM_026495068.3	3499	3319.9	0	0
XM_026495069.3	3430	3250.9	0	0
XM_026495070.3	1961	1781.9	0	0
XM_026495071.3	4423	4243.9	41	4.14793
XM_026495072.3	3919	3739.9	1	0.114803
XM_026495078.3	3484	3304.9	37	4.8068
XM_026495082.3	5104	4924.9	0	0
XM_026495086.3	1694	1514.9	128	36.2776
XM_026495087.3	9210	9030.9	40.3954	1.9205
XM_026495090.3	3623	3443.9	0	0
XM_026495091.3	8514	8334.9	3.45005	0.177721
XM_026495093.3	5633	5453.9	60.8517	4.79048
XM_026495094.3	2897	2717.9	75	11.8479
XM_026495097.3	1827	1647.9	3.37633	0.879682
XM_026495099.3	14324	14144.9	0	0
XM_026495103.3	2969	2789.9	59.5568	9.16548
XM_026495104.3	581	401.98	2.44324	2.60961
XM_026495105.3	10415	10235.9	63	2.64258
XM_026495106.3	14297	14117.9	0	0
XM_026495107.3	2052	1872.9	6.56829	1.50574
XM_026495109.3	8899	8719.9	58.2397	2.86762
XM_026495111.3	2084	1904.9	329.203	74.2001
XM_026495112.3	2076	1896.9	12.7968	2.89647
XM_026495113.3	891	711.98	12.4726	7.52145
XM_026495115.3	2148	1968.9	39	8.50459
XM_026495116.3	783	603.98	0	0
XM_026495117.3	2790	2610.9	47	7.72895
XM_026495118.3	6289	6109.9	19.7391	1.3871
XM_026495119.3	6176	5996.9	0	0
XM_026495120.3	5775	5595.9	53.2609	4.0865
XM_026495128.3	13311	13131.9	267.161	8.7349
XM_026495129.3	5257	5077.9	57.1171	4.82942
XM_026495130.3	6980	6800.9	3.92809	0.247987
XM_026495131.3	2206	2026.9	22	4.66018
XM_026495132.3	2055	1875.9	166	37.9936
XM_026495134.3	1455	1275.9	340	114.413
XM_026495135.3	21666	21486.9	10.3366	0.206546
XM_026495136.3	4411	4231.9	88	8.92812
XM_026495138.3	1287	1107.9	1	0.387535
XM_026495139.3	3933	3753.9	32	3.65999
XM_026495140.3	3634	3454.9	14.3316	1.78104
XM_026495141.3	3459	3279.9	0	0
XM_026495142.3	3601	3421.9	191.31	24.0039
XM_026495143.3	3559	3379.9	38.6902	4.91485
XM_026495144.3	3459	3279.9	0	0
XM_026495148.3	8268	8088.9	187.919	9.97458
XM_026495149.3	8271	8091.9	37.0809	1.96749
XM_026495151.3	3576	3396.9	0	0
XM_026495152.3	3357	3177.9	0	0
XM_026495153.3	3339	3159.9	0	0
XM_026495155.3	3269	3089.9	33.1883	4.61161
XM_026495158.3	5657	5477.9	66.6776	5.22612
XM_026495159.3	5647	5467.9	34.3224	2.69507
XM_026495160.3	8068	7888.9	30	1.63274
XM_026495161.3	2364	2184.9	0	0
XM_026495164.3	2928	2748.9	0	0
XM_026495165.3	2205	2025.9	0	0
XM_026495166.3	3197	3017.9	0	0
XM_026495169.3	2745	2565.9	20.2838	3.39409
XM_026495171.3	2792	2612.9	0	0
XM_026495172.3	2678	2498.9	0	0
XM_026495173.3	3026	2846.9	16.2205	2.44627
XM_026495176.3	3537	3357.9	20.2005	2.58289
XM_026495177.3	3589	3409.9	3.94416e-08	4.96621e-09
XM_026495179.3	816	636.98	1	0.674043
XM_026495180.3	4006	3826.9	38	4.26333
XM_026495181.3	14358	14178.9	8.456	0.256056
XM_026495184.3	3071	2891.9	55	8.16568
XM_026495187.3	10459	10279.9	3.03574	0.126791
XM_026495188.3	3195	3015.9	11.8343	1.68476
XM_026495189.3	2725	2545.9	3.16568	0.533874
XM_026495190.3	11298	11118.9	186.01	7.18272
XM_026495191.3	4064	3884.9	5	0.55259
XM_026495192.3	2835	2655.9	41.4441	6.69982
XM_026495193.3	2301	2121.9	0	0
XM_026495194.3	2066	1886.9	0.555932	0.126498
XM_026495195.3	6514	6334.9	0	0
XM_026495196.3	10456	10276.9	4.44309	0.185625
XM_026495197.3	6610	6430.9	0	0
XM_026495198.3	4303	4123.9	116.154	12.0932
XM_026495200.3	3387	3207.9	447	59.8273
XM_026495201.3	1659	1479.9	8	2.32097
XM_026495202.3	2538	2358.9	0	0
XM_026495205.3	7802	7622.9	172	9.68772
XM_026495209.3	8481	8301.9	260	13.4465
XM_026495212.3	1321	1141.9	0	0
XM_026495213.3	6023	5843.9	36	2.64492
XM_026495214.3	1161	981.905	0	0
XM_026495223.3	3844	3664.9	0	0
XM_026495225.3	3655	3475.9	0	0
XM_026495226.3	2969	2789.9	127	19.5446
XM_026495227.3	1575	1395.9	0	0
XM_026495228.3	1475	1295.9	0	0
XM_026495229.3	1872	1692.9	23.6683	6.00272
XM_026495230.3	1852	1672.9	12.5733	3.22693
XM_026495232.3	5499	5319.9	0	0
XM_026495233.3	5498	5318.9	0	0
XM_026495234.3	7260	7080.9	12.8092	0.776686
XM_026495235.3	5476	5296.9	45.244	3.66735
XM_026495237.3	1287	1107.9	0	0
XM_026495238.3	1441	1261.9	11	3.74265
XM_026495240.3	1363	1183.9	0	0
XM_026495241.3	844	664.98	0	0
XM_026495242.3	710	530.98	0	0
XM_026495244.3	3494	3314.9	84	10.8798
XM_026495246.3	3964	3784.9	9.69036	1.09925
XM_026495247.3	3873	3693.9	0	0
XM_026495248.3	3733	3553.9	0	0
XM_026495249.3	3980	3800.9	0	0
XM_026495251.3	1191	1011.9	0	0
XM_026495252.3	1318	1138.9	2	0.753973
XM_026495253.3	1216	1036.9	0	0
XM_026495254.3	8347	8167.9	247.245	12.9966
XM_026495255.3	5488	5308.9	0	0
XM_026495260.3	4612	4432.9	190.771	18.4772
XM_026495265.2	2184	2004.9	528.592	113.198
XM_026495266.3	2063	1883.9	3311.41	754.688
XM_026495267.3	1389	1209.9	112	39.7448
XM_026495274.3	6165	5985.9	1	0.0717272
XM_026495276.3	4756	4576.9	35	3.28329
XM_026495279.3	1086	906.905	10.8535	5.13834
XM_026495280.3	974	794.905	0	0
XM_026495281.3	1154	974.905	4.14647	1.82612
XM_026495282.3	4557	4377.9	39	3.82483
XM_026495283.3	591	411.98	0	0
XM_026495284.3	538	359.056	0	0
XM_026495285.3	2899	2719.9	41.16	6.49733
XM_026495286.3	5865	5685.9	88.4449	6.67862
XM_026495289.3	5828	5648.9	0	0
XM_026495290.3	5785	5605.9	0	0
XM_026495291.3	6063	5883.9	0	0
XM_026495294.3	6394	6214.9	321	22.176
XM_026495295.3	3885	3705.9	0	0
XM_026495297.3	678	498.98	107	92.0691
XM_026495298.3	15911	15731.9	71.9954	1.96488
XM_026495307.3	4319	4139.9	10	1.03711
XM_026495308.3	8897	8717.9	9	0.443245
XM_026495309.3	2853	2673.9	28	4.49599
XM_026495310.3	2886	2706.9	3.12873e-06	4.9626e-07
XM_026495314.3	2745	2565.9	0	0
XM_026495316.3	2980	2800.9	39	5.97833
XM_026495318.3	2615	2435.9	234	41.2448
XM_026495320.3	615	435.98	124	122.115
XM_026495322.3	2098	1918.9	387	86.5907
XM_026495323.3	1927	1747.9	6	1.47383
XM_026495324.3	1398	1218.9	0	0
XM_026495326.3	23309	23129.9	7.71742	0.143256
XM_026495328.3	4589	4409.9	71	6.91262
XM_026495329.3	3919	3739.9	19	2.18126
XM_026495330.3	1191	1011.9	0	0
XM_026495333.3	5806	5626.9	0	0
XM_026495337.3	8669	8489.9	0	0
XM_026495338.3	8873	8693.9	27.7389	1.3699
XM_026495339.3	8800	8620.9	98.5308	4.90719
XM_026495340.3	8606	8426.9	57.2147	2.9151
XM_026495342.2	1509	1329.9	0	0
XM_026495343.2	786	606.98	0	0
XM_026495344.3	8538	8358.9	105.428	5.41525
XM_026495345.1	453	274.419	0	0
XM_026495346.3	8637	8457.9	0	0
XM_026495347.3	366	189.55	0	0
XM_026495348.3	6941	6761.9	141.921	9.01138
XM_026495349.3	2844	2664.9	133.736	21.5467
XM_026495350.3	1233	1053.9	1855	755.712
XM_026495351.3	3773	3593.9	3.27302	0.391017
XM_026495352.3	1556	1376.9	1	0.311824
XM_026495354.3	846	666.98	0	0
XM_026495355.3	1716	1536.9	0	0
XM_026495356.3	4044	3864.9	223	24.7731
XM_026495358.3	1488	1308.9	0	0
XM_026495359.3	1932	1752.9	0	0
XM_026495361.3	6838	6658.9	0	0
XM_026495363.3	6817	6637.9	0	0
XM_026495365.3	6732	6552.9	0	0
XM_026495367.3	2880	2700.9	0	0
XM_026495370.3	6332	6152.9	8.49849	0.593028
XM_026495371.3	6668	6488.9	11	0.727838
XM_026495372.3	4185	4005.9	0	0
XM_026495373.3	1586	1406.9	5	1.52587
XM_026495374.3	18895	18715.9	17.4612	0.400567
XM_026495377.3	7956	7776.9	79	4.36148
XM_026495378.3	3413	3233.9	71	9.42637
XM_026495379.3	5226	5046.9	2	0.170145
XM_026495381.3	8395	8215.9	2	0.104517
XM_026495382.3	23186	23006.9	0.30008	0.00560005
XM_026495383.3	3118	2938.9	0	0
XM_026495384.3	2175	1995.9	6.58883	1.41737
XM_026495385.3	10869	10689.9	101	4.05659
XM_026495389.3	2375	2195.9	0	0
XM_026495392.3	1564	1384.9	0	0
XM_026495394.3	2734	2554.9	0	0
XM_026495395.3	8425	8245.9	191.278	9.95958
XM_026495397.3	8331	8151.9	87.6905	4.61856
XM_026495398.3	460	281.391	934.529	1425.92
XM_026495399.3	2059	1879.9	0	0
XM_026495400.2	3759	3579.9	0	0
XM_026495401.3	8986	8806.9	26.7831	1.30572
XM_026495402.3	9699	9519.9	0	0
XM_026495403.3	8815	8635.9	0	0
XM_026495404.3	436	257.681	681.473	1135.48
XM_026495408.3	3722	3542.9	0	0
XM_026495409.3	3743	3563.9	21.9017	2.63855
XM_026495410.3	3733	3553.9	0	0
XM_026495412.3	3476	3296.9	89	11.5904
XM_026495413.3	3473	3293.9	0	0
XM_026495416.3	5139	4959.9	0	0
XM_026495417.3	9957	9777.9	267.992	11.7676
XM_026495419.3	9766	9586.9	0.00817623	0.000366175
XM_026495420.2	4551	4371.9	93	9.13326
XM_026495422.3	2931	2751.9	6	0.93612
XM_026495423.3	1216	1036.9	14.0995	5.83819
XM_026495424.3	2471	2291.9	6.90051	1.2927
XM_026495425.3	2303	2123.9	0	0
XM_026495427.3	5002	4822.9	19	1.69145
XM_026495429.3	5752	5572.9	7.69801e-07	5.93076e-08
XM_026495430.3	5711	5531.9	0	0
XM_026495431.3	5702	5522.9	16.1343	1.25429
XM_026495432.3	5699	5519.9	0	0
XM_026495433.3	5606	5426.9	1.82716e-06	1.44556e-07
XM_026495434.3	5593	5413.9	31.835	2.52468
XM_026495435.3	5617	5437.9	17.2478	1.36181
XM_026495436.3	5578	5398.9	0	0
XM_026495437.3	5112	4932.9	0	0
XM_026495438.3	5398	5218.9	0.00442764	0.000364256
XM_026495439.3	5386	5206.9	19.6799	1.62277
XM_026495440.3	5383	5203.9	0	0
XM_026495441.3	706	526.98	1086	884.808
XM_026495442.3	4831	4651.9	99	9.1373
XM_026495444.3	930	750.98	23	13.1496
XM_026495446.3	5214	5034.9	0	0
XM_026495451.3	2865	2685.9	0	0
XM_026495452.3	7084	6904.9	0	0
XM_026495453.3	2025	1845.9	0	0
XM_026495454.3	1933	1753.9	58.1919	14.2452
XM_026495455.3	2772	2592.9	22.3185	3.69565
XM_026495458.3	13022	12842.9	0	0
XM_026495459.3	12961	12781.9	77.6684	2.60893
XM_026495460.3	2633	2453.9	0	0
XM_026495462.3	2353	2173.9	41.1855	8.13425
XM_026495464.3	4915	4735.9	1692	153.395
XM_026495466.3	1642	1462.9	24.0469	7.05758
XM_026495467.3	5522	5342.9	0	0
XM_026495469.3	4828	4648.9	4	0.369422
XM_026495471.3	7036	6856.9	19.9761	1.25082
XM_026495472.3	7117	6937.9	0	0
XM_026495474.3	2609	2429.9	1	0.176695
XM_026495476.3	2547	2367.9	1	0.181321
XM_026495477.3	3039	2859.9	0	0
XM_026495478.3	1298	1118.9	0	0
XM_026495479.3	2952	2772.9	0	0
XM_026495480.3	1031	851.905	0	0
XM_026495484.3	616	436.98	0	0
XM_026495486.3	2490	2310.9	0	0
XM_026495487.3	3571	3391.9	0	0
XM_026495488.3	3575	3395.9	0	0
XM_026495490.3	4109	3929.9	0	0
XM_026495492.3	1920	1740.9	0	0
XM_026495493.3	1402	1222.9	201.468	70.7337
XM_026495496.3	2415	2235.9	0	0
XM_026495497.3	4748	4568.9	108	10.149
XM_026495499.3	4197	4017.9	19	2.03033
XM_026495500.3	9482	9302.9	14.1313	0.652196
XM_026495501.3	3921	3741.9	0	0
XM_026495503.3	1038	858.905	60	29.993
XM_026495504.3	8011	7831.9	98.5259	5.40127
XM_026495506.3	7994	7814.9	5.39102e-08	2.96184e-09
XM_026495507.3	8837	8657.9	9.67505	0.479793
XM_026495508.3	7133	6953.9	275.841	17.0311
XM_026495511.3	5666	5486.9	0	0
XM_026495512.3	5636	5456.9	68.2454	5.36958
XM_026495513.3	5510	5330.9	0	0
XM_026495514.3	5480	5300.9	1.7546	0.142116
XM_026495515.3	2526	2346.9	4	0.731776
XM_026495516.3	7497	7317.9	980	57.498
XM_026495517.3	3918	3738.9	0	0
XM_026495519.3	3845	3665.9	0	0
XM_026495520.3	3764	3584.9	0	0
XM_026495521.3	4328	4148.9	0	0
XM_026495522.3	2789	2609.9	42	6.90936
XM_026495523.3	5347	5167.9	0	0
XM_026495524.3	8852	8672.9	0	0
XM_026495525.3	2222	2042.9	4	0.84067
XM_026495526.3	9073	8893.9	0	0
XM_026495527.3	8675	8495.9	1.23433	0.0623786
XM_026495530.3	3252	3072.9	36	5.02999
XM_026495531.3	989	809.905	8	4.24101
XM_026495532.2	1110	930.905	0	0
XM_026495533.3	9070	8890.9	0	0
XM_026495534.3	4520	4340.9	71.3573	7.05784
XM_026495535.3	4421	4241.9	15.947	1.6141
XM_026495536.3	2281	2101.9	22	4.4939
XM_026495537.3	1124	944.905	633	287.627
XM_026495538.3	10275	10095.9	29.475	1.25349
XM_026495539.3	10220	10040.9	60.0516	2.56782
XM_026495540.3	10225	10045.9	0	0
XM_026495541.3	8998	8818.9	0	0
XM_026495542.3	10062	9882.9	0	0
XM_026495544.3	8995	8815.9	0	0
XM_026495545.3	11124	10944.9	0	0
XM_026495546.3	10617	10437.9	0	0
XM_026495547.3	10524	10344.9	0	0
XM_026495548.2	1509	1329.9	1	0.322844
XM_026495549.3	8984	8804.9	51	2.4869
XM_026495550.3	3154	2974.9	0	0
XM_026495551.3	3155	2975.9	0	0
XM_026495554.3	2937	2757.9	5.10345e-06	7.94507e-07
XM_026495555.3	10229	10049.9	0	0
XM_026495557.3	13047	12867.9	6.27698	0.209438
XM_026495558.3	8899	8719.9	0	0
XM_026495559.3	3979	3799.9	61.9816	7.00331
XM_026495560.3	3010	2830.9	22.0184	3.33944
XM_026495561.3	6577	6397.9	73	4.8989
XM_026495563.3	8383	8203.9	4	0.20934
XM_026495567.3	1589	1409.9	1255	382.18
XM_026495568.3	3132	2952.9	0	0
XM_026495569.3	4135	3955.9	10	1.08534
XM_026495570.3	4240	4060.9	0	0
XM_026495573.3	4653	4473.9	201.502	19.3378
XM_026495575.3	4409	4229.9	46.7968	4.75005
XM_026495576.3	4849	4669.9	1.37742	0.126641
XM_026495578.3	4387	4207.9	59.4231	6.06321
XM_026495579.3	2747	2567.9	15.2884	2.55621
XM_026495580.3	2665	2485.9	10.1809	1.75839
XM_026495581.3	6248	6068.9	3.73905	0.264524
XM_026495582.3	6089	5909.9	0	0
XM_026495583.3	4407	4227.9	29.431	2.98877
XM_026495584.3	6331	6151.9	39	2.72188
XM_026495585.3	2295	2115.9	0	0
XM_026495586.3	2111	1931.9	0	0
XM_026495587.3	2274	2094.9	0	0
XM_026495588.3	3583	3403.9	0.0479085	0.00604294
XM_026495589.3	1413	1233.9	1	0.347962
XM_026495592.3	4362	4182.9	0	0
XM_026495593.3	12728	12548.9	37.0937	1.26913
XM_026495594.3	6079	5899.9	31	2.25595
XM_026495595.3	1276	1096.9	3	1.17426
XM_026495596.3	3863	3683.9	38	4.42883
XM_026495597.3	3838	3658.9	0	0
XM_026495600.3	23027	22847.9	74.6849	1.40346
XM_026495602.3	22802	22622.9	3.83968	0.0728718
XM_026495603.3	2526	2346.9	0	0
XM_026495604.3	2367	2187.9	45.9635	9.01982
XM_026495605.3	2388	2208.9	13.4851	2.62115
XM_026495606.3	2218	2038.9	120.393	25.3524
XM_026495608.3	4252	4072.9	91	9.59291
XM_026495609.1	759	579.98	0	0
XM_026495610.3	13849	13669.9	2.90572	0.0912645
XM_026495611.3	13843	13663.9	138.159	4.34128
XM_026495613.3	13831	13651.9	141.908	4.463
XM_026495614.3	13798	13618.9	3.02706	0.0954317
XM_026495615.3	5139	4959.9	98	8.48333
XM_026495617.3	5115	4935.9	0	0
XM_026495620.3	7931	7751.9	0	0
XM_026495621.3	11358	11178.9	0	0
XM_026495623.3	7855	7675.9	1.3947e-05	7.80123e-07
XM_026495624.3	11404	11224.9	0	0
XM_026495625.3	10874	10694.9	10.4665	0.420184
XM_026495627.3	3083	2903.9	78.3509	11.5844
XM_026495628.3	6499	6319.9	107.132	7.27817
XM_026495629.3	3487	3307.9	0	0
XM_026495630.3	2871	2691.9	130.441	20.805
XM_026495631.3	2697	2517.9	8.45296	1.4414
XM_026495632.3	2862	2682.9	24.1061	3.85775
XM_026495633.3	4468	4288.9	0	0
XM_026495639.3	3442	3262.9	0	0
XM_026495640.3	12747	12567.9	148.999	5.09018
XM_026495641.3	12578	12398.9	0	0
XM_026495645.3	7333	7153.9	83.0154	4.98229
XM_026495647.3	383	205.799	24.505	51.124
XM_026495648.3	390	212.589	11.495	23.2157
XM_026495649.3	13788	13608.9	34.8358	1.09905
XM_026495656.3	6871	6691.9	342.778	21.9926
XM_026495658.3	3596	3416.9	0	0
XM_026495659.3	2089	1909.9	3	0.674408
XM_026495661.3	7354	7174.9	47	2.81252
XM_026495662.3	7024	6844.9	0	0
XM_026495663.3	6885	6705.9	1009.06	64.6058
XM_026495665.3	3850	3670.9	6	0.701765
XM_026495666.3	4652	4472.9	13	1.24786
XM_026495668.3	1041	861.905	6	2.98886
XM_026495669.3	12761	12581.9	14.0241	0.478566
XM_026495670.3	500	321.091	1879	2512.53
XM_026495671.3	5155	4975.9	17	1.46687
XM_026495672.3	5098	4918.9	0	0
XM_026495673.3	1474	1294.9	0	0
XM_026495674.3	3159	2979.9	0	0
XM_026495675.3	8913	8733.9	122.221	6.00827
XM_026495676.3	4858	4678.9	296.862	27.2411
XM_026495677.3	4798	4618.9	96.1376	8.9365
XM_026495678.3	4671	4491.9	0	0
XM_026495680.3	12884	12704.9	17	0.574501
XM_026495683.3	11612	11432.9	0	0
XM_026495688.3	6383	6203.9	32	2.21462
XM_026495689.3	4467	4287.9	250	25.0327
XM_026495690.3	2562	2382.9	149	26.8468
XM_026495691.3	1451	1271.9	60.4454	20.4043
XM_026495692.2	537	358.056	562.31	674.278
XM_026495693.3	2990	2810.9	13	1.98569
XM_026495694.3	2004	1824.9	13.035	3.0668
XM_026495695.3	1927	1747.9	0	0
XM_026495696.3	7179	6999.9	0	0
XM_026495697.3	7090	6910.9	42.2267	2.62341
XM_026495699.3	6564	6384.9	354.975	23.8703
XM_026495701.3	5726	5546.9	0	0
XM_026495702.3	940	760.905	0	0
XM_026495703.3	2873	2693.9	9	1.43441
XM_026495704.3	3234	3054.9	62	8.7138
XM_026495706.3	6505	6325.9	26.1225	1.77299
XM_026495709.3	6341	6161.9	0	0
XM_026495712.3	2374	2194.9	0	0
XM_026495718.3	6243	6063.9	94.0805	6.66132
XM_026495719.3	6090	5910.9	34.9195	2.53646
XM_026495720.3	3094	2914.9	10	1.47295
XM_026495722.3	1677	1497.9	6	1.71981
XM_026495725.3	1279	1099.9	0	0
XM_026495727.3	2118	1938.9	5	1.1072
XM_026495728.3	2621	2441.9	0	0
XM_026495729.3	11957	11777.9	35.6158	1.29834
XM_026495731.3	11855	11675.9	357.384	13.1419
XM_026495732.3	4164	3984.9	4	0.430978
XM_026495733.3	6251	6071.9	0	0
XM_026495736.3	5532	5352.9	26	2.08544
XM_026495737.3	5784	5604.9	0	0
XM_026495739.3	978	798.905	20	10.7485
XM_026495740.3	865	685.98	0	0
XM_026495746.3	6912	6732.9	0	0
XM_026495747.3	6901	6721.9	0	0
XM_026495748.3	6910	6730.9	0	0
XM_026495749.3	6615	6435.9	0	0
XM_026495751.3	6818	6638.9	0	0
XM_026495753.3	6815	6635.9	0	0
XM_026495754.3	6834	6654.9	0	0
XM_026495755.3	9728	9548.9	0.460718	0.0207155
XM_026495756.3	6672	6492.9	4	0.264505
XM_026495757.3	6831	6651.9	0	0
XM_026495760.3	11106	10926.9	4.04117	0.15879
XM_026495761.3	7660	7480.9	0	0
XM_026495762.3	18420	18240.9	3.95935	0.0931945
XM_026495763.3	1449	1269.9	0	0
XM_026495765.3	9693	9513.9	55.5393	2.50643
XM_026495768.2	576	396.98	0	0
XM_026495769.3	3391	3211.9	238	31.8147
XM_026495770.3	3184	3004.9	0	0
XM_026495771.3	970	790.905	2	1.08572
XM_026495772.3	4951	4771.9	0	0
XM_026495774.3	532	353.091	0	0
XM_026495775.3	5830	5650.9	36.2237	2.75226
XM_026495776.3	5674	5494.9	33.7763	2.63915
XM_026495777.3	786	606.98	0	0
XM_026495778.3	4565	4385.9	63	6.1673
XM_026495779.3	2560	2380.9	171.165	30.8664
XM_026495780.3	2962	2782.9	1.79894e-08	2.77545e-09
XM_026495781.3	7964	7784.9	0	0
XM_026495786.3	7362	7182.9	0	0
XM_026495787.3	2537	2357.9	0	0
XM_026495790.3	6995	6815.9	66.6475	4.1983
XM_026495791.3	6540	6360.9	12	0.809983
XM_026495792.3	6916	6736.9	0.158925	0.0101285
XM_026495793.1	2349	2169.9	1	0.197867
XM_026495794.3	3013	2833.9	71	10.7569
XM_026495797.3	7895	7715.9	7.99993e-05	4.45157e-06
XM_026495798.3	7160	6980.9	0	0
XM_026495801.3	1189	1009.9	157.269	66.8614
XM_026495802.3	1130	950.905	9.4321	4.25878
XM_026495803.3	1042	862.905	11.2992	5.62209
XM_026495804.3	5784	5604.9	0	0
XM_026495806.3	1482	1302.9	0	0
XM_026495807.3	3875	3695.9	26.0821	3.02995
XM_026495808.2	1158	978.905	0	0
XM_026495809.3	6366	6186.9	0	0
XM_026495810.3	2016	1836.9	2	0.467473
XM_026495811.3	1381	1201.9	12831	4583.57
XM_026495812.3	3031	2851.9	0	0
XM_026495814.3	1152	972.905	0	0
XM_026495815.3	1149	969.905	0	0
XM_026495816.3	958	778.905	98	54.0201
XM_026495817.3	5027	4847.9	0	0
XM_026495818.3	3173	2993.9	12.1088	1.7365
XM_026495819.3	4821	4641.9	0	0
XM_026495820.2	951	771.905	0	0
XM_026495822.3	4998	4818.9	22	1.96014
XM_026495823.3	11069	10889.9	36.0188	1.4201
XM_026495824.3	10986	10806.9	0	0
XM_026495825.3	6024	5844.9	8	0.58766
XM_026495826.3	1465	1285.9	27	9.01506
XM_026495829.3	2685	2505.9	0	0
XM_026495831.3	3061	2881.9	1	0.148982
XM_026495832.3	947	767.905	65	36.3429
XM_026495834.3	726	546.98	256	200.947
XM_026495835.3	4637	4457.9	0	0
XM_026495836.2	688	508.98	0	0
XM_026495837.3	9498	9318.9	0	0
XM_026495838.3	8049	7869.9	41	2.2368
XM_026495839.3	12008	11828.9	157	5.6986
XM_026495841.3	11199	11019.9	0	0
XM_026495842.3	4649	4469.9	0	0
XM_026495843.3	4228	4048.9	95	10.0739
XM_026495845.3	4160	3980.9	23.0745	2.48865
XM_026495846.3	2283	2103.9	10	2.04074
XM_026495847.3	709	529.98	0	0
XM_026495848.3	4408	4228.9	0	0
XM_026495850.3	1601	1421.9	508.459	153.532
XM_026495852.3	1477	1297.9	104.124	34.4446
XM_026495854.3	9678	9498.9	0	0
XM_026495855.3	9752	9572.9	81.9515	3.67559
XM_026495858.3	3207	3027.9	2	0.283597
XM_026495859.3	11480	11300.9	0	0
XM_026495860.3	4374	4194.9	0.00364155	0.000372715
XM_026495862.3	1693	1513.9	1	0.283606
XM_026495863.3	1080	900.905	0	0
XM_026495865.3	6846	6666.9	28	1.80321
XM_026495866.3	4117	3937.9	0	0
XM_026495868.3	2283	2103.9	129.876	26.5043
XM_026495869.3	1920	1740.9	0	0
XM_026495870.3	1801	1621.9	43	11.383
XM_026495872.3	7325	7145.9	231	13.8793
XM_026495873.3	7990	7810.9	0	0
XM_026495874.3	11970	11790.9	163	5.93545
XM_026495876.3	3083	2903.9	0	0
XM_026495882.3	2952	2772.9	0	0
XM_026495883.3	2893	2713.9	0	0
XM_026495884.3	2950	2770.9	0	0
XM_026495887.3	3285	3105.9	25	3.45593
XM_026495888.3	888	708.98	4256	2577.39
XM_026495896.3	4871	4691.9	2	0.183018
XM_026495897.3	2547	2367.9	48	8.70343
XM_026495898.3	1035	855.905	1	0.501635
XM_026495899.3	3423	3243.9	0	0
XM_026495900.3	4055	3875.9	440	48.7408
XM_026495904.3	5195	5015.9	26.1711	2.2402
XM_026495905.3	4145	3965.9	147	15.9143
XM_026495906.3	4072	3892.9	0	0
XM_026495907.3	4857	4677.9	0	0
XM_026495909.3	4580	4400.9	4	0.39024
XM_026495913.3	10808	10628.9	193	7.79619
XM_026495914.3	14908	14728.9	23.8332	0.694744
XM_026495916.3	12066	11886.9	0	0
XM_026495919.3	14701	14521.9	0	0
XM_026495923.3	5654	5474.9	0	0
XM_026495926.3	5586	5406.9	19.2417	1.52794
XM_026495928.3	1122	942.905	1	0.45535
XM_026495929.3	10545	10365.9	39.3797	1.63109
XM_026495932.3	7468	7288.9	141.354	8.32646
XM_026495935.3	2867	2687.9	4.55566	0.727697
XM_026495937.3	1526	1346.9	41.9241	13.3641
XM_026495938.3	2107	1927.9	43	9.57627
XM_026495939.3	1761	1581.9	27.039	7.33878
XM_026495940.2	1395	1215.9	0	0
XM_026495941.3	519	340.091	0	0
XM_026495943.3	9016	8836.9	18.8289	0.914823
XM_026495944.3	803	623.98	22	15.1379
XM_026495945.3	438	259.551	0	0
XM_026495947.2	1041	861.905	0	0
XM_026495949.3	1170	990.905	0	0
XM_026495950.3	1107	927.905	0	0
XM_026495951.3	1232	1052.9	0	0
XM_026495952.3	971	791.905	0	0
XM_026495953.2	1143	963.905	0	0
XM_026495954.2	1092	912.905	0	0
XM_026495955.3	1420	1240.9	2	0.691998
XM_026495958.2	1050	870.905	0	0
XM_026495959.2	1480	1300.9	0	0
XM_026495961.2	1689	1509.9	0	0
XM_026495971.3	3268	3088.9	0	0
XM_026495972.3	2186	2006.9	0	0
XM_026495973.3	2610	2430.9	0	0
XM_026495975.3	6810	6630.9	0	0
XM_026495979.3	9568	9388.9	1.55472	0.0710969
XM_026495981.3	3308	3128.9	58	7.95883
XM_026495982.3	4592	4412.9	6	0.583768
XM_026495983.3	1379	1199.9	83.8445	30.0014
XM_026495984.3	1267	1087.9	386.155	152.4
XM_026495985.3	6360	6180.9	18	1.25036
XM_026495987.3	5465	5285.9	267	21.6873
XM_026495988.3	5676	5496.9	0	0
XM_026495992.3	3149	2969.9	45	6.50554
XM_026495993.3	11040	10860.9	101.554	4.01464
XM_026495995.3	10950	10770.9	37.144	1.48064
XM_026495996.3	965	785.905	534	291.733
XM_026495999.3	2141	1961.9	174	38.0789
XM_026496000.3	5629	5449.9	0	0
XM_026496001.3	5549	5369.9	180.815	14.4571
XM_026496002.3	4159	3979.9	2	0.21576
XM_026496006.3	6735	6555.9	0	0
XM_026496007.3	6572	6392.9	0	0
XM_026496008.2	3535	3355.9	0	0
XM_026496009.3	3484	3304.9	0	0
XM_026496010.3	3413	3233.9	0	0
XM_026496013.3	7163	6983.9	2.68613e-05	1.65136e-06
XM_026496014.3	2005	1825.9	22	5.17319
XM_026496015.3	6845	6665.9	8.08656e-08	5.20856e-09
XM_026496016.3	4903	4723.9	0	0
XM_026496017.3	4854	4674.9	0	0
XM_026496018.3	4791	4611.9	8.41236	0.783161
XM_026496020.3	4346	4166.9	1.99466e-07	2.05527e-08
XM_026496021.3	4293	4113.9	3.58764	0.374428
XM_026496023.3	7056	6876.9	52.8472	3.29946
XM_026496024.3	6739	6559.9	0	0
XM_026496025.2	1686	1506.9	1	0.284923
XM_026496026.3	6993	6813.9	0	0
XM_026496027.3	6930	6750.9	43	2.73476
XM_026496031.3	6959	6779.9	48.0508	3.04292
XM_026496035.3	6613	6433.9	755.916	50.4443
XM_026496037.3	912	732.98	113.156	66.2827
XM_026496039.3	6961	6781.9	0.101984	0.00645647
XM_026496040.3	4608	4428.9	4	0.387773
XM_026496041.3	6194	6014.9	0	0
XM_026496042.3	5844	5664.9	0.945853	0.0716877
XM_026496043.3	7934	7754.9	66.0598	3.65742
XM_026496044.3	6776	6596.9	78.9402	5.13773
XM_026496045.3	6251	6071.9	0	0
XM_026496046.3	1974	1794.9	0	0
XM_026496047.3	6898	6718.9	0	0
XM_026496048.3	2984	2804.9	0	0
XM_026496050.3	6876	6696.9	58.3819	3.74298
XM_026496051.3	6830	6650.9	44.6181	2.88034
XM_026496052.3	2304	2124.9	19.5844	3.95716
XM_026496053.2	1870	1690.9	10.4156	2.64472
XM_026496054.3	1341	1161.9	0	0
XM_026496055.3	9230	9050.9	1	0.0474375
XM_026496056.3	6624	6444.9	0	0
XM_026496058.3	5112	4932.9	45.0024	3.91694
XM_026496059.3	5042	4862.9	32	2.82532
XM_026496060.3	6250	6070.9	199.03	14.076
XM_026496061.3	6191	6011.9	234.97	16.7809
XM_026496062.3	7601	7421.9	98.9787	5.72585
XM_026496063.3	7568	7388.9	0.0212831	0.00123671
XM_026496064.3	7518	7338.9	0	0
XM_026496065.3	11909	11729.9	0.00035275	1.29118e-05
XM_026496066.3	5182	5002.9	0	0
XM_026496067.3	6496	6316.9	25.7961	1.75333
XM_026496069.3	4744	4564.9	0	0
XM_026496072.3	3977	3797.9	74.0728	8.37391
XM_026496073.3	2080	1900.9	3	0.677601
XM_026496074.3	1628	1448.9	0	0
XM_026496075.3	7132	6952.9	2044	126.22
XM_026496077.3	9105	8925.9	0.175107	0.00842294
XM_026496080.3	4965	4785.9	0	0
XM_026496081.3	5056	4876.9	12.4678	1.09764
XM_026496085.3	2022	1842.9	5	1.16488
XM_026496092.3	3468	3288.9	464	60.5731
XM_026496094.3	2112	1932.9	33	7.33022
XM_026496101.3	3487	3307.9	0	0
XM_026496107.3	997	817.905	0	0
XM_026496108.3	10644	10464.9	0	0
XM_026496110.3	5623	5443.9	14.0881	1.1111
XM_026496115.3	2141	1961.9	140.041	30.6472
XM_026496116.3	6250	6070.9	22	1.5559
XM_026496117.3	2144	1964.9	65	14.2032
XM_026496118.3	1708	1528.9	6	1.68494
XM_026496121.3	1404	1224.9	0	0
XM_026496122.3	6558	6378.9	0	0
XM_026496123.3	11414	11234.9	93	3.55408
XM_026496124.3	3175	2995.9	0	0
XM_026496129.3	4820	4640.9	20.9208	1.93548
XM_026496131.3	6725	6545.9	653.91	42.8906
XM_026496132.3	2885	2705.9	37.5703	5.96137
XM_026496133.3	3356	3176.9	17.0654	2.30636
XM_026496134.3	6265	6085.9	2.96037	0.20885
XM_026496135.3	5453	5273.9	28	2.2795
XM_026496136.3	3742	3562.9	3.46249	0.417252
XM_026496137.3	1684	1504.9	3.53751	1.00926
XM_026496139.3	3237	3057.9	58	8.14362
XM_026496140.3	3178	2998.9	1	0.14317
XM_026496142.3	4499	4319.9	10	0.993892
XM_026496143.3	6902	6722.9	0	0
XM_026496144.3	6893	6713.9	0	0
XM_026496145.3	4261	4081.9	0	0
XM_026496146.3	7634	7454.9	0	0
XM_026496147.3	3474	3294.9	0	0
XM_026496148.3	691	511.98	0	0
XM_026496149.3	5464	5284.9	10.9993	0.893595
XM_026496150.3	10629	10449.9	0	0
XM_026496151.3	8213	8033.9	123	6.57343
XM_026496152.3	7709	7529.9	5.26173	0.300021
XM_026496153.3	4336	4156.9	37.136	3.83564
XM_026496154.3	11705	11525.9	0	0
XM_026496157.3	7697	7517.9	70.0025	3.99788
XM_026496158.3	6588	6408.9	0	0
XM_026496160.3	8228	8048.9	0	0
XM_026496161.3	8107	7927.9	4.16868	0.225763
XM_026496162.3	8104	7924.9	6.83132	0.370104
XM_026496163.3	2590	2410.9	0	0
XM_026496172.3	4230	4050.9	96.3564	10.2127
XM_026496174.3	4081	3901.9	0	0
XM_026496176.3	5253	5073.9	37.9747	3.2134
XM_026496178.3	5206	5026.9	0	0
XM_026496179.3	5598	5418.9	17.7023	1.40259
XM_026496180.3	2891	2711.9	4.71247	0.746084
XM_026496189.3	4181	4001.9	0	0
XM_026496190.3	2378	2198.9	0	0
XM_026496195.3	9057	8877.9	4.87839e-07	2.35928e-08
XM_026496196.3	3065	2885.9	69.9413	10.4056
XM_026496197.3	1957	1777.9	3.26023	0.787323
XM_026496198.3	1672	1492.9	17.4953	5.03156
XM_026496200.3	3706	3526.9	73	8.88674
XM_026496201.3	4658	4478.9	2.40822	0.230854
XM_026496202.3	8574	8394.9	10.4606	0.535003
XM_026496203.3	3044	2864.9	5	0.74933
XM_026496205.3	8069	7889.9	98.1066	5.33876
XM_026496206.3	5851	5671.9	81	6.13154
XM_026496212.3	8134	7954.9	0	0
XM_026496213.3	8064	7884.9	4.19956	0.228676
XM_026496215.3	7855	7675.9	36.6679	2.05102
XM_026496216.3	7900	7720.9	0.0178398	0.000992054
XM_026496217.3	7889	7709.9	0.114663	0.00638539
XM_026496218.3	9646	9466.9	28.1347	1.27599
XM_026496219.3	9680	9500.9	0	0
XM_026496221.3	9554	9374.9	4.86526	0.222819
XM_026496225.3	7328	7148.9	12.8549	0.772042
XM_026496227.3	5052	4872.9	107	9.42778
XM_026496228.3	3645	3465.9	0	0
XM_026496229.3	12512	12332.9	105.548	3.67451
XM_026496230.3	12070	11890.9	0	0
XM_026496231.3	8197	8017.9	0	0
XM_026496233.3	1170	990.905	0	0
XM_026496234.2	1048	868.905	0	0
XM_026496235.3	4326	4146.9	2.96389e-05	3.06867e-06
XM_026496238.3	2621	2441.9	6991	1229.2
XM_026496239.3	1338	1158.9	9.66639	3.58121
XM_026496240.3	3945	3765.9	4.33361	0.494076
XM_026496243.3	5409	5229.9	0.028915	0.0023738
XM_026496244.3	5277	5097.9	0.0122488	0.00103161
XM_026496245.3	5240	5060.9	314.357	26.6691
XM_026496246.3	1148	968.905	0	0
XM_026496247.2	6639	6459.9	0	0
XM_026496249.3	11135	10955.9	5.3433e-05	2.09399e-06
XM_026496250.3	11027	10847.9	21.9999	0.870741
XM_026496251.3	4293	4113.9	0.99997	0.104363
XM_026496252.3	10655	10475.9	1.51371e-06	6.20388e-08
XM_026496253.3	12020	11840.9	0	0
XM_026496254.3	12016	11836.9	0	0
XM_026496257.3	4537	4357.9	64.3	6.335
XM_026496258.3	1949	1769.9	1	0.242585
XM_026496260.3	8095	7915.9	0	0
XM_026496261.3	8114	7934.9	0	0
XM_026496262.3	8085	7905.9	27	1.46631
XM_026496263.3	7898	7718.9	7.19309e-08	4.00105e-09
XM_026496264.3	4610	4430.9	77	7.46125
XM_026496265.1	3015	2835.9	0	0
XM_026496268.3	14113	13933.9	97.8289	3.01445
XM_026496269.3	14028	13848.9	0	0
XM_026496270.3	13973	13793.9	21.1711	0.658977
XM_026496274.3	4158	3978.9	9	0.971164
XM_026496276.3	6185	6005.9	0	0
XM_026496280.3	6490	6310.9	14.0871	0.95839
XM_026496282.3	3009	2829.9	18	2.73095
XM_026496283.3	2995	2815.9	0	0
XM_026496284.3	9358	9178.9	0.000158738	7.42511e-06
XM_026496286.3	883	703.98	15.2142	9.279
XM_026496287.3	3985	3805.9	6.13442	0.692036
XM_026496288.3	4742	4562.9	0	0
XM_026496289.3	3008	2828.9	15.723	2.38634
XM_026496292.3	2126	1946.9	1687.05	372.047
XM_026496293.3	6294	6114.9	2	0.140428
XM_026496295.3	6812	6632.9	0	0
XM_026496296.3	3798	3618.9	0	0
XM_026496297.3	3795	3615.9	0	0
XM_026496298.3	3753	3573.9	0	0
XM_026496299.3	3791	3611.9	0	0
XM_026496300.3	3728	3548.9	0	0
XM_026496301.3	3726	3546.9	0	0
XM_026496303.3	2043	1863.9	0	0
XM_026496304.3	1731	1551.9	0	0
XM_026496305.3	3661	3481.9	0	0
XM_026496306.3	2140	1960.9	17.8765	3.91417
XM_026496308.3	3654	3474.9	0	0
XM_026496310.3	3591	3411.9	0	0
XM_026496314.2	2921	2741.9	0	0
XM_026496318.3	4455	4275.9	0	0
XM_026496319.3	3877	3697.9	0	0
XM_026496322.3	2625	2445.9	10.6555	1.87046
XM_026496329.3	2662	2482.9	35.3545	6.11362
XM_026496330.3	11743	11563.9	16.5952	0.616158
XM_026496331.3	11695	11515.9	225.514	8.40791
XM_026496332.3	11894	11714.9	4.39604e-08	1.61115e-09
XM_026496333.3	11926	11746.9	0	0
XM_026496335.3	18577	18397.9	72.4783	1.69143
XM_026496336.3	4081	3901.9	56	6.16204
XM_026496337.3	5678	5498.9	65.7247	5.13175
XM_026496339.3	11870	11690.9	74.423	2.73321
XM_026496340.3	1475	1295.9	29	9.60812
XM_026496341.3	11873	11693.9	0	0
XM_026496342.3	5608	5428.9	0	0
XM_026496350.3	2671	2491.9	0	0
XM_026496353.3	2663	2483.9	0	0
XM_026496355.3	2721	2541.9	5	0.844548
XM_026496356.3	4411	4231.9	0	0
XM_026496357.3	6928	6748.9	4.20328	0.267404
XM_026496358.3	6998	6818.9	47.4311	2.9865
XM_026496359.3	6899	6719.9	0	0
XM_026496360.3	6925	6745.9	7.50889	0.477913
XM_026496362.3	6916	6736.9	4.23415	0.269848
XM_026496363.3	6913	6733.9	7.57187	0.48278
XM_026496365.3	6887	6707.9	0	0
XM_026496366.3	7275	7095.9	9.12428	0.552083
XM_026496368.3	4739	4559.9	31.8086	2.99503
XM_026496370.3	7106	6926.9	0	0
XM_026496371.3	34248	34068.9	10.3094	0.129924
XM_026496372.3	34236	34056.9	10.3389	0.130342
XM_026496377.3	8087	7907.9	16.7577	0.909841
XM_026496378.3	9191	9011.9	0	0
XM_026496379.3	9131	8951.9	31.2097	1.49688
XM_026496380.3	6395	6215.9	0	0
XM_026496381.3	9488	9308.9	319	14.7131
XM_026496382.3	3233	3053.9	171.246	24.0757
XM_026496383.3	3126	2946.9	48.7538	7.10323
XM_026496384.3	5992	5812.9	44	3.24992
XM_026496391.3	7421	7241.9	0.0617444	0.00366065
XM_026496392.3	7388	7208.9	23.9383	1.42573
XM_026496397.3	6491	6311.9	60.2012	4.09504
XM_026496398.3	22089	21909.9	0	0
XM_026496399.3	6462	6282.9	5.77966	0.394962
XM_026496401.3	6041	5861.9	0	0
XM_026496403.3	1052	872.905	95.3206	46.8849
XM_026496405.3	483	304.217	0	0
XM_026496406.3	12410	12230.9	221	7.75795
XM_026496407.3	22042	21862.9	23.1953	0.455519
XM_026496408.3	5262	5082.9	10.9765	0.927184
XM_026496409.3	1821	1641.9	0	0
XM_026496412.3	2406	2226.9	1	0.192802
XM_026496413.3	22072	21892.9	0	0
XM_026496417.3	10910	10730.9	26.9129	1.07681
XM_026496418.3	22014	21834.9	30.4125	0.598018
XM_026496419.3	10913	10733.9	18.6869	0.747469
XM_026496420.3	10701	10521.9	0	0
XM_026496422.3	5202	5022.9	15.4443	1.32016
XM_026496423.3	5128	4948.9	0	0
XM_026496424.3	7349	7169.9	0	0
XM_026496425.3	7326	7146.9	0	0
XM_026496430.3	1899	1719.9	0	0
XM_026496438.3	7460	7280.9	38	2.24084
XM_026496441.3	2841	2661.9	8.14836	1.31429
XM_026496443.3	10043	9863.9	70	3.04693
XM_026496444.3	3108	2928.9	30	4.39774
XM_026496445.3	7908	7728.9	50.3073	2.79464
XM_026496446.3	2640	2460.9	0	0
XM_026496448.3	1781	1601.9	0	0
XM_026496449.3	2809	2629.9	3	0.489773
XM_026496450.3	3104	2924.9	0	0
XM_026496451.3	2358	2178.9	0	0
XM_026496453.3	5791	5611.9	1	0.0765073
XM_026496455.3	5979	5799.9	0	0
XM_026496456.3	31052	30872.9	94.0031	1.30731
XM_026496457.3	4825	4645.9	269.861	24.9393
XM_026496466.3	8674	8494.9	0	0
XM_026496471.3	6082	5902.9	0	0
XM_026496473.3	8145	7965.9	111.467	6.00794
XM_026496474.3	2074	1894.9	0	0
XM_026496475.3	18182	18002.9	0	0
XM_026496476.3	18164	17984.9	0	0
XM_026496478.3	6368	6188.9	156.924	10.8865
XM_026496479.3	6178	5998.9	0	0
XM_026496480.3	717	537.98	0	0
XM_026496481.2	1602	1422.9	0	0
XM_026496482.3	1435	1255.9	1	0.341867
XM_026496483.3	1977	1797.9	53	12.6568
XM_026496485.3	11781	11601.9	36.1142	1.33648
XM_026496486.3	2024	1844.9	1.95595e-06	4.55194e-07
XM_026496487.3	6079	5899.9	10	0.727727
XM_026496488.3	9436	9256.9	61.5588	2.85521
XM_026496491.3	6927	6747.9	0	0
XM_026496492.2	4671	4491.9	17.5641	1.67884
XM_026496498.3	14049	13869.9	10.0651	0.311572
XM_026496499.3	19960	19780.9	4.09623e-05	8.89102e-07
XM_026496504.3	2574	2394.9	5.36708	0.962195
XM_026496505.3	2542	2362.9	0	0
XM_026496506.2	4017	3837.9	0	0
XM_026496508.3	4297	4117.9	0	0
XM_026496509.3	4178	3998.9	0	0
XM_026496510.2	438	259.551	0	0
XM_026496511.3	6438	6258.9	0	0
XM_026496512.3	6410	6230.9	0	0
XM_026496514.3	6237	6057.9	96.9295	6.86985
XM_026496515.3	3225	3045.9	0	0
XM_026496517.3	2992	2812.9	31	4.73173
XM_026496519.3	924	744.98	0	0
XM_026496524.3	2983	2803.9	0	0
XM_026496525.3	2876	2696.9	82.7294	13.1707
XM_026496526.3	2929	2749.9	0	0
XM_026496536.3	4875	4695.9	1	0.0914311
XM_026496550.3	10742	10562.9	0.00192631	7.8299e-05
XM_026496551.3	7472	7292.9	100	5.88726
XM_026496552.3	9467	9287.9	6	0.277362
XM_026496557.3	1752	1572.9	0	0
XM_026496558.3	2549	2369.9	0	0
XM_026496559.2	2667	2487.9	0	0
XM_026496561.3	2538	2358.9	0	0
XM_026496563.3	2978	2798.9	31.9289	4.8979
XM_026496565.1	477	298.277	0	0
XM_026496566.3	7550	7370.9	0	0
XM_026496567.1	666	486.98	0	0
XM_026496568.2	975	795.905	4	2.15781
XM_026496572.3	1802	1622.9	1	0.264558
XM_026496581.3	6552	6372.9	1.53104e-05	1.03149e-06
XM_026496583.2	1163	983.905	0	0
XM_026496584.3	438	259.551	0	0
XM_026496587.3	279	113.066	0	0
XM_026496589.1	723	543.98	0	0
XM_026496590.1	786	606.98	0	0
XM_026496592.1	786	606.98	0	0
XM_026496593.1	1134	954.905	0	0
XM_026496594.2	732	552.98	0	0
XM_026496595.3	732	552.98	0	0
XM_026496596.3	405	227.259	0	0
XM_026496606.3	2283	2103.9	1	0.204074
XM_026496615.3	2091	1911.9	0	0
XM_026496616.2	1446	1266.9	0	0
XM_026496620.3	10158	9978.9	0	0
XM_026496621.3	4329	4149.9	44.2209	4.57512
XM_026496622.3	4326	4146.9	18.6879	1.93486
XM_026496625.3	2929	2749.9	0.0011656	0.000181988
XM_026496627.3	2808	2628.9	14.8729	2.42903
XM_026496633.3	2998	2818.9	0	0
XM_026496634.3	2931	2751.9	0.000451334	7.04172e-05
XM_026496635.3	2916	2736.9	0.565192	0.0886645
XM_026496643.3	6286	6106.9	65	4.56989
XM_026496645.3	2751	2571.9	79.3345	13.2441
XM_026496646.3	2618	2438.9	0	0
XM_026496648.3	2538	2358.9	0	0
XM_026496649.3	5234	5054.9	21.807	1.85224
XM_026496650.3	5392	5212.9	83.6715	6.89146
XM_026496651.3	5284	5104.9	5.75647e-05	4.84152e-06
XM_026496652.3	5442	5262.9	51.2741	4.18298
XM_026496653.3	5442	5262.9	0	0
XM_026496660.3	7661	7481.9	0.0112833	0.000647494
XM_026496661.3	7613	7433.9	0	0
XM_026496662.3	7610	7430.9	0	0
XM_026496663.3	3839	3659.9	154.726	18.1513
XM_026496664.3	7611	7431.9	0	0
XM_026496670.3	7644	7464.9	0	0
XM_026496671.3	1896	1716.9	90	22.5066
XM_026496673.3	1788	1608.9	0	0
XM_026496677.3	1405	1225.9	0	0
XM_026496679.3	4787	4607.9	22.0462	2.05421
XM_026496681.3	2472	2292.9	0	0
XM_026496682.3	2315	2135.9	17	3.41728
XM_026496683.3	11693	11513.9	28.0862	1.04733
XM_026496684.3	1120	940.905	0	0
XM_026496686.3	3957	3777.9	0	0
XM_026496687.3	2610	2430.9	0	0
XM_026496688.3	3258	3078.9	26.1045	3.64027
XM_026496689.3	2939	2759.9	10.8955	1.69498
XM_026496690.3	3427	3247.9	0	0
XM_026496695.3	4099	3919.9	2.14021e-06	2.3442e-07
XM_026496696.3	5282	5102.9	0	0
XM_026496697.3	6663	6483.9	0	0
XM_026496698.3	6630	6450.9	0	0
XM_026496700.3	6480	6300.9	0	0
XM_026496701.2	5225	5045.9	11	0.935981
XM_026496702.3	29299	29119.9	13.777	0.203132
XM_026496703.3	2656	2476.9	95.7258	16.5933
XM_026496706.3	7980	7800.9	179	9.85193
XM_026496710.3	1629	1449.9	0.0223574	0.00662057
XM_026496713.3	7850	7670.9	1.00916e-05	5.64844e-07
XM_026496714.3	7762	7582.9	166.474	9.42594
XM_026496718.3	8650	8470.9	69	3.4973
XM_026496720.3	1090	910.905	8.6433	4.07399
XM_026496721.3	1057	877.905	0	0
XM_026496725.3	2784	2604.9	0	0
XM_026496727.3	11700	11520.9	5.63256	0.20991
XM_026496728.3	4986	4806.9	0	0
XM_026496729.3	4749	4569.9	10.4947	0.985998
XM_026496730.3	3168	2988.9	147	21.1163
XM_026496731.3	3635	3455.9	20	2.48474
XM_026496733.3	6733	6553.9	218.045	14.2843
XM_026496734.3	6881	6701.9	23.9547	1.53464
XM_026496735.3	2550	2370.9	0	0
XM_026496738.3	5442	5262.9	1.55269	0.126669
XM_026496741.3	3203	3023.9	84.2563	11.9632
XM_026496743.3	1757	1577.9	13	3.53733
XM_026496744.3	6054	5874.9	0	0
XM_026496746.3	5795	5615.9	0	0
XM_026496747.3	5880	5700.9	0	0
XM_026496748.3	5877	5697.9	0	0
XM_026496749.3	5586	5406.9	0	0
XM_026496750.2	5313	5133.9	0	0
XM_026496751.3	4254	4074.9	3	0.316095
XM_026496752.3	5359	5179.9	117	9.6979
XM_026496753.3	5267	5087.9	0	0
XM_026496754.3	1812	1632.9	68	17.8798
XM_026496763.3	3152	2972.9	20.6452	2.98161
XM_026496764.3	3373	3193.9	0	0
XM_026496765.3	1984	1804.9	16	3.80609
XM_026496766.3	1775	1595.9	0	0
XM_026496767.3	3221	3041.9	1	0.141146
XM_026496771.2	1061	881.905	3225	1570.08
XM_026496772.2	462	283.362	0	0
XM_026496774.3	4940	4760.9	0	0
XM_026496775.3	5050	4870.9	0	0
XM_026496778.3	4546	4366.9	36	3.5395
XM_026496779.3	1660	1480.9	1	0.289925
XM_026496780.3	747	567.98	3527	2666.16
XM_026496781.3	3918	3738.9	0.000147861	1.69795e-05
XM_026496783.3	3066	2886.9	14.3791	2.13852
XM_026496785.3	3965	3785.9	0	0
XM_026496787.3	4534	4354.9	14.8483	1.4639
XM_026496788.3	6771	6591.9	0	0
XM_026496789.3	6585	6405.9	0	0
XM_026496790.3	6543	6363.9	0	0
XM_026496791.3	5677	5497.9	175.357	13.6943
XM_026496792.3	5219	5039.9	47.9141	4.08183
XM_026496794.3	5063	4883.9	0	0
XM_026496795.3	5044	4864.9	0	0
XM_026496796.3	4981	4801.9	0	0
XM_026496797.3	5499	5319.9	92.6284	7.47573
XM_026496798.3	4903	4723.9	0	0
XM_026496799.3	4998	4818.9	0	0
XM_026496800.3	4928	4748.9	0	0
XM_026496803.2	729	549.98	0	0
XM_026496804.3	2690	2510.9	0	0
XM_026496805.3	7292	7112.9	0	0
XM_026496806.3	7272	7092.9	0	0
XM_026496809.3	6951	6771.9	32	2.02886
XM_026496812.3	4944	4764.9	310	27.9332
XM_026496814.3	2945	2765.9	51.485	7.99202
XM_026496815.3	2961	2781.9	0.0277082	0.00427641
XM_026496816.3	2956	2776.9	0.289847	0.0448148
XM_026496817.3	553	374.018	94	107.907
XM_026496818.3	6465	6285.9	1275	87.0875
XM_026496821.3	1628	1448.9	143.23	42.4431
XM_026496822.3	2481	2301.9	0	0
XM_026496823.3	6079	5899.9	141	10.2609
XM_026496824.3	6031	5851.9	0	0
XM_026496825.3	5790	5610.9	0	0
XM_026496826.3	5572	5392.9	4.99778	0.397895
XM_026496827.3	5604	5424.9	0.00221693	0.000175458
XM_026496833.3	2686	2506.9	48	8.22085
XM_026496839.3	5651	5471.9	0	0
XM_026496840.3	7039	6859.9	24.8145	1.5531
XM_026496841.3	15207	15027.9	224.997	6.42822
XM_026496842.3	3554	3374.9	45	5.72485
XM_026496845.3	3299	3119.9	2	0.275234
XM_026496847.3	21264	21084.9	867.102	17.6568
XM_026496848.3	3188	3008.9	5	0.713469
XM_026496849.3	3327	3147.9	216	29.4609
XM_026496850.3	2369	2189.9	6	1.17636
XM_026496853.3	2177	1997.9	0	0
XM_026496854.3	3365	3185.9	0	0
XM_026496855.3	4636	4456.9	125	12.0418
XM_026496856.3	5370	5190.9	0	0
XM_026496858.3	2053	1873.9	7.40607	1.69689
XM_026496859.3	2012	1832.9	0	0
XM_026496862.3	2005	1825.9	0	0
XM_026496863.3	1961	1781.9	0	0
XM_026496868.3	2091	1911.9	0	0
XM_026496871.3	2736	2556.9	50.175	8.42532
XM_026496872.3	2281	2101.9	39.825	8.13497
XM_026496874.3	780	600.98	42.3608	30.2633
XM_026496876.3	562	382.98	35.6392	39.9545
XM_026496877.3	2325	2145.9	0	0
XM_026496878.3	2268	2088.9	0	0
XM_026496879.3	8169	7989.9	0	0
XM_026496882.3	8061	7881.9	0	0
XM_026496883.3	8540	8360.9	1.2681e-08	6.51198e-10
XM_026496884.3	8394	8214.9	65.0425	3.39945
XM_026496886.3	2116	1936.9	2	0.443338
XM_026496887.3	3360	3180.9	0	0
XM_026496890.3	6580	6400.9	13.4529	0.902379
XM_026496891.3	1822	1642.9	29.5471	7.72175
XM_026496893.3	1711	1531.9	50	14.0137
XM_026496894.3	5742	5562.9	0.00797395	0.000615439
XM_026496895.3	5727	5547.9	386.992	29.9493
XM_026496896.3	3215	3035.9	13	1.83852
XM_026496902.3	9393	9213.9	0	0
XM_026496903.3	24240	24060.9	0	0
XM_026496906.3	9285	9105.9	0	0
XM_026496908.3	9124	8944.9	54.1	2.59678
XM_026496913.3	9060	8880.9	16.0316	0.775056
XM_026496914.3	8970	8790.9	0	0
XM_026496915.3	8955	8775.9	0	0
XM_026496916.3	6666	6486.9	470	31.1081
XM_026496917.3	2688	2508.9	0	0
XM_026496918.3	2285	2105.9	1710	348.635
XM_026496919.3	798	618.98	37	25.6648
XM_026496922.3	4111	3931.9	34.1347	3.72741
XM_026496923.2	1343	1163.9	5.07787	1.87317
XM_026496924.3	2470	2290.9	3.78738	0.709816
XM_026496927.3	2376	2196.9	5.98409	1.1695
XM_026496929.3	2353	2173.9	2.01591	0.398148
XM_026496932.3	2055	1875.9	4	0.915509
XM_026496934.2	1806	1626.9	2	0.527815
XM_026496936.3	12584	12404.9	496.576	17.1872
XM_026496937.3	12579	12399.9	27.8865	0.965583
XM_026496938.3	12501	12321.9	16.5375	0.576242
XM_026496940.3	4212	4032.9	166	17.6727
XM_026496941.3	2897	2717.9	2	0.315943
XM_026496942.3	3324	3144.9	0	0
XM_026496943.3	7079	6899.9	0	0
XM_026496944.3	6702	6522.9	0.000104459	6.87569e-06
XM_026496946.3	6654	6474.9	1.60299	0.106295
XM_026496950.3	1939	1759.9	1619.34	395.059
XM_026496951.3	8800	8620.9	251	12.5007
XM_026496954.3	5586	5406.9	44.3039	3.51809
XM_026496955.3	7787	7607.9	9.8728	0.557171
XM_026496956.3	7415	7235.9	0	0
XM_026496958.3	5252	5072.9	14	1.18491
XM_026496959.3	5323	5143.9	0	0
XM_026496961.3	2911	2731.9	200	31.4324
XM_026496962.3	14824	14644.9	33.8219	0.991573
XM_026496963.3	13642	13462.9	110.829	3.53451
XM_026496964.3	1283	1103.9	17	6.61197
XM_026496966.3	13571	13391.9	0	0
XM_026496967.3	13297	13117.9	0	0
XM_026496968.3	13676	13496.9	0	0
XM_026496969.3	13480	13300.9	28.4803	0.919341
XM_026496971.3	2226	2046.9	84.6449	17.7548
XM_026496974.3	1299	1119.9	0	0
XM_026496975.3	2115	1935.9	0	0
XM_026496980.3	4523	4343.9	2.76418	0.273212
XM_026496981.3	4251	4071.9	81	8.54085
XM_026496982.3	2922	2742.9	0	0
XM_026496983.3	2484	2304.9	24.3113	4.52865
XM_026496984.3	2407	2227.9	0	0
XM_026496985.3	2203	2023.9	1.7127	0.363333
XM_026496986.3	3622	3442.9	0	0
XM_026496987.3	3714	3534.9	116	14.0894
XM_026496988.3	2262	2082.9	76	15.666
XM_026496992.3	1693	1513.9	0	0
XM_026496995.3	7591	7411.9	0	0
XM_026496999.3	8218	8038.9	36.9984	1.97606
XM_026497001.3	3277	3097.9	75.5561	10.4716
XM_026497006.3	1927	1747.9	1	0.245638
XM_026497009.3	2768	2588.9	2.81347	0.466594
XM_026497014.3	31975	31795.9	69.9204	0.944162
XM_026497016.3	1785	1605.9	0	0
XM_026497017.3	1808	1628.9	142	37.4288
XM_026497018.3	1955	1775.9	0	0
XM_026497021.3	3003	2823.9	0	0
XM_026497025.3	9572	9392.9	37.9488	1.73465
XM_026497026.3	9557	9377.9	149.853	6.86079
XM_026497027.3	1905	1725.9	4.09954	1.01984
XM_026497028.3	5306	5126.9	91	7.62078
XM_026497029.3	1413	1233.9	27.9726	9.73342
XM_026497030.3	1016	836.905	7.02735	3.6052
XM_026497032.3	3555	3375.9	0	0
XM_026497033.3	2236	2056.9	6	1.25242
XM_026497035.3	4043	3863.9	41	4.55587
XM_026497037.2	3769	3589.9	0	0
XM_026497039.3	2218	2038.9	6	1.26348
XM_026497045.3	5667	5487.9	79.8278	6.24541
XM_026497049.3	2315	2135.9	36.0634	7.24934
XM_026497050.3	3251	3071.9	0.893058	0.12482
XM_026497051.3	3256	3076.9	0.106942	0.0149227
XM_026497054.2	667	487.98	0	0
XM_026497056.3	11617	11437.9	58	2.17718
XM_026497058.3	4095	3915.9	31.9366	3.50162
XM_026497059.3	4478	4298.9	1	0.0998747
XM_026497060.3	16527	16347.9	92.0227	2.41683
XM_026497061.3	16525	16345.9	0	0
XM_026497062.3	15218	15038.9	109	3.11189
XM_026497063.3	15209	15029.9	0	0
XM_026497064.3	2949	2769.9	32	4.96019
XM_026497065.3	2858	2678.9	0	0
XM_026497066.3	2667	2487.9	0	0
XM_026497067.3	2407	2227.9	0	0
XM_026497069.3	2264	2084.9	0	0
XM_026497070.3	2599	2419.9	0	0
XM_026497071.3	1875	1695.9	0	0
XM_026497072.3	2655	2475.9	25.0481	4.34365
XM_026497075.3	417	238.977	124.442	223.575
XM_026497078.3	5520	5340.9	10	0.803894
XM_026497079.3	2461	2281.9	0	0
XM_026497081.3	4736	4556.9	0	0
XM_026497083.3	4638	4458.9	14.2283	1.37006
XM_026497085.3	4901	4721.9	279.454	25.4101
XM_026497087.3	8780	8600.9	362.908	18.1162
XM_026497088.3	4658	4478.9	40.2082	3.8544
XM_026497089.3	6207	6027.9	197.277	14.0515
XM_026497091.2	3290	3110.9	115	15.8717
XM_026497093.3	2043	1863.9	3	0.691052
XM_026497094.3	1937	1757.9	12.4907	3.05074
XM_026497095.3	3623	3443.9	3	0.37401
XM_026497096.3	18413	18233.9	152.757	3.59696
XM_026497097.3	18404	18224.9	2.45062e-06	5.77329e-08
XM_026497098.3	18539	18359.9	7.04011	0.164635
XM_026497099.3	3909	3729.9	0	0
XM_026497100.3	4435	4255.9	3	0.302651
XM_026497101.3	1085	905.905	0	0
XM_026497102.3	4739	4559.9	24	2.25979
XM_026497103.3	6412	6232.9	150.616	10.3752
XM_026497105.3	6286	6106.9	0	0
XM_026497106.3	6165	5985.9	9.62308	0.690236
XM_026497110.3	8082	7902.9	10.9579	0.595325
XM_026497111.3	4532	4352.9	0	0
XM_026497112.3	4062	3882.9	15.3123	1.69316
XM_026497113.3	5310	5130.9	0	0
XM_026497115.2	2706	2526.9	0	0
XM_026497128.2	940	760.905	0	0
XM_026497129.3	943	763.905	4	2.2482
XM_026497131.3	987	807.905	0	0
XM_026497132.3	4945	4765.9	67.3777	6.06994
XM_026497134.3	3120	2940.9	326	47.5938
XM_026497135.3	1115	935.905	84	38.5355
XM_026497136.2	4053	3873.9	8	0.886655
XM_026497139.3	826	646.98	1	0.663624
XM_026497140.3	2851	2671.9	26.745	4.29769
XM_026497141.3	2591	2411.9	0	0
XM_026497142.3	3347	3167.9	0	0
XM_026497143.3	2417	2237.9	12.255	2.35117
XM_026497144.3	14293	14113.9	17	0.517148
XM_026497145.3	2175	1995.9	0	0
XM_026497146.3	5432	5252.9	212	17.3281
XM_026497147.3	7456	7276.9	166.791	9.84098
XM_026497149.3	2114	1934.9	4	0.887593
XM_026497150.3	4483	4303.9	0	0
XM_026497152.3	8319	8139.9	0	0
XM_026497154.3	7913	7733.9	145.364	8.06994
XM_026497155.3	8414	8234.9	1.05324	0.0549138
XM_026497156.3	7280	7100.9	6.07094	0.367076
XM_026497157.3	4833	4653.9	0	0
XM_026497158.3	4830	4650.9	18	1.66168
XM_026497160.3	1269	1089.9	138.093	54.3995
XM_026497161.3	1248	1068.9	9.90749	3.97959
XM_026497162.3	2993	2813.9	5	0.762911
XM_026497163.3	4379	4199.9	45	4.6003
XM_026497164.3	14669	14489.9	0	0
XM_026497165.3	14666	14486.9	122.501	3.63059
XM_026497166.3	14622	14442.9	0	0
XM_026497167.3	14634	14454.9	0	0
XM_026497168.3	2893	2713.9	0	0
XM_026497169.3	14609	14429.9	0	0
XM_026497170.3	14671	14491.9	25.0499	0.742155
XM_026497173.3	7630	7450.9	62.1147	3.57931
XM_026497175.3	11318	11138.9	101.065	3.89558
XM_026497176.3	11273	11093.9	3.5625e-08	1.37875e-09
XM_026497177.3	11201	11021.9	78.2934	3.04988
XM_026497178.3	11162	10982.9	1.06521e-08	4.16419e-10
XM_026497179.3	2730	2550.9	7	1.1782
XM_026497180.3	10646	10466.9	0.00113033	4.63659e-05
XM_026497181.3	8212	8032.9	22.4019	1.19736
XM_026497183.3	6794	6614.9	6.64702	0.431436
XM_026497184.3	3720	3540.9	0	0
XM_026497185.3	3731	3551.9	0	0
XM_026497186.3	3678	3498.9	0	0
XM_026497188.3	3736	3556.9	0	0
XM_026497190.3	2723	2543.9	7.71564	1.30222
XM_026497191.3	2619	2439.9	0	0
XM_026497193.3	3823	3643.9	8.28436	0.976124
XM_026497194.3	3341	3161.9	31	4.20946
XM_026497195.3	8835	8655.9	8.90258	0.441588
XM_026497196.3	9016	8836.9	0	0
XM_026497197.3	10185	10005.9	99.7255	4.27921
XM_026497198.3	5127	4947.9	177.994	15.4453
XM_026497199.3	10694	10514.9	0	0
XM_026497200.3	4979	4799.9	1.10151e-07	9.85305e-09
XM_026497201.3	8992	8812.9	6.28099	0.306001
XM_026497202.3	6399	6219.9	15	1.03543
XM_026497204.3	3912	3732.9	0	0
XM_026497205.3	2303	2123.9	0	0
XM_026497206.3	10307	10127.9	48	2.03486
XM_026497208.3	5017	4837.9	0	0
XM_026497210.3	4441	4261.9	12	1.2089
XM_026497211.3	3769	3589.9	0	0
XM_026497212.3	3734	3554.9	0	0
XM_026497213.3	3658	3478.9	4.87534	0.601694
XM_026497214.3	3655	3475.9	15.0297	1.85651
XM_026497215.3	3489	3309.9	0	0
XM_026497219.3	11709	11529.9	0.317505	0.0118233
XM_026497227.3	1735	1555.9	0	0
XM_026497229.3	4801	4621.9	44.5519	4.13865
XM_026497232.3	1195	1015.9	0	0
XM_026497233.3	3170	2990.9	14	2.00974
XM_026497234.3	2614	2434.9	0	0
XM_026497236.3	2503	2323.9	0	0
XM_026497237.3	2444	2264.9	1.85519	0.351684
XM_026497240.3	1429	1249.9	0	0
XM_026497242.3	1663	1483.9	2	0.578679
XM_026497243.3	4075	3895.9	0	0
XM_026497244.3	4829	4649.9	0	0
XM_026497245.3	3364	3184.9	0	0
XM_026497246.3	3361	3181.9	0	0
XM_026497247.3	4051	3871.9	0	0
XM_026497248.3	4063	3883.9	19.2606	2.1292
XM_026497249.3	4060	3880.9	27.6646	3.06059
XM_026497251.2	1884	1704.9	1727	434.916
XM_026497253.3	3471	3291.9	0	0
XM_026497254.3	3415	3235.9	2	0.265367
XM_026497255.3	4203	4023.9	42	4.48141
XM_026497258.3	5566	5386.9	8	0.637623
XM_026497260.3	4833	4653.9	6	0.553538
XM_026497261.3	3044	2864.9	84	12.5887
XM_026497262.3	4724	4544.9	7.5093	0.709395
XM_026497263.3	5819	5639.9	0	0
XM_026497264.3	3176	2996.9	67.5994	9.68463
XM_026497265.3	3043	2863.9	67.4006	10.1046
XM_026497267.3	3589	3409.9	28.0319	3.52958
XM_026497268.3	3313	3133.9	36.0811	4.94319
XM_026497269.3	3425	3245.9	22.7213	3.00546
XM_026497271.3	2850	2670.9	26.3538	4.23642
XM_026497273.3	2109	1929.9	697.907	155.266
XM_026497275.3	1754	1574.9	103.093	28.1053
XM_026497276.3	13766	13586.9	16.1515	0.510394
XM_026497277.3	13694	13514.9	87.8485	2.79084
XM_026497278.3	3824	3644.9	784.066	92.3591
XM_026497279.3	4031	3851.9	89	9.92037
XM_026497280.3	11316	11136.9	224	8.63569
XM_026497282.2	2004	1824.9	0	0
XM_026497283.3	8232	8052.9	101	5.38496
XM_026497284.3	699	519.98	0	0
XM_026497285.3	4839	4659.9	0	0
XM_026497286.3	4397	4217.9	2	0.203585
XM_026497287.3	2275	2095.9	0	0
XM_026497288.3	2621	2441.9	0	0
XM_026497290.3	2781	2601.9	0	0
XM_026497291.3	2667	2487.9	1	0.172576
XM_026497292.3	1456	1276.9	0	0
XM_026497293.3	5227	5047.9	1	0.0850555
XM_026497294.3	8702	8522.9	0	0
XM_026497295.3	1806	1626.9	0	0
XM_026497297.3	6710	6530.9	5.0039	0.328964
XM_026497298.3	4349	4169.9	64.6098	6.65251
XM_026497304.3	5643	5463.9	33	2.59313
XM_026497306.3	12214	12034.9	0	0
XM_026497310.3	12178	11998.9	0	0
XM_026497318.3	4352	4172.9	189.448	19.4923
XM_026497319.3	10337	10157.9	26.111	1.10365
XM_026497320.3	8554	8374.9	7.87943	0.403951
XM_026497323.3	3328	3148.9	62	8.45368
XM_026497325.3	2241	2061.9	0	0
XM_026497326.3	4578	4398.9	138.617	13.5296
XM_026497327.3	4594	4414.9	1.21372	0.118035
XM_026497328.3	4862	4682.9	0	0
XM_026497329.3	4641	4461.9	1.20915e-06	1.16351e-07
XM_026497331.3	4974	4794.9	4	0.358173
XM_026497336.3	1334	1154.9	0	0
XM_026497337.3	2162	1982.9	0	0
XM_026497338.3	1402	1222.9	0.622506	0.218557
XM_026497340.3	5301	5121.9	0	0
XM_026497341.3	6338	6158.9	0	0
XM_026497342.3	2441	2261.9	878	166.661
XM_026497343.3	4924	4744.9	24	2.17169
XM_026497344.3	3461	3281.9	313	40.9479
XM_026497345.3	2933	2753.9	61	9.5103
XM_026497346.3	4448	4268.9	123.798	12.4512
XM_026497347.3	4859	4679.9	4	0.366975
XM_026497349.3	4020	3840.9	61.7421	6.90178
XM_026497353.3	9892	9712.9	0.102127	0.00451445
XM_026497354.3	5689	5509.9	57	4.44165
XM_026497364.3	1913	1733.9	1	0.247621
XM_026497366.3	2369	2189.9	7	1.37242
XM_026497367.3	1373	1193.9	0	0
XM_026497368.3	11456	11276.9	5.02885e-08	1.91466e-09
XM_026497374.3	5858	5678.9	428	32.3588
XM_026497375.3	4135	3955.9	1	0.108534
XM_026497377.3	1613	1433.9	7	2.096
XM_026497378.3	13833	13653.9	35.5619	1.11826
XM_026497379.3	1507	1327.9	14.5414	4.70169
XM_026497381.3	2123	1943.9	6.30556	1.39271
XM_026497383.3	1811	1631.9	248.565	65.3972
XM_026497384.3	1754	1574.9	61.129	16.665
XM_026497387.3	7848	7668.9	2	0.111972
XM_026497388.3	10646	10466.9	0	0
XM_026497391.3	4112	3932.9	14	1.52837
XM_026497394.3	3812	3632.9	2	0.236368
XM_026497396.3	4418	4238.9	73.4403	7.43865
XM_026497398.3	3382	3202.9	0	0
XM_026497399.3	3311	3131.9	4	0.548359
XM_026497401.3	3761	3581.9	1112.51	133.353
XM_026497402.3	3491	3311.9	1092.24	141.597
XM_026497404.3	16740	16560.9	358.347	9.29037
XM_026497406.3	1819	1639.9	26	6.80719
XM_026497407.3	3359	3179.9	341.497	46.109
XM_026497409.3	3813	3633.9	13.8561	1.63712
XM_026497410.3	3022	2842.9	0	0
XM_026497411.3	3756	3576.9	0	0
XM_026497412.3	3033	2853.9	0	0
XM_026497413.3	3071	2891.9	0	0
XM_026497415.3	2841	2661.9	0	0
XM_026497416.3	2841	2661.9	0	0
XM_026497417.3	2838	2658.9	0	0
XM_026497418.3	2748	2568.9	0	0
XM_026497419.3	2741	2561.9	0	0
XM_026497422.3	2685	2505.9	0	0
XM_026497423.3	2690	2510.9	0	0
XM_026497426.3	935	755.98	0	0
XM_026497427.3	4654	4474.9	6	0.57568
XM_026497428.3	5484	5304.9	0	0
XM_026497429.2	2943	2763.9	0	0
XM_026497430.3	2721	2541.9	0	0
XM_026497431.3	2724	2544.9	0	0
XM_026497432.3	1670	1490.9	0	0
XM_026497433.3	3867	3687.9	3	0.349265
XM_026497434.3	3865	3685.9	0	0
XM_026497435.3	2196	2016.9	34	7.23781
XM_026497444.3	5514	5334.9	1.07428	0.0864576
XM_026497445.3	288	120.308	0	0
XM_026497446.3	5437	5257.9	88.8123	7.25227
XM_026497447.3	960	780.905	1	0.549814
XM_026497448.2	1701	1521.9	0	0
XM_026497449.3	493	314.154	0	0
XM_026497452.3	5491	5311.9	485.86	39.2712
XM_026497453.1	1164	984.905	0	0
XM_026497454.3	5405	5225.9	0	0
XM_026497455.3	3021	2841.9	2	0.302158
XM_026497456.3	2700	2520.9	17	2.89538
XM_026497457.2	2436	2256.9	0	0
XM_026497460.3	1176	996.905	0	0
XM_026497461.2	582	402.98	0	0
XM_026497462.3	2413	2233.9	65.4953	12.5881
XM_026497463.2	1623	1443.9	0	0
XM_026497464.1	1608	1428.9	0	0
XM_026497465.2	948	768.905	0	0
XM_026497466.3	3025	2845.9	0	0
XM_026497468.2	528	349.091	0	0
XM_026497469.2	1146	966.905	0	0
XM_026497470.2	1140	960.905	0	0
XM_026497471.2	1422	1242.9	0	0
XM_026497473.3	2718	2538.9	4.98169	0.842449
XM_026497474.3	948	768.905	0	0
XM_026497475.2	939	759.905	0	0
XM_026497476.3	948	768.905	0	0
XM_026497477.3	1431	1251.9	0	0
XM_026497478.3	2657	2477.9	5.52306	0.956992
XM_026497479.3	2064	1884.9	0	0
XM_026497481.3	1068	888.905	2966	1432.61
XM_026497482.2	2784	2604.9	0	0
XM_026497483.3	689	509.98	21	17.6799
XM_026497489.3	2976	2796.9	1066	163.641
XM_026497497.3	25699	25519.9	0	0
XM_026497498.3	27183	27003.9	0	0
XM_026497499.3	27024	26844.9	0	0
XM_026497500.3	6683	6503.9	0	0
XM_026497502.3	1437	1257.9	0	0
XM_026497503.3	4055	3875.9	76	8.41887
XM_026497505.3	1676	1496.9	3	0.86048
XM_026497506.3	4273	4093.9	70	7.34131
XM_026497507.3	4199	4019.9	0	0
XM_026497508.3	15632	15452.9	38.5963	1.07238
XM_026497510.3	4702	4522.9	0	0
XM_026497511.3	5227	5047.9	0	0
XM_026497514.3	3333	3153.9	10	1.36133
XM_026497515.3	3643	3463.9	0	0
XM_026497516.3	7322	7142.9	0	0
XM_026497517.3	5572	5392.9	1	0.0796142
XM_026497521.2	240	83.9035	0	0
XM_026497528.3	3030	2850.9	0	0
XM_026497529.3	3351	3171.9	1.61749	0.218945
XM_026497531.3	1390	1210.9	24.8706	8.81839
XM_026497532.3	1070	890.905	30.2392	14.5731
XM_026497533.3	2603	2423.9	29	5.13684
XM_026497534.3	5185	5005.9	0.0154797	0.00132768
XM_026497535.3	2231	2051.9	102	21.343
XM_026497536.3	1532	1352.9	3.08925	0.98039
XM_026497537.3	1404	1224.9	0	0
XM_026497538.3	1483	1303.9	0	0
XM_026497542.3	2310	2130.9	2	0.402976
XM_026497543.3	5158	4978.9	17.9845	1.55088
XM_026497544.3	9705	9525.9	44	1.98317
XM_026497545.3	9521	9341.9	0	0
XM_026497548.3	7525	7345.9	313.77	18.3392
XM_026497550.3	3622	3442.9	2.73681	0.341297
XM_026497551.3	2565	2385.9	225	40.4895
XM_026497552.3	2163	1983.9	0	0
XM_026497553.3	1715	1535.9	8.9903	2.51318
XM_026497554.3	9788	9608.9	0	0
XM_026497557.3	4546	4366.9	0	0
XM_026497561.3	3885	3705.9	0	0
XM_026497562.3	3754	3574.9	24.2859	2.91678
XM_026497563.3	3741	3561.9	0	0
XM_026497564.3	3830	3650.9	32.7141	3.84723
XM_026497565.3	2249	2069.9	0	0
XM_026497567.3	1744	1564.9	0	0
XM_026497568.3	2026	1846.9	87	20.225
XM_026497570.3	9253	9073.9	177	8.37515
XM_026497571.2	620	440.98	0	0
XM_026497572.3	10404	10224.9	148.299	6.22718
XM_026497573.3	10425	10245.9	125.259	5.24894
XM_026497574.3	15682	15502.9	7	0.193865
XM_026497576.3	5548	5368.9	1	0.0799701
XM_026497577.3	7492	7312.9	40	2.34846
XM_026497578.3	2479	2299.9	111	20.7218
XM_026497579.3	10946	10766.9	27.8865	1.11203
XM_026497580.3	10937	10757.9	0	0
XM_026497581.3	14647	14467.9	90.2367	2.67788
XM_026497582.3	14636	14456.9	0	0
XM_026497583.3	8517	8337.9	0	0
XM_026497584.3	2478	2298.9	0	0
XM_026497585.3	3660	3480.9	44	5.42718
XM_026497586.3	10224	10044.9	0	0
XM_026497587.3	10348	10168.9	13.2326	0.558706
XM_026497588.3	6940	6760.9	0	0
XM_026497589.3	39665	39485.9	4.5912	0.0499227
XM_026497591.3	10195	10015.9	0	0
XM_026497592.3	8945	8765.9	0	0
XM_026497593.3	10373	10193.9	0	0
XM_026497594.3	3819	3639.9	64.3793	7.59399
XM_026497595.3	8280	8100.9	105.096	5.57012
XM_026497602.3	7458	7278.9	137.709	8.12289
XM_026497603.3	9382	9202.9	0	0
XM_026497604.3	4680	4500.9	4.62069	0.440778
XM_026497605.3	2140	1960.9	9.58385	2.09844
XM_026497606.2	1769	1589.9	13.0937	3.53593
XM_026497607.3	1952	1772.9	10.8336	2.62361
XM_026497608.3	4483	4303.9	19.1664	1.91202
XM_026497609.3	7920	7740.9	0	0
XM_026497610.3	6018	5838.9	304	22.354
XM_026497612.2	7741	7561.9	0	0
XM_026497614.3	1596	1416.9	0	0
XM_026497615.3	5952	5772.9	117	8.70172
XM_026497616.3	3049	2869.9	44	6.58262
XM_026497617.3	2982	2802.9	0	0
XM_026497618.3	546	367.056	0	0
XM_026497619.3	11992	11812.9	104	3.77998
XM_026497621.3	1830	1650.9	31	8.06219
XM_026497622.3	6019	5839.9	39.7447	2.92205
XM_026497623.3	12721	12541.9	60.2825	2.06368
XM_026497624.3	3444	3264.9	1.01789	0.133858
XM_026497630.3	40798	40618.9	0	0
XM_026497637.3	13826	13646.9	59.737	1.87942
XM_026497638.3	13859	13679.9	2.55512	0.0801941
XM_026497641.3	5643	5463.9	12	0.942956
XM_026497644.3	9006	8826.9	0.000601924	2.92783e-05
XM_026497645.3	8365	8185.9	42	2.20291
XM_026497649.3	2294	2114.9	0	0
XM_026497650.3	6449	6269.9	5.97597	0.409224
XM_026497651.3	2909	2729.9	0	0
XM_026497653.3	2606	2426.9	3.04914	0.539434
XM_026497656.3	2930	2750.9	0	0
XM_026497657.3	12380	12200.9	94.9817	3.34242
XM_026497658.3	12602	12422.9	0	0
XM_026497661.3	1326	1146.9	0	0
XM_026497662.3	12421	12241.9	0	0
XM_026497663.3	1527	1347.9	46	14.6525
XM_026497664.3	13020	12840.9	82	2.74177
XM_026497665.3	16631	16451.9	43	1.12219
XM_026497666.3	16373	16193.9	0	0
XM_026497668.3	9202	9022.9	0	0
XM_026497669.3	9198	9018.9	19	0.90451
XM_026497670.3	2991	2811.9	100	15.2691
XM_026497671.2	2800	2620.9	0	0
XM_026497672.3	6056	5876.9	1117.91	81.6719
XM_026497673.3	6068	5888.9	49.0869	3.57886
XM_026497674.3	3971	3791.9	3	0.339686
XM_026497675.3	1493	1313.9	114	37.2524
XM_026497678.3	10811	10631.9	6.40669	0.258724
XM_026497680.3	2142	1962.9	511	111.773
XM_026497682.3	12348	12168.9	14.2828	0.503934
XM_026497686.3	5133	4953.9	26	2.2534
XM_026497687.3	3626	3446.9	56	6.97545
XM_026497688.3	9087	8907.9	0	0
XM_026497689.3	5878	5698.9	14	1.05475
XM_026497692.3	5844	5664.9	0	0
XM_026497696.3	601	421.98	0	0
XM_026497705.3	3910	3730.9	47.3953	5.45424
XM_026497709.3	9501	9321.9	510.141	23.4963
XM_026497710.3	1141	961.905	85	37.9403
XM_026497711.3	358	181.907	52	122.734
XM_026497712.3	1716	1536.9	0	0
XM_026497713.3	11583	11403.9	17.9682	0.676494
XM_026497714.3	4771	4591.9	0	0
XM_026497715.2	1224	1044.9	0	0
XM_026497716.3	4584	4404.9	0	0
XM_026497717.3	4483	4303.9	42	4.18987
XM_026497718.3	9554	9374.9	0	0
XM_026497719.3	7740	7560.9	22.8435	1.29719
XM_026497722.3	6798	6618.9	0	0
XM_026497727.3	9668	9488.9	925.406	41.8726
XM_026497731.3	6038	5858.9	0.000236173	1.73073e-05
XM_026497732.3	3781	3601.9	0	0
XM_026497734.3	3742	3562.9	0	0
XM_026497735.3	4633	4453.9	60	5.78394
XM_026497736.3	9490	9310.9	1.98459	0.0915151
XM_026497737.3	1471	1291.9	76	25.2579
XM_026497738.3	1321	1141.9	0	0
XM_026497739.3	4509	4329.9	62.6911	6.21643
XM_026497742.3	6818	6638.9	9	0.582049
XM_026497743.3	2426	2246.9	9	1.71977
XM_026497744.3	9417	9237.9	94.8018	4.40612
XM_026497745.3	2947	2767.9	5.80465	0.900406
XM_026497746.3	4269	4089.9	7.84238	0.823281
XM_026497747.3	2944	2764.9	5.0249	0.780298
XM_026497748.3	2937	2757.9	1.24932	0.194495
XM_026497749.3	2886	2706.9	0.00173979	0.000275954
XM_026497750.3	2884	2704.9	0	0
XM_026497751.3	2881	2701.9	0.444506	0.0706351
XM_026497752.3	2877	2697.9	23.7424	3.77843
XM_026497753.3	9296	9116.9	20.8879	0.983696
XM_026497754.3	7368	7188.9	0	0
XM_026497755.3	2820	2640.9	0.000108413	1.76255e-05
XM_026497756.3	2814	2634.9	0	0
XM_026497757.3	2811	2631.9	2.11819	0.345548
XM_026497764.3	7020	6840.9	1272.56	79.8693
XM_026497766.3	5700	5520.9	6.05419e-05	4.70825e-06
XM_026497769.3	5670	5490.9	178	13.9184
XM_026497771.2	4100	3920.9	34.6764	3.79717
XM_026497772.2	4088	3908.9	0	0
XM_026497778.3	3116	2936.9	0	0
XM_026497779.3	4690	4510.9	84.4346	8.03656
XM_026497781.3	5610	5430.9	4	0.316229
XM_026497782.3	7863	7683.9	5	0.279384
XM_026497787.1	888	708.98	0	0
XM_026497788.2	240	83.9035	0	0
XM_026497789.3	4178	3998.9	1	0.107367
XM_026497790.3	1552	1372.9	188.037	58.8053
XM_026497798.3	2495	2315.9	3166	586.953
XM_026497800.3	2061	1881.9	199	45.4014
XM_026497801.3	2055	1875.9	23	5.26418
XM_026497805.3	2963	2783.9	12	1.85072
XM_026497806.3	3831	3651.9	0	0
XM_026497807.3	2074	1894.9	0	0
XM_026497808.3	6244	6064.9	8	0.566343
XM_026497809.3	12080	11900.9	133.301	4.80913
XM_026497815.3	9369	9189.9	0	0
XM_026497816.3	7824	7644.9	0	0
XM_026497818.3	2334	2154.9	5	0.99622
XM_026497819.3	3127	2947.9	33	4.80633
XM_026497820.3	4210	4030.9	8	0.85212
XM_026497821.3	2724	2544.9	0	0
XM_026497822.3	2146	1966.9	0	0
XM_026497824.3	4922	4742.9	0	0
XM_026497825.3	4868	4688.9	0	0
XM_026497826.3	4880	4700.9	0	0
XM_026497827.3	4542	4362.9	0	0
XM_026497828.3	4542	4362.9	0	0
XM_026497832.3	4269	4089.9	0	0
XM_026497835.3	8816	8636.9	28	1.39192
XM_026497838.2	1602	1422.9	0	0
XM_026497839.3	5787	5607.9	109	8.34525
XM_026497841.3	4216	4036.9	0	0
XM_026497842.3	1983	1803.9	0	0
XM_026497844.3	1350	1170.9	19	6.967
XM_026497847.3	2634	2454.9	1	0.174896
XM_026497848.3	3520	3340.9	775.239	99.6289
XM_026497849.3	3502	3322.9	270.742	34.9825
XM_026497850.3	4092	3912.9	69.9221	7.67235
XM_026497851.3	3448	3268.9	824.097	108.24
XM_026497852.3	2014	1834.9	0	0
XM_026497853.3	4175	3995.9	0	0
XM_026497856.3	4088	3908.9	0	0
XM_026497857.3	4088	3908.9	0	0
XM_026497859.3	1813	1633.9	11.6789	3.06893
XM_026497863.3	4421	4241.9	45.5419	4.60961
XM_026497867.3	1912	1732.9	0	0
XM_026497868.3	1550	1370.9	16	5.01102
XM_026497881.3	10775	10595.9	0	0
XM_026497885.3	4311	4131.9	75.1255	7.8064
XM_026497886.3	1553	1373.9	0	0
XM_026497888.3	8540	8360.9	0	0
XM_026497892.3	6479	6299.9	1.38224	0.0942023
XM_026497898.3	8771	8591.9	80	3.99773
XM_026497900.3	4986	4806.9	1	0.0893198
XM_026497901.3	3071	2891.9	79	11.7289
XM_026497902.3	6535	6355.9	11.7527	0.793914
XM_026497903.3	6532	6352.9	0	0
XM_026497905.3	6195	6015.9	33.5473	2.39425
XM_026497911.3	6664	6484.9	6	0.397247
XM_026497914.3	3709	3529.9	120.023	14.5988
XM_026497919.3	3150	2970.9	5	0.722595
XM_026497920.3	8123	7943.9	43.6934	2.36154
XM_026497921.3	5986	5806.9	809.533	59.8554
XM_026497922.3	4046	3866.9	0	0
XM_026497925.3	3647	3467.9	2	0.247615
XM_026497928.3	1999	1819.9	17.0834	4.03032
XM_026497930.3	6791	6611.9	2.0502	0.133132
XM_026497932.3	1446	1266.9	0	0
XM_026497933.3	6308	6128.9	2.9942	0.209755
XM_026497934.3	4278	4098.9	0.00441816	0.000462793
XM_026497935.3	4261	4081.9	1.00165	0.105357
XM_026497939.3	8889	8709.9	0	0
XM_026497941.3	1963	1783.9	0	0
XM_026497942.3	8999	8819.9	55.5709	2.70519
XM_026497943.2	3269	3089.9	65	9.03195
XM_026497944.3	15203	15023.9	7.09955	0.20289
XM_026497945.3	3674	3494.9	0	0
XM_026497948.3	5340	5160.9	0	0
XM_026497949.3	3047	2867.9	3	0.449128
XM_026497950.3	11637	11457.9	33.689	1.2624
XM_026497951.3	11518	11338.9	22.0463	0.834792
XM_026497952.3	11487	11307.9	41.9482	1.59274
XM_026497954.3	2968	2788.9	148.897	22.9227
XM_026497956.3	2379	2199.9	0	0
XM_026497960.3	2736	2556.9	0	0
XM_026497961.3	2644	2464.9	0	0
XM_026497962.3	2590	2410.9	0	0
XM_026497964.3	4182	4002.9	2	0.21452
XM_026497965.3	10630	10450.9	0	0
XM_026497979.3	11978	11798.9	0	0
XM_026497983.3	4390	4210.9	513	52.3065
XM_026497984.3	5772	5592.9	125.708	9.65022
XM_026497985.3	10751	10571.9	51.256	2.08164
XM_026497986.3	10749	10569.9	1.0413e-08	4.2298e-10
XM_026497991.3	2113	1933.9	0	0
XM_026497992.3	15074	14894.9	3.19237e-06	9.20215e-08
XM_026497993.3	2272	2092.9	21.7565	4.46326
XM_026497994.3	2346	2166.9	0	0
XM_026497996.3	2863	2683.9	0	0
XM_026497997.3	5112	4932.9	1	0.0870384
XM_026497999.3	2398	2218.9	557	107.778
XM_026498001.3	7180	7000.9	114.01	6.99202
XM_026498002.3	10659	10479.9	520.565	21.3271
XM_026498006.3	4334	4154.9	3	0.310009
XM_026498007.3	1710	1530.9	0	0
XM_026498008.3	7414	7234.9	18	1.0682
XM_026498009.3	2465	2285.9	115	21.6
XM_026498016.3	3966	3786.9	0	0
XM_026498020.3	1024	844.905	0	0
XM_026498025.3	2211	2031.9	70	14.7914
XM_026498028.3	1811	1631.9	0	0
XM_026498029.3	6234	6054.9	0	0
XM_026498030.3	6163	5983.9	19	1.36327
XM_026498031.3	6093	5913.9	0	0
XM_026498032.3	1487	1307.9	126	41.3626
XM_026498033.3	5182	5002.9	0.680843	0.0584303
XM_026498034.3	5175	4995.9	4.23251	0.363745
XM_026498036.3	1232	1052.9	53.1093	21.6568
XM_026498037.3	1241	1061.9	107.891	43.6226
XM_026498039.3	3525	3345.9	0	0
XM_026498040.3	663	483.98	0	0
XM_026498041.3	2232	2052.9	41.2321	8.62344
XM_026498043.3	4698	4518.9	3	0.285037
XM_026498044.3	8367	8187.9	0	0
XM_026498047.3	1751	1571.9	4	1.09256
XM_026498048.3	2774	2594.9	0	0
XM_026498050.3	5119	4939.9	33.7565	2.93395
XM_026498052.3	8832	8652.9	50.7251	2.51695
XM_026498058.3	706	526.98	30	24.4422
XM_026498059.3	786	606.98	83.148	58.8153
XM_026498060.3	8815	8635.9	87.2749	4.33905
XM_026498061.2	713	533.98	43.852	35.2596
XM_026498063.3	3370	3190.9	212	28.5256
XM_026498067.3	9793	9613.9	11.1901	0.499746
XM_026498068.3	2613	2433.9	741	130.716
XM_026498069.3	1762	1582.9	0	0
XM_026498070.3	6105	5925.9	0	0
XM_026498071.3	1756	1576.9	0	0
XM_026498072.3	2232	2052.9	783.947	163.958
XM_026498073.3	1658	1478.9	0.389224	0.112998
XM_026498074.3	1795	1615.9	0	0
XM_026498075.3	2313	2133.9	0	0
XM_026498076.3	8881	8701.9	719.585	35.5043
XM_026498077.2	1749	1569.9	12	3.28187
XM_026498079.3	1349	1169.9	5	1.83499
XM_026498080.3	624	444.98	0	0
XM_026498081.3	2259	2079.9	0	0
XM_026498082.3	5415	5235.9	53.0434	4.34964
XM_026498083.3	5343	5163.9	23.0398	1.91564
XM_026498084.3	5261	5081.9	0	0
XM_026498085.3	5100	4920.9	99.0805	8.64483
XM_026498090.3	2253	2073.9	93.9964	19.4597
XM_026498096.3	4812	4632.9	196.588	18.2187
XM_026498099.3	2981	2801.9	3	0.459707
XM_026498100.3	2452	2272.9	1601.21	302.47
XM_026498104.3	2822	2642.9	0	0
XM_026498105.3	2839	2659.9	171.457	27.6759
XM_026498106.3	2696	2516.9	23.5432	4.01617
XM_026498107.3	2788	2608.9	82	13.4949
XM_026498108.3	4468	4288.9	259	25.9279
XM_026498109.3	4375	4195.9	0	0
XM_026498110.3	7343	7163.9	57	3.41616
XM_026498112.3	4633	4453.9	1	0.096399
XM_026498113.3	2237	2057.9	2.86143	0.596996
XM_026498115.2	1631	1451.9	4	1.18287
XM_026498116.3	4030	3850.9	21.2559	2.3699
XM_026498117.3	3866	3686.9	214.744	25.0076
XM_026498118.3	3292	3112.9	0	0
XM_026498119.3	3221	3041.9	60.9325	8.60036
XM_026498120.3	3120	2940.9	0	0
XM_026498121.3	3048	2868.9	0	0
XM_026498122.3	6034	5854.9	10.7808	0.790575
XM_026498124.3	2922	2742.9	1	0.156532
XM_026498125.3	2540	2360.9	2	0.363718
XM_026498129.3	9345	9165.9	570	26.7001
XM_026498131.3	8096	7916.9	275.611	14.947
XM_026498132.3	7802	7622.9	10.4865	0.590642
XM_026498133.3	1161	981.905	33.6019	14.6929
XM_026498134.3	2331	2151.9	6.39814	1.27657
XM_026498137.3	2487	2307.9	17	3.1626
XM_026498141.3	1997	1817.9	0	0
XM_026498143.3	784	604.98	115.349	81.863
XM_026498144.3	18002	17822.9	4.18901	0.100913
XM_026498145.3	16151	15971.9	0	0
XM_026498146.3	16101	15921.9	0	0
XM_026498147.3	15999	15819.9	0	0
XM_026498148.3	3753	3573.9	0	0
XM_026498149.3	7006	6826.9	2	0.125782
XM_026498154.3	5363	5183.9	3889	322.103
XM_026498155.3	1936	1756.9	0	0
XM_026498156.3	6689	6509.9	0	0
XM_026498157.2	6550	6370.9	2.26452	0.152612
XM_026498158.3	5025	4845.9	4	0.354404
XM_026498159.3	4072	3892.9	3	0.330873
XM_026498160.3	4020	3840.9	0	0
XM_026498161.3	1089	909.905	1	0.471865
XM_026498162.3	3498	3318.9	0	0
XM_026498163.3	3440	3260.9	0	0
XM_026498164.3	3126	2946.9	1	0.145696
XM_026498165.3	4424	4244.9	116	11.7328
XM_026498167.3	4225	4045.9	1.82685e-07	1.93866e-08
XM_026498168.3	3655	3475.9	379	46.815
XM_026498169.3	908	728.98	1	0.588976
XM_026498170.3	2867	2687.9	9	1.43761
XM_026498172.3	2641	2461.9	5.5276	0.964003
XM_026498174.3	8108	7928.9	0	0
XM_026498175.3	2776	2596.9	38.4724	6.36073
XM_026498176.3	2705	2525.9	0	0
XM_026498178.2	757	577.98	0	0
XM_026498180.3	6521	6341.9	24.8676	1.68355
XM_026498181.3	10010	9830.9	102	4.45472
XM_026498182.3	2501	2321.9	0	0
XM_026498184.3	5758	5578.9	73.9792	5.69343
XM_026498185.3	1871	1691.9	14.8674	3.77286
XM_026498186.3	689	509.98	495.626	417.267
XM_026498187.3	651	471.98	85.0919	77.4066
XM_026498188.3	5460	5280.9	3.00883	0.244626
XM_026498189.3	2722	2542.9	197.109	33.2806
XM_026498190.3	6033	5853.9	4.60844	0.338004
XM_026498191.3	4831	4651.9	0	0
XM_026498193.3	1220	1040.9	0	0
XM_026498195.3	5802	5622.9	46.2401	3.53079
XM_026498196.3	5781	5601.9	0	0
XM_026498197.3	5237	5057.9	6.77562	0.575164
XM_026498198.3	1757	1577.9	0	0
XM_026498199.3	3913	3733.9	53.6051	6.16391
XM_026498200.3	2315	2135.9	0	0
XM_026498201.3	5793	5613.9	240.852	18.4204
XM_026498202.3	957	777.905	25	13.7983
XM_026498204.3	4299	4119.9	22.0382	2.29669
XM_026498205.3	5308	5128.9	25.9618	2.17332
XM_026498206.3	1222	1042.9	32.2611	13.2815
XM_026498207.3	1338	1158.9	3.73886	1.38518
XM_026498209.3	787	607.98	21.4622	15.1565
XM_026498210.3	1915	1735.9	4.80675	1.18888
XM_026498212.3	1915	1735.9	4.80675	1.18888
XM_026498213.3	1377	1197.9	0	0
XM_026498214.3	1298	1118.9	15	5.75588
XM_026498216.3	721	541.98	8.1583	6.46293
XM_026498217.3	1205	1025.9	140.571	58.8306
XM_026498220.3	2491	2311.9	2.58681	0.480405
XM_026498225.3	3127	2947.9	6	0.873879
XM_026498226.3	574	394.98	6.99718	7.60608
XM_026498227.3	1590	1410.9	19	5.78188
XM_026498228.3	1686	1506.9	7	1.99446
XM_026498229.3	5668	5488.9	2	0.156444
XM_026498230.3	5604	5424.9	67	5.30269
XM_026498231.3	5485	5305.9	0	0
XM_026498233.3	4334	4154.9	43	4.44346
XM_026498234.3	1584	1404.9	19.1507	5.85264
XM_026498235.3	1581	1401.9	39.8493	12.2044
XM_026498236.3	879	699.98	3.89493	2.38906
XM_026498237.3	4468	4288.9	0	0
XM_026498242.3	2427	2247.9	1	0.191001
XM_026498245.3	767	587.98	408.105	298.004
XM_026498248.3	4252	4072.9	3	0.31625
XM_026498249.3	1889	1709.9	0	0
XM_026498250.3	743	563.98	4447	3385.45
XM_026498251.3	2640	2460.9	0	0
XM_026498253.3	28798	28618.9	22.735	0.34108
XM_026498256.3	2839	2659.9	0	0
XM_026498257.3	2761	2581.9	62.6719	10.4219
XM_026498259.3	3958	3778.9	0	0
XM_026498260.3	3841	3661.9	14	1.64148
XM_026498261.3	3953	3773.9	0	0
XM_026498262.3	4003	3823.9	0	0
XM_026498263.3	2002	1822.9	44	10.3634
XM_026498264.3	1941	1761.9	0	0
XM_026498265.3	1710	1530.9	0	0
XM_026498266.3	1691	1511.9	0	0
XM_026498267.3	2322	2142.9	0	0
XM_026498269.3	1600	1420.9	5.88315	1.7777
XM_026498270.3	1093	913.905	0	0
XM_026498273.3	1715	1535.9	0	0
XM_026498276.3	2157	1977.9	22	4.77563
XM_026498279.3	2022	1842.9	0.290671	0.0677193
XM_026498280.3	2015	1835.9	41.7093	9.75431
XM_026498281.3	1035	855.905	37	18.5605
XM_026498283.3	3253	3073.9	49	6.84414
XM_026498284.3	2980	2800.9	0	0
XM_026498285.3	3672	3492.9	451.248	55.468
XM_026498286.3	3530	3350.9	105.752	13.55
XM_026498287.3	2239	2059.9	103.515	21.5759
XM_026498289.3	4675	4495.9	213.776	20.4152
XM_026498290.3	2191	2011.9	18.8438	4.02137
XM_026498293.3	4854	4674.9	0.000340917	3.13104e-05
XM_026498294.3	4862	4682.9	100.132	9.18062
XM_026498295.3	4817	4637.9	10.8674	1.00605
XM_026498296.3	8996	8816.9	0.175732	0.00855753
XM_026498297.3	4702	4522.9	34.2243	3.24886
XM_026498298.3	8968	8788.9	11.1575	0.545061
XM_026498300.3	8662	8482.9	0	0
XM_026498301.3	10783	10603.9	0.0999014	0.00404501
XM_026498302.3	10736	10556.9	32.9001	1.33806
XM_026498304.3	972	792.905	15	8.12239
XM_026498305.3	2520	2340.9	69	12.6555
XM_026498306.3	2471	2291.9	1.0109	0.189376
XM_026498307.3	1597	1417.9	0	0
XM_026498308.3	1516	1336.9	4	1.28462
XM_026498310.3	5325	5145.9	0	0
XM_026498311.3	4220	4040.9	9	0.956263
XM_026498315.3	1444	1264.9	0	0
XM_026498316.3	1617	1437.9	0	0
XM_026498318.3	3753	3573.9	0	0
XM_026498319.3	5083	4903.9	148	12.9579
XM_026498321.3	660	480.98	2	1.78532
XM_026498324.3	1359	1179.9	58	21.1054
XM_026498325.2	408	230.236	0	0
XM_026498327.3	8375	8195.9	5	0.261931
XM_026498328.3	11643	11463.9	20.0353	0.750372
XM_026498329.3	616	436.98	6	5.89526
XM_026498330.3	12827	12647.9	442	15.0043
XM_026498334.3	7970	7790.9	26.1598	1.44165
XM_026498335.3	8221	8041.9	6.84025	0.365196
XM_026498337.3	2446	2266.9	0	0
XM_026498339.3	28531	28351.9	0	0
XM_026498340.3	13909	13729.9	0	0
XM_026498341.3	2270	2090.9	2	0.410685
XM_026498342.3	1544	1364.9	4508.6	1418.25
XM_026498343.3	1454	1274.9	577.924	194.629
XM_026498344.3	1241	1061.9	20.4769	8.27927
XM_026498345.3	753	573.98	78	58.346
XM_026498347.3	2513	2333.9	16.6832	3.06909
XM_026498348.3	2103	1923.9	4.84667	1.08162
XM_026498349.3	2063	1883.9	15.4701	3.52573
XM_026498350.3	2033	1853.9	0	0
XM_026498351.3	1574	1394.9	1	0.3078
XM_026498352.3	1947	1767.9	0	0
XM_026498353.3	4578	4398.9	12	1.17125
XM_026498354.3	8321	8141.9	178.617	9.41913
XM_026498355.3	8186	8006.9	0	0
XM_026498357.3	484	305.217	0	0
XM_026498358.3	11821	11641.9	5.09561	0.187926
XM_026498359.3	1336	1156.9	1	0.371121
XM_026498361.3	7057	6877.9	43.8598	2.73794
XM_026498366.3	6779	6599.9	7.8665	0.511749
XM_026498367.3	8753	8573.9	15.8533	0.793878
XM_026498368.3	6713	6533.9	0.00317331	0.000208523
XM_026498370.3	2967	2787.9	7.8291	1.20572
XM_026498371.3	2850	2670.9	11.1709	1.79574
XM_026498372.3	1466	1286.9	4	1.33453
XM_026498373.2	4057	3877.9	3	0.332153
XM_026498374.3	4444	4264.9	0	0
XM_026498379.3	2389	2209.9	0	0
XM_026498381.3	4118	3938.9	1.65569	0.180475
XM_026498383.3	7142	6962.9	1	0.0616628
XM_026498386.3	8749	8569.9	29.1467	1.46025
XM_026498387.3	2313	2133.9	1	0.201205
XM_026498391.2	732	552.98	0	0
XM_026498394.3	28061	27881.9	3.06057	0.0471295
XM_026498396.2	402	224.304	0	0
XM_026498398.3	9044	8864.9	10.728	0.519587
XM_026498401.3	7159	6979.9	0	0
XM_026498403.3	27036	26856.9	17.0553	0.272658
XM_026498404.3	11252	11072.9	25.9872	1.00765
XM_026498405.3	8114	7934.9	10.2452	0.55436
XM_026498409.3	6710	6530.9	375.734	24.7013
XM_026498414.3	9723	9543.9	455.473	20.4904
XM_026498416.3	9841	9661.9	0	0
XM_026498417.1	978	798.905	0	0
XM_026498418.3	9643	9463.9	90.4031	4.10135
XM_026498420.3	472	293.277	0	0
XM_026498421.2	1269	1089.9	0	0
XM_026498422.3	10853	10673.9	0	0
XM_026498423.1	1059	879.905	1	0.487953
XM_026498424.2	1155	975.905	0	0
XM_026498425.1	297	127.649	0	0
XM_026498426.2	1294	1114.9	0	0
XM_026498427.3	9882	9702.9	4.42	0.195584
XM_026498428.1	282	115.361	0	0
XM_026498429.1	355	179.127	0	0
XM_026498430.2	1257	1077.9	0	0
XM_026498431.2	1017	837.905	0	0
XM_026498432.3	1649	1469.9	0	0
XM_026498434.2	500	321.091	0	0
XM_026498435.3	5962	5782.9	150	11.1368
XM_026498436.3	1385	1205.9	3	1.06812
XM_026498439.3	1476	1296.9	0	0
XM_026498441.3	1137	957.905	0	0
XM_026498442.3	1977	1797.9	0	0
XM_026498443.3	6655	6475.9	0	0
XM_026498446.3	8232	8052.9	0	0
XM_026498447.3	8777	8597.9	79.7118	3.98055
XM_026498450.3	5171	4991.9	343	29.5013
XM_026498451.3	3283	3103.9	36	4.97975
XM_026498453.3	11627	11447.9	312.914	11.7358
XM_026498454.3	12287	12107.9	0	0
XM_026498459.3	2267	2087.9	48	9.87061
XM_026498465.3	1974	1794.9	7.41696	1.77418
XM_026498467.3	10991	10811.9	22	0.873643
XM_026498468.3	6793	6613.9	136.989	8.89283
XM_026498477.3	4825	4645.9	308	28.4639
XM_026498478.3	7974	7794.9	6.29191	0.346565
XM_026498479.3	12535	12355.9	527.915	18.3444
XM_026498480.3	12308	12128.9	25	0.884977
XM_026498481.3	17835	17655.9	1.26906e-05	3.08608e-07
XM_026498483.3	17903	17723.9	8.41157e-08	2.03766e-09
XM_026498484.3	18040	17860.9	0	0
XM_026498485.3	17689	17509.9	0.645009	0.015816
XM_026498487.3	17603	17423.9	0	0
XM_026498488.3	16839	16659.9	0	0
XM_026498489.3	5471	5291.9	144.102	11.6915
XM_026498490.3	5346	5166.9	0	0
XM_026498492.3	6804	6624.9	0	0
XM_026498493.3	6724	6544.9	5	0.328005
XM_026498494.3	3657	3477.9	0	0
XM_026498495.3	3943	3763.9	0	0
XM_026498496.3	3567	3387.9	0	0
XM_026498497.3	3569	3389.9	0	0
XM_026498498.3	3551	3371.9	18	2.29198
XM_026498499.3	3521	3341.9	0	0
XM_026498500.3	10312	10132.9	3.5682e-05	1.51192e-06
XM_026498503.3	10219	10039.9	5.99996	0.256586
XM_026498505.3	8109	7929.9	61.9363	3.35344
XM_026498506.3	6148	5968.9	0	0
XM_026498508.3	6085	5905.9	0	0
XM_026498510.3	6030	5850.9	0	0
XM_026498511.3	6028	5848.9	4.74799e-06	3.48537e-07
XM_026498512.3	6028	5848.9	0	0
XM_026498513.3	5967	5787.9	0	0
XM_026498514.3	5964	5784.9	8.17032	0.606396
XM_026498517.3	5856	5676.9	0	0
XM_026498518.3	5846	5666.9	0	0
XM_026498519.3	5844	5664.9	0	0
XM_026498520.3	5793	5613.9	0	0
XM_026498521.3	5676	5496.9	0	0
XM_026498522.3	5670	5490.9	0	0
XM_026498523.3	7556	7376.9	0	0
XM_026498524.3	7553	7373.9	5.14659	0.299664
XM_026498526.3	7547	7367.9	0	0
XM_026498527.3	7499	7319.9	57.226	3.35661
XM_026498528.3	7472	7292.9	0	0
XM_026498529.3	7463	7283.9	0	0
XM_026498530.3	7473	7293.9	0.272321	0.01603
XM_026498531.3	7406	7226.9	32.1653	1.91095
XM_026498532.3	7352	7172.9	0	0
XM_026498533.3	7349	7169.9	0	0
XM_026498534.3	7295	7115.9	0.503041	0.030352
XM_026498535.3	7283	7103.9	0	0
XM_026498536.3	7280	7100.9	0	0
XM_026498537.3	7226	7046.9	0	0
XM_026498538.3	7202	7022.9	0.254152	0.0155378
XM_026498539.3	7142	6962.9	0	0
XM_026498540.3	7133	6953.9	0	0
XM_026498541.3	5713	5533.9	67.8961	5.26777
XM_026498542.3	7137	6957.9	1.51359e-05	9.33992e-07
XM_026498543.3	7076	6896.9	0.000695894	4.33214e-05
XM_026498544.3	6929	6749.9	0	0
XM_026498545.3	6926	6746.9	0	0
XM_026498546.3	6872	6692.9	2.77478e-06	1.78003e-07
XM_026498547.3	2162	1982.9	17.9126	3.87856
XM_026498548.3	2466	2286.9	0	0
XM_026498552.3	6492	6312.9	8.10386	0.551158
XM_026498553.3	3028	2848.9	0	0
XM_026498554.3	5235	5055.9	3.29053	0.279435
XM_026498555.3	1819	1639.9	2.79687	0.732264
XM_026498558.3	4338	4158.9	1	0.103237
XM_026498560.3	1554	1374.9	0	0
XM_026498562.3	768	588.98	51	37.1777
XM_026498564.3	12820	12640.9	0	0
XM_026498565.3	12556	12376.9	180.167	6.24996
XM_026498568.3	1896	1716.9	35	8.75256
XM_026498574.3	8501	8321.9	433.941	22.3883
XM_026498576.3	4805	4625.9	6.01036	0.55785
XM_026498577.3	7130	6950.9	2.98964	0.184667
XM_026498578.3	10148	9968.9	1.76021e-06	7.58106e-08
XM_026498579.3	4430	4250.9	36	3.63609
XM_026498580.3	4498	4318.9	3.64681e-08	3.62537e-09
XM_026498581.3	13858	13678.9	0.000119735	3.75824e-06
XM_026498582.3	13855	13675.9	2.83403e-06	8.89739e-08
XM_026498585.3	13789	13609.9	0.113919	0.00359381
XM_026498587.3	9402	9222.9	0	0
XM_026498589.3	2262	2082.9	0	0
XM_026498590.3	10031	9851.9	8.64202	0.376624
XM_026498591.3	4563	4383.9	44	4.30928
XM_026498592.3	1947	1767.9	190	46.1433
XM_026498593.3	12765	12585.9	225	7.67559
XM_026498594.3	12711	12531.9	0	0
XM_026498595.3	5987	5807.9	0	0
XM_026498598.3	1052	872.905	0	0
XM_026498599.3	3199	3019.9	0	0
XM_026498601.3	19051	18871.9	144.173	3.28005
XM_026498604.3	5177	4997.9	0	0
XM_026498608.3	7442	7262.9	0	0
XM_026498614.3	7621	7441.9	140.547	8.10869
XM_026498619.3	8289	8109.9	11.0276	0.58382
XM_026498622.3	11215	11035.9	0	0
XM_026498624.3	2103	1923.9	2	0.446334
XM_026498626.3	2398	2218.9	172.089	33.2987
XM_026498629.3	1547	1367.9	52.911	16.6075
XM_026498632.3	21155	20975.9	1	0.0204688
XM_026498635.3	2107	1927.9	28	6.23571
XM_026498637.3	4895	4715.9	3	0.27313
XM_026498639.3	4261	4081.9	10	1.05184
XM_026498640.3	8368	8188.9	35.2967	1.85064
XM_026498643.3	6259	6079.9	0	0
XM_026498653.3	4882	4702.9	0.122374	0.0111721
XM_026498657.3	2183	2003.9	16	3.42812
XM_026498658.3	3762	3582.9	32	3.83467
XM_026498659.3	1273	1093.9	8.90159	3.49383
XM_026498660.3	1273	1093.9	2.48991	0.977277
XM_026498661.3	1142	962.905	6.27307	2.79712
XM_026498662.3	410	232.143	564	1043.13
XM_026498663.3	5261	5081.9	0.00684659	0.000578444
XM_026498664.2	1065	885.905	0	0
XM_026498665.3	13725	13545.9	48.2194	1.52836
XM_026498668.3	5698	5518.9	0	0
XM_026498671.3	4698	4518.9	143	13.5868
XM_026498672.3	7392	7212.9	81	4.82157
XM_026498673.3	548	369.056	1939	2255.79
XM_026498675.3	1468	1288.9	0	0
XM_026498676.3	4687	4507.9	8.60846	0.819906
XM_026498688.3	1233	1053.9	31.7883	12.9503
XM_026498689.3	2722	2542.9	29.4623	4.97451
XM_026498694.3	2496	2316.9	0.00294774	0.000546254
XM_026498695.3	1115	935.905	5.37915e-05	2.46772e-05
XM_026498698.3	10768	10588.9	2569	104.166
XM_026498699.3	5906	5726.9	0	0
XM_026498700.3	4735	4555.9	0	0
XM_026498701.3	4732	4552.9	29.8705	2.81687
XM_026498703.3	3064	2884.9	25.2912	3.76402
XM_026498705.3	5081	4901.9	16.0084	1.40215
XM_026498706.3	5737	5557.9	0	0
XM_026498707.3	5658	5478.9	0	0
XM_026498711.3	9070	8890.9	0	0
XM_026498712.3	8528	8348.9	7.42015	0.381589
XM_026498713.3	12624	12444.9	218.868	7.55101
XM_026498714.3	13035	12855.9	0	0
XM_026498715.3	12689	12509.9	0.244184	0.00838063
XM_026498718.3	11135	10955.9	40	1.56756
XM_026498719.3	7741	7561.9	0	0
XM_026498720.3	3277	3097.9	532	73.7322
XM_026498721.3	16958	16778.9	0	0
XM_026498722.3	16878	16698.9	0	0
XM_026498725.3	3131	2951.9	0	0
XM_026498728.3	5316	5136.9	0.00393699	0.00032906
XM_026498729.3	5350	5170.9	54.6271	4.53582
XM_026498731.3	17794	17614.9	423.197	10.3152
XM_026498732.3	17395	17215.9	100.944	2.51747
XM_026498733.3	2371	2191.9	0	0
XM_026498734.3	1763	1583.9	0	0
XM_026498735.3	1901	1721.9	0	0
XM_026498736.3	6483	6303.9	18.5583	1.26399
XM_026498737.3	7043	6863.9	9.4807e-06	5.93038e-07
XM_026498738.3	12565	12385.9	180.147	6.24471
XM_026498739.3	579	399.98	201.483	216.278
XM_026498740.3	4661	4481.9	55.1647	5.2846
XM_026498741.3	8319	8139.9	44	2.32085
XM_026498742.3	4642	4462.9	2	0.192409
XM_026498744.3	521	342.091	43.5174	54.6178
XM_026498745.3	1676	1496.9	18.472	5.29827
XM_026498746.3	1577	1397.9	0	0
XM_026498747.3	4517	4337.9	67.1305	6.64436
XM_026498748.3	14308	14128.9	22.0856	0.671142
XM_026498749.3	1494	1314.9	2	0.653054
XM_026498753.3	4119	3939.9	24.0236	2.61798
XM_026498754.3	2485	2305.9	3	0.55859
XM_026498755.3	3555	3375.9	0	0
XM_026498757.3	2352	2172.9	1	0.197594
XM_026498758.3	10683	10503.9	15	0.613132
XM_026498759.3	6439	6259.9	9	0.617289
XM_026498760.3	4899	4719.9	0.000496706	4.51835e-05
XM_026498761.3	5318	5138.9	1.6305	0.136227
XM_026498762.3	5057	4877.9	0	0
XM_026498764.3	5314	5134.9	4.50443	0.376636
XM_026498765.3	5031	4851.9	0	0
XM_026498766.3	4871	4691.9	1.17026	0.107089
XM_026498768.3	4872	4692.9	0.886136	0.0810722
XM_026498769.3	2316	2136.9	0	0
XM_026498771.3	7599	7419.9	0	0
XM_026498772.3	4019	3839.9	0	0
XM_026498773.3	4460	4280.9	148	14.8436
XM_026498775.3	4213	4033.9	40	4.25743
XM_026498776.3	6089	5909.9	2	0.145299
XM_026498778.3	4815	4635.9	25.0629	2.32119
XM_026498779.3	1918	1738.9	2	0.493819
XM_026498780.3	3117	2937.9	0	0
XM_026498781.3	2944	2764.9	15.3194	2.37889
XM_026498782.3	3070	2890.9	0	0
XM_026498783.3	2817	2637.9	29.574	4.81354
XM_026498784.3	3002	2822.9	0	0
XM_026498785.3	2828	2648.9	0	0
XM_026498786.3	2632	2452.9	3.70783	0.649011
XM_026498787.3	4537	4357.9	1	0.0985226
XM_026498788.3	1875	1695.9	35	8.86095
XM_026498789.3	3513	3333.9	421	54.2179
XM_026498790.3	4806	4626.9	3	0.278384
XM_026498792.3	6586	6406.9	0	0
XM_026498793.3	6370	6190.9	0	0
XM_026498795.3	7215	7035.9	89.5177	5.46264
XM_026498796.3	5329	5149.9	40.854	3.40603
XM_026498797.3	1685	1505.9	27.9097	7.95741
XM_026498798.3	1891	1711.9	11.7062	2.93595
XM_026498799.3	1110	930.905	21.3097	9.82847
XM_026498800.3	873	693.98	1103.69	682.831
XM_026498801.3	1921	1741.9	1	0.246484
XM_026498802.3	7216	7036.9	44.4823	2.71405
XM_026498803.3	956	776.905	0	0
XM_026498805.2	1194	1014.9	0	0
XM_026498809.3	5081	4901.9	109	9.54718
XM_026498810.3	3279	3099.9	109.481	15.1636
XM_026498811.3	3332	3152.9	57.5194	7.8328
XM_026498812.3	8117	7937.9	16	0.865421
XM_026498813.3	5094	4914.9	29	2.53336
XM_026498815.3	10012	9832.9	59.3529	2.59163
XM_026498816.3	10707	10527.9	188	7.66707
XM_026498817.3	8612	8432.9	146.717	7.46995
XM_026498818.3	3092	2912.9	16.8058	2.47712
XM_026498819.3	4809	4629.9	22.3744	2.07488
XM_026498821.3	10119	9939.9	130.344	5.63018
XM_026498822.3	6425	6245.9	198.193	13.624
XM_026498823.3	3026	2846.9	2.90117	0.437536
XM_026498824.3	4358	4178.9	93	9.55507
XM_026498826.3	4331	4151.9	0	0
XM_026498828.3	2374	2194.9	42	8.21575
XM_026498830.3	5362	5182.9	2.99669	0.248246
XM_026498832.3	5470	5290.9	4.68495	0.38018
XM_026498834.3	2774	2594.9	34.9486	5.78258
XM_026498837.3	2915	2735.9	0	0
XM_026498839.3	5814	5634.9	12	0.914341
XM_026498840.3	8449	8269.9	0	0
XM_026498845.3	3260	3080.9	59.4514	8.28509
XM_026498846.3	2834	2654.9	4.54932	0.735718
XM_026498847.3	3207	3027.9	0	0
XM_026498850.3	1254	1074.9	33.9811	13.5732
XM_026498851.3	1897	1717.9	1.85181	0.462817
XM_026498852.3	3153	2973.9	1.36187	0.196617
XM_026498854.3	2827	2647.9	9.09682	1.47503
XM_026498855.3	716	536.98	227	181.502
XM_026498856.3	1500	1320.9	5	1.62522
XM_026498857.3	2035	1855.9	0	0
XM_026498858.3	8773	8593.9	88.6575	4.42933
XM_026498860.3	7385	7205.9	91.3008	5.44001
XM_026498861.3	13684	13504.9	1.64381	0.0522605
XM_026498862.3	6603	6423.9	0	0
XM_026498863.3	2598	2418.9	10	1.77498
XM_026498865.3	13788	13608.9	4.31013	0.135982
XM_026498867.3	13989	13809.9	10.1387	0.315213
XM_026498868.3	2932	2752.9	0	0
XM_026498869.3	7023	6843.9	10.8755	0.682271
XM_026498870.3	7020	6840.9	19.2724	1.20958
XM_026498871.3	11116	10936.9	28.8521	1.13265
XM_026498872.3	5659	5479.9	0	0
XM_026498873.3	5578	5398.9	0	0
XM_026498874.3	5515	5335.9	274.941	22.123
XM_026498875.3	6847	6667.9	229.922	14.8048
XM_026498876.3	5395	5215.9	0	0
XM_026498878.3	5185	5005.9	162.949	13.976
XM_026498879.3	11188	11008.9	195	7.60508
XM_026498881.3	1324	1144.9	31.827	11.9355
XM_026498882.3	1321	1141.9	35.299	13.2723
XM_026498883.3	1306	1126.9	2.17099	0.82715
XM_026498884.3	1303	1123.9	2.40904	0.920295
XM_026498886.3	1395	1215.9	11	3.88424
XM_026498887.3	2190	2010.9	9	1.92161
XM_026498888.3	2134	1954.9	24.0965	5.29226
XM_026498889.3	1712	1532.9	0	0
XM_026498890.3	4154	3974.9	158.508	17.1214
XM_026498892.3	848	668.98	0	0
XM_026498893.3	7179	6999.9	4	0.245347
XM_026498894.3	805	625.98	0	0
XM_026498895.3	21748	21568.9	38.6209	0.76879
XM_026498896.3	3296	3116.9	17.0013	2.34192
XM_026498897.3	10514	10334.9	13	0.54007
XM_026498898.3	2268	2088.9	0	0
XM_026498899.3	9091	8911.9	0	0
XM_026498900.3	9074	8894.9	0	0
XM_026498904.3	9106	8926.9	24.2387	1.1658
XM_026498905.3	9252	9072.9	0	0
XM_026498907.3	2928	2748.9	29.8794	4.66687
XM_026498908.3	1674	1494.9	0	0
XM_026498909.3	2859	2679.9	0	0
XM_026498910.3	2836	2656.9	14.1206	2.28187
XM_026498911.3	2985	2805.9	0	0
XM_026498912.3	1665	1485.9	19	5.49005
XM_026498913.3	1014	834.905	0	0
XM_026498914.3	934	754.98	0	0
XM_026498916.3	10477	10297.9	43.8172	1.82688
XM_026498918.3	10110	9930.9	0	0
XM_026498920.3	10029	9849.9	0	0
XM_026498921.3	1653	1473.9	0	0
XM_026498922.3	4826	4646.9	36.7961	3.39978
XM_026498925.3	654	474.98	7	6.32755
XM_026498927.3	5986	5806.9	7.12518	0.526823
XM_026498929.3	1332	1152.9	0	0
XM_026498930.3	1590	1410.9	0	0
XM_026498931.3	6916	6736.9	0	0
XM_026498932.3	6083	5903.9	0	0
XM_026498933.2	1474	1294.9	0	0
XM_026498934.3	8244	8064.9	57.173	3.04372
XM_026498937.3	8155	7975.9	167.827	9.03432
XM_026498938.3	5262	5082.9	92	7.77122
XM_026498939.3	8482	8302.9	0	0
XM_026498940.3	1308	1128.9	34.2218	13.0154
XM_026498941.3	1189	1009.9	9.77823	4.15713
XM_026498945.3	5694	5514.9	372	28.9613
XM_026498948.3	4502	4322.9	0	0
XM_026498949.3	2403	2223.9	0	0
XM_026498952.3	4838	4658.9	13.5652	1.25014
XM_026498955.3	4412	4232.9	168	17.0406
XM_026498956.3	3446	3266.9	168.21	22.1069
XM_026498957.3	1604	1424.9	265.004	79.8511
XM_026498958.3	1590	1410.9	150.996	45.9494
XM_026498960.3	1644	1464.9	0	0
XM_026498964.3	12336	12156.9	156.729	5.53528
XM_026498965.3	403	225.304	2.29593	4.37526
XM_026498968.2	2463	2283.9	0	0
XM_026498969.3	5179	4999.9	47.9149	4.11455
XM_026498970.3	4885	4705.9	305.085	27.835
XM_026498971.3	12252	12072.9	0	0
XM_026498972.3	4501	4321.9	0	0
XM_026498973.3	1993	1813.9	0	0
XM_026498975.3	2051	1871.9	1	0.229366
XM_026498981.3	5805	5625.9	50.9701	3.88988
XM_026498982.3	5753	5573.9	33.0299	2.54426
XM_026498983.3	5742	5562.9	0	0
XM_026498984.3	5722	5542.9	0	0
XM_026498985.3	11028	10848.9	175	6.92573
XM_026498986.3	11025	10845.9	0	0
XM_026498991.3	5530	5350.9	222	17.8131
XM_026498993.3	622	442.98	0.861262	0.834765
XM_026498995.3	9355	9175.9	21.9966	1.02925
XM_026498996.3	5037	4857.9	0	0
XM_026498997.3	1768	1588.9	0	0
XM_026498998.3	1043	863.905	0	0
XM_026498999.3	5113	4933.9	32.6329	2.83974
XM_026499000.3	4976	4796.9	0.0507032	0.00453824
XM_026499001.3	5867	5687.9	0	0
XM_026499002.3	2389	2209.9	9	1.74857
XM_026499003.3	12335	12155.9	96	3.39076
XM_026499004.3	12428	12248.9	0	0
XM_026499006.3	6877	6697.9	1.13601	0.0728212
XM_026499007.3	6499	6319.9	66.1853	4.49639
XM_026499008.3	6568	6388.9	4.6402e-05	3.11834e-06
XM_026499009.3	6903	6723.9	0	0
XM_026499010.3	5830	5650.9	0	0
XM_026499011.3	6516	6336.9	1.98741	0.134655
XM_026499012.3	6672	6492.9	0	0
XM_026499013.3	6874	6694.9	65.4348	4.19641
XM_026499014.3	15322	15142.9	0	0
XM_026499015.3	15157	14977.9	0	0
XM_026499018.3	5807	5627.9	0	0
XM_026499020.3	5448	5268.9	16	1.30381
XM_026499021.3	4183	4003.9	0	0
XM_026499023.3	5803	5623.9	0	0
XM_026499024.3	4069	3889.9	0	0
XM_026499028.3	4238	4058.9	39.8854	4.21909
XM_026499029.3	1994	1814.9	339	80.1972
XM_026499030.3	5283	5103.9	0	0
XM_026499031.3	4194	4014.9	46.8098	5.00582
XM_026499032.3	3876	3696.9	137.583	15.9787
XM_026499033.3	3928	3748.9	0	0
XM_026499034.3	4055	3875.9	29.6065	3.27965
XM_026499037.3	3411	3231.9	0	0
XM_026499038.3	3658	3478.9	0	0
XM_026499039.3	2292	2112.9	24	4.87691
XM_026499041.3	5650	5470.9	0	0
XM_026499042.3	5340	5160.9	6.00346	0.499447
XM_026499043.3	5228	5048.9	143	12.1605
XM_026499044.3	8138	7958.9	3.47323	0.187367
XM_026499045.3	3555	3375.9	14.5268	1.84753
XM_026499046.3	6213	6033.9	2.56334	0.182399
XM_026499047.3	5405	5225.9	0	0
XM_026499048.3	5279	5099.9	0.000896059	7.54376e-05
XM_026499051.3	4362	4182.9	0	0
XM_026499052.3	4348	4168.9	22	2.26576
XM_026499054.3	948	768.905	0	0
XM_026499055.3	5264	5084.9	0	0
XM_026499059.3	3014	2834.9	0	0
XM_026499061.3	7459	7279.9	19.0594	1.12408
XM_026499063.3	2005	1825.9	90	21.163
XM_026499064.3	1910	1730.9	0	0
XM_026499065.3	4860	4680.9	3.74324	0.343345
XM_026499066.3	4829	4649.9	0	0
XM_026499067.3	5154	4974.9	0	0
XM_026499070.3	10254	10074.9	2	0.085232
XM_026499071.3	1718	1538.9	0	0
XM_026499073.3	5277	5097.9	40.3056	3.39459
XM_026499074.3	1561	1381.9	0	0
XM_026499076.2	792	612.98	0	0
XM_026499077.3	5275	5095.9	20.3719	1.71642
XM_026499078.2	1413	1233.9	0	0
XM_026499079.2	1386	1206.9	0	0
XM_026499080.2	522	343.091	0	0
XM_026499081.3	5193	5013.9	22.9027	1.96121
XM_026499082.2	2055	1875.9	0	0
XM_026499083.3	819	639.98	0	0
XM_026499084.2	1260	1080.9	0	0
XM_026499085.1	462	283.362	0	0
XM_026499086.3	5191	5011.9	11.4197	0.978287
XM_026499087.3	972	792.905	0	0
XM_026499088.3	5043	4863.9	0	0
XM_026499089.1	924	744.98	0	0
XM_026499090.3	1581	1401.9	0	0
XM_026499091.1	1227	1047.9	0	0
XM_026499092.3	5118	4938.9	39	3.39037
XM_026499095.3	1406	1226.9	1	0.349947
XM_026499097.3	1752	1572.9	0	0
XM_026499098.3	4360	4180.9	0	0
XM_026499099.3	2466	2286.9	0	0
XM_026499100.2	1416	1236.9	0	0
XM_026499101.3	1483	1303.9	0	0
XM_026499102.1	513	334.091	0	0
XM_026499108.3	2150	1970.9	21	4.57475
XM_026499109.2	1024	844.905	0	0
XM_026499112.3	8035	7855.9	73	3.9897
XM_026499113.3	16693	16513.9	5.42994	0.141175
XM_026499114.3	1189	1009.9	42.4707	18.0561
XM_026499115.2	2584	2404.9	0	0
XM_026499117.3	4382	4202.9	0	0
XM_026499120.3	6467	6287.9	49	3.34583
XM_026499123.3	5485	5305.9	32	2.58943
XM_026499124.3	5452	5272.9	0	0
XM_026499125.3	5004	4824.9	0	0
XM_026499126.3	4928	4748.9	0	0
XM_026499127.3	4885	4705.9	1.06764e-05	9.74079e-07
XM_026499128.3	4834	4654.9	16	1.47578
XM_026499129.3	6550	6370.9	0	0
XM_026499130.3	2012	1832.9	0	0
XM_026499132.3	6086	5906.9	6.92298e-05	5.03207e-06
XM_026499134.3	2000	1820.9	0	0
XM_026499135.3	1875	1695.9	115.918	29.3469
XM_026499136.2	654	474.98	0	0
XM_026499137.3	6446	6266.9	0	0
XM_026499138.3	3686	3506.9	100	12.243
XM_026499139.3	4850	4670.9	28	2.57377
XM_026499142.3	6887	6707.9	0	0
XM_026499145.3	6072	5892.9	44	3.2058
XM_026499147.3	3611	3431.9	0	0
XM_026499148.3	3877	3697.9	13	1.50939
XM_026499149.3	1886	1706.9	1294	325.491
XM_026499151.3	3592	3412.9	1.7182	0.216154
XM_026499154.3	7508	7328.9	27	1.58175
XM_026499155.3	468	289.277	1074	1594.06
XM_026499156.3	5986	5806.9	4	0.295753
XM_026499157.3	4993	4813.9	0	0
XM_026499166.2	1918	1738.9	0	0
XM_026499169.3	10936	10756.9	89.8523	3.58637
XM_026499170.3	10933	10753.9	22.0466	0.880214
XM_026499171.3	10904	10724.9	0.0212616	0.000851167
XM_026499172.3	10828	10648.9	38.0314	1.53339
XM_026499175.3	4350	4170.9	0	0
XM_026499176.3	4334	4154.9	0	0
XM_026499178.3	4265	4085.9	9	0.945731
XM_026499179.3	720	540.98	44.885	35.6232
XM_026499180.3	4217	4037.9	121.357	12.9039
XM_026499181.3	3641	3461.9	1.07508	0.133334
XM_026499184.3	6293	6113.9	57.4591	4.03509
XM_026499185.3	1521	1341.9	0	0
XM_026499186.3	2636	2456.9	0	0
XM_026499187.3	5874	5694.9	6	0.452354
XM_026499188.3	2397	2217.9	27.9721	5.41497
XM_026499189.3	3820	3640.9	21	2.47641
XM_026499190.2	531	352.091	0	0
XM_026499192.3	8609	8429.9	19	0.967708
XM_026499193.3	4719	4539.9	0	0
XM_026499194.3	4627	4447.9	0	0
XM_026499198.3	4623	4443.9	1.06435e-07	1.02833e-08
XM_026499202.3	2981	2801.9	22	3.37119
XM_026499203.3	1032	852.905	0	0
XM_026499204.3	836	656.98	2	1.30705
XM_026499205.3	1877	1697.9	0	0
XM_026499210.3	4582	4402.9	31.5155	3.07326
XM_026499216.3	10655	10475.9	0	0
XM_026499217.3	10649	10469.9	481.495	19.7453
XM_026499218.3	10614	10434.9	0	0
XM_026499219.3	10608	10428.9	0	0
XM_026499226.3	10724	10544.9	0	0
XM_026499227.3	13670	13490.9	0	0
XM_026499228.3	1727	1547.9	0	0
XM_026499230.2	2619	2439.9	0	0
XM_026499231.3	2017	1837.9	2	0.467219
XM_026499232.2	1066	886.905	0	0
XM_026499234.3	2806	2626.9	0	0
XM_026499236.3	2717	2537.9	0	0
XM_026499237.3	13157	12977.9	59	1.95191
XM_026499238.3	6497	6317.9	21	1.42712
XM_026499239.3	6489	6309.9	0	0
XM_026499240.3	955	775.905	0	0
XM_026499242.3	4988	4808.9	2929.95	261.594
XM_026499243.3	3533	3353.9	0	0
XM_026499244.3	1197	1017.9	2441.82	1029.96
XM_026499246.3	4947	4767.9	166.987	15.0373
XM_026499247.3	4802	4622.9	0.0129821	0.00120571
XM_026499248.3	413	235.073	32	58.4468
XM_026499250.3	10011	9831.9	60.9957	2.66364
XM_026499251.2	723	543.98	0	0
XM_026499252.3	9727	9547.9	0.0429174	0.00192992
XM_026499253.3	9688	9508.9	8.96142	0.404631
XM_026499254.3	4094	3914.9	0	0
XM_026499255.3	3077	2897.9	0	0
XM_026499256.3	7485	7305.9	3.01136	0.176971
XM_026499257.3	4415	4235.9	0	0
XM_026499258.3	3817	3637.9	6	0.708131
XM_026499260.3	2331	2151.9	0	0
XM_026499262.3	1292	1112.9	0	0
XM_026499263.3	9307	9127.9	173.291	8.15115
XM_026499265.3	1519	1339.9	97	31.0822
XM_026499266.3	1346	1166.9	1	0.367941
XM_026499267.3	3630	3450.9	8.00062	0.995415
XM_026499270.3	4834	4654.9	0	0
XM_026499271.3	16140	15960.9	0	0
XM_026499280.2	1734	1554.9	0	0
XM_026499281.2	1701	1521.9	0	0
XM_026499282.2	468	289.277	0	0
XM_026499283.3	5289	5109.9	0	0
XM_026499284.3	9123	8943.9	11.8489	0.568806
XM_026499287.3	4146	3966.9	30.2639	3.27557
XM_026499289.3	1684	1504.9	34	9.70026
XM_026499290.3	1521	1341.9	0	0
XM_026499292.3	15034	14854.9	0	0
XM_026499293.3	14226	14046.9	55.2539	1.68887
XM_026499297.3	9035	8855.9	27	1.30901
XM_026499300.3	19911	19731.9	89	1.93658
XM_026499301.3	3103	2923.9	0	0
XM_026499303.3	10897	10717.9	53.0669	2.12582
XM_026499305.3	3756	3576.9	1	0.120034
XM_026499306.3	7176	6996.9	17.55	1.07692
XM_026499307.3	6985	6805.9	22.4493	1.41622
XM_026499308.3	6351	6171.9	0	0
XM_026499310.3	6295	6115.9	41.5568	2.91739
XM_026499312.3	5608	5428.9	0	0
XM_026499313.3	5781	5601.9	0	0
XM_026499314.3	5471	5291.9	0	0
XM_026499315.3	5534	5354.9	0	0
XM_026499317.3	5398	5218.9	0	0
XM_026499318.3	4803	4623.9	0.175484	0.0162946
XM_026499319.3	4875	4695.9	0	0
XM_026499322.3	4196	4016.9	45.1674	4.82778
XM_026499323.3	6081	5901.9	0	0
XM_026499324.3	735	555.98	0	0
XM_026499325.3	3074	2894.9	129	19.1324
XM_026499327.3	3183	3003.9	0	0
XM_026499329.3	8150	7970.9	0	0
XM_026499330.3	8022	7842.9	10.9594	0.599963
XM_026499331.3	7844	7664.9	0	0
XM_026499334.3	2837	2657.9	5	0.807689
XM_026499340.3	1334	1154.9	2.81682	1.04719
XM_026499341.3	3510	3330.9	0	0
XM_026499342.1	522	343.091	0	0
XM_026499343.3	2155	1975.9	0	0
XM_026499346.3	1833	1653.9	1	0.259599
XM_026499349.3	1576	1396.9	0	0
XM_026499350.3	5994	5814.9	13	0.959874
XM_026499351.3	6120	5940.9	0	0
XM_026499352.3	2978	2798.9	0	0
XM_026499354.3	3292	3112.9	0	0
XM_026499355.3	3087	2907.9	0	0
XM_026499356.3	3138	2958.9	23.031	3.34192
XM_026499357.3	3253	3073.9	8.73593e-05	1.2202e-05
XM_026499358.2	1608	1428.9	0	0
XM_026499359.3	3141	2961.9	102.519	14.861
XM_026499360.3	3461	3281.9	0	0
XM_026499361.3	3414	3234.9	8.21455e-07	1.09027e-07
XM_026499362.3	3409	3229.9	11.04	1.46754
XM_026499364.3	3370	3190.9	0.0047991	0.000645742
XM_026499365.3	2707	2527.9	14.9664	2.54197
XM_026499366.3	6019	5839.9	2.22777	0.163787
XM_026499368.3	12508	12328.9	35.2129	1.22628
XM_026499369.2	1389	1209.9	0	0
XM_026499370.3	1051	871.905	1	0.49243
XM_026499371.3	11852	11672.9	295.805	10.8803
XM_026499372.3	11812	11632.9	42.1953	1.55736
XM_026499373.3	448	269.446	77	122.697
XM_026499374.3	7048	6868.9	7.87729	0.492383
XM_026499376.3	8931	8751.9	1018.64	49.9727
XM_026499377.3	891	711.98	0	0
XM_026499378.3	807	627.98	51.893	35.4794
XM_026499380.3	1374	1194.9	1	0.359319
XM_026499381.2	469	290.277	0	0
XM_026499382.3	3113	2933.9	106	15.5122
XM_026499383.3	6123	5943.9	8.01528	0.578976
XM_026499384.2	1253	1073.9	0	0
XM_026499386.3	4437	4257.9	1.4934e-07	1.50589e-08
XM_026499387.3	4466	4286.9	0	0
XM_026499388.3	5566	5386.9	98	7.81088
XM_026499389.3	9655	9475.9	113	5.12001
XM_026499390.3	6331	6151.9	54.7442	3.82069
XM_026499392.3	2595	2415.9	0	0
XM_026499393.3	11612	11432.9	0	0
XM_026499395.3	2494	2314.9	0	0
XM_026499398.3	3410	3230.9	0	0
XM_026499399.3	4523	4343.9	10.2047	1.00863
XM_026499402.3	2871	2691.9	4.74702	0.757138
XM_026499403.3	8050	7870.9	356	19.4195
XM_026499407.3	11272	11092.9	1.73332e-07	6.70885e-09
XM_026499408.3	10674	10494.9	25.829	1.05668
XM_026499409.3	10672	10492.9	63.0469	2.57977
XM_026499410.3	10626	10446.9	0	0
XM_026499413.3	6862	6682.9	258.184	16.5873
XM_026499414.3	6932	6752.9	0	0
XM_026499417.3	7542	7362.9	10	0.583128
XM_026499418.3	1888	1708.9	9.3284	2.3437
XM_026499419.3	4179	3999.9	521.333	55.9601
XM_026499420.3	6265	6085.9	1.11347	0.0785537
XM_026499421.3	6262	6082.9	207.653	14.6568
XM_026499422.3	5679	5499.9	488.234	38.1141
XM_026499423.3	5133	4953.9	46.1203	3.99722
XM_026499424.3	5601	5421.9	11.5853	0.917419
XM_026499425.3	1841	1661.9	19	4.90864
XM_026499427.3	7748	7568.9	41	2.32576
XM_026499428.3	2997	2817.9	29	4.4186
XM_026499429.3	2999	2819.9	0	0
XM_026499430.3	3224	3044.9	0	0
XM_026499431.3	3822	3642.9	5.11033e-08	6.02302e-09
XM_026499433.3	3771	3591.9	5	0.597666
XM_026499440.3	1669	1489.9	0	0
XM_026499441.3	390	212.589	0	0
XM_026499442.3	5272	5092.9	15	1.26456
XM_026499443.3	6241	6061.9	44	3.11643
XM_026499444.3	2269	2089.9	96	19.7223
XM_026499445.3	3800	3620.9	66.8633	7.92837
XM_026499446.3	3145	2965.9	2.03065e-08	2.93962e-09
XM_026499449.3	27916	27736.9	23.0833	0.357317
XM_026499450.3	10342	10162.9	0	0
XM_026499451.3	10339	10159.9	0	0
XM_026499452.3	10287	10107.9	0	0
XM_026499457.3	10512	10332.9	30.7874	1.27927
XM_026499458.3	10538	10358.9	46.3012	1.91908
XM_026499460.3	2607	2427.9	0	0
XM_026499461.3	960	780.905	4378	2407.08
XM_026499462.3	15410	15230.9	7.94289e-08	2.23906e-09
XM_026499463.3	15242	15062.9	0	0
XM_026499466.3	291	122.777	0	0
XM_026499467.3	1566	1386.9	2	0.619151
XM_026499468.3	5079	4899.9	97.6823	8.55937
XM_026499469.3	5038	4858.9	0	0
XM_026499470.3	4638	4458.9	76.4394	7.36042
XM_026499471.3	7032	6852.9	69.8166	4.37419
XM_026499474.3	2834	2654.9	43.3363	7.00836
XM_026499476.3	6464	6284.9	112.828	7.7078
XM_026499477.3	6414	6234.9	0	0
XM_026499478.3	5467	5287.9	86.1678	6.9964
XM_026499479.3	6493	6313.9	101.785	6.92152
XM_026499481.3	5581	5401.9	0	0
XM_026499482.3	3618	3438.9	0.00421662	0.000526451
XM_026499483.2	1011	831.905	0	0
XM_026499484.3	4151	3971.9	0	0
XM_026499485.3	5492	5312.9	0	0
XM_026499488.3	5406	5226.9	0	0
XM_026499489.3	5644	5464.9	0	0
XM_026499490.3	5568	5388.9	0	0
XM_026499491.3	5620	5440.9	0	0
XM_026499493.3	5466	5286.9	0	0
XM_026499495.3	5699	5519.9	0	0
XM_026499496.3	5378	5198.9	1	0.0825851
XM_026499497.3	8191	8011.9	0.00084301	4.51762e-05
XM_026499498.3	8147	7967.9	1.11411	0.0600339
XM_026499499.3	6063	5883.9	132.773	9.68854
XM_026499500.3	6029	5849.9	25.2268	1.85151
XM_026499502.3	3734	3554.9	0	0
XM_026499503.1	987	807.905	0	0
XM_026499504.3	2020	1840.9	2	0.466458
XM_026499505.3	2067	1887.9	57	12.9631
XM_026499508.3	2172	1992.9	0	0
XM_026499510.3	1672	1492.9	1	0.287595
XM_026499524.3	10477	10297.9	0	0
XM_026499525.3	11215	11035.9	0	0
XM_026499526.2	1602	1422.9	0	0
XM_026499527.3	886	706.98	2	1.21461
XM_026499528.3	5593	5413.9	0	0
XM_026499529.3	3241	3061.9	0.217679	0.0305238
XM_026499530.3	6064	5884.9	5	0.364791
XM_026499532.3	8371	8191.9	0	0
XM_026499533.3	8318	8138.9	1.22766e-06	6.47629e-08
XM_026499534.3	8315	8135.9	1.9862e-06	1.04817e-07
XM_026499535.3	8215	8035.9	20.2897	1.08406
XM_026499536.3	3593	3413.9	0	0
XM_026499538.3	2753	2573.9	19	3.16938
XM_026499540.3	745	565.98	0	0
XM_026499541.3	580	400.98	69.3725	74.281
XM_026499542.3	4111	3931.9	12.7453	1.39175
XM_026499545.3	2877	2697.9	63.222	10.0613
XM_026499546.3	3823	3643.9	12	1.41393
XM_026499548.3	620	440.98	0	0
XM_026499549.3	8472	8292.9	1.03087e-05	5.33717e-07
XM_026499551.3	3424	3244.9	0	0
XM_026499554.3	5134	4954.9	0	0
XM_026499555.3	5079	4899.9	0	0
XM_026499557.3	4700	4520.9	0	0
XM_026499561.3	2839	2659.9	1335	215.491
XM_026499562.3	1289	1109.9	84	32.4943
XM_026499563.3	3226	3046.9	28	3.9456
XM_026499564.3	7473	7293.9	0	0
XM_026499565.3	7383	7203.9	0	0
XM_026499566.3	6156	5976.9	0	0
XM_026499567.3	6066	5886.9	0	0
XM_026499568.3	7701	7521.9	0	0
XM_026499569.3	7683	7503.9	0	0
XM_026499570.3	622	442.98	1	0.969235
XM_026499571.3	7678	7498.9	0	0
XM_026499572.3	7653	7473.9	42.6003	2.44725
XM_026499573.3	7635	7455.9	0	0
XM_026499574.3	7617	7437.9	0	0
XM_026499575.3	7587	7407.9	4.87046	0.282285
XM_026499576.3	7577	7397.9	0	0
XM_026499577.3	7511	7331.9	0	0
XM_026499578.3	7493	7313.9	41.1395	2.41503
XM_026499579.3	8692	8512.9	2.78905e-05	1.40667e-06
XM_026499580.3	36092	35912.9	47.9151	0.572842
XM_026499581.3	7128	6948.9	0	0
XM_026499582.3	7080	6900.9	0	0
XM_026499583.3	7004	6824.9	0	0
XM_026499584.2	563	383.98	0	0
XM_026499585.3	4024	3844.9	19	2.12169
XM_026499586.3	2632	2452.9	0	0
XM_026499587.3	2629	2449.9	0	0
XM_026499588.3	2602	2422.9	0	0
XM_026499589.3	2514	2334.9	19	3.4938
XM_026499590.3	2951	2771.9	17	2.6332
XM_026499592.3	1869	1689.9	52	13.2116
XM_026499594.3	6165	5985.9	2	0.143454
XM_026499595.3	4942	4762.9	5.03478	0.45386
XM_026499596.3	8717	8537.9	50.0143	2.51511
XM_026499597.3	4159	3979.9	28	3.02064
XM_026499598.3	3715	3535.9	0	0
XM_026499599.3	2337	2157.9	31	6.16798
XM_026499601.3	2302	2122.9	42.2169	8.53825
XM_026499604.3	2778	2598.9	41	6.7734
XM_026499609.3	4223	4043.9	202	21.4469
XM_026499610.1	939	759.905	0	0
XM_026499611.1	936	756.98	0	0
XM_026499612.1	966	786.905	0	0
XM_026499613.3	479	300.247	0	0
XM_026499614.2	948	768.905	0	0
XM_026499615.3	2427	2247.9	8555.77	1634.16
XM_026499616.2	699	519.98	0	0
XM_026499617.3	1313	1133.9	0	0
XM_026499618.3	800	620.98	0	0
XM_026499619.3	1410	1230.9	0	0
XM_026499620.2	1131	951.905	0	0
XM_026499621.3	874	694.98	0	0
XM_026499622.3	580	400.98	0	0
XM_026499623.3	1567	1387.9	7	2.16547
XM_026499624.3	2158	1978.9	662	143.63
XM_026499625.3	717	537.98	0	0
XM_026499626.2	840	660.98	0	0
XM_026499627.3	540	361.056	0	0
XM_026499628.2	516	337.091	0	0
XM_026499629.2	507	328.091	0	0
XM_026499630.2	246	88.0663	0	0
XM_026499631.3	2434	2254.9	2.40635e-06	4.58189e-07
XM_026499633.2	939	759.905	0	0
XM_026499634.3	927	747.98	0	0
XM_026499637.2	939	759.905	0	0
XM_026499638.2	939	759.905	0.5	0.282504
XM_026499639.2	933	753.98	0	0
XM_026499641.2	939	759.905	0	0
XM_026499642.3	936	756.98	0	0
XM_026499643.2	936	756.98	0	0
XM_026499644.3	778	598.98	0	0
XM_026499645.3	936	756.98	0	0
XM_026499646.3	936	756.98	3	1.70157
XM_026499648.2	912	732.98	0	0
XM_026499649.2	936	756.98	0	0
XM_026499650.2	729	549.98	0	0
XM_026499651.3	888	708.98	0	0
XM_026499655.1	378	200.901	0	0
XM_026499658.3	456	277.419	0	0
XM_026499665.2	747	567.98	0	0
XM_026499668.2	1385	1205.9	0	0
XM_026499669.3	1313	1133.9	0	0
XM_026499670.3	1309	1129.9	35	13.2996
XM_026499673.3	1177	997.905	62.0183	26.6836
XM_026499675.3	877	697.98	0	0
XM_026499677.3	5477	5297.9	4	0.324167
XM_026499679.3	837	657.98	0	0
XM_026499681.3	4414	4234.9	0	0
XM_026499682.3	670	490.98	0	0
XM_026499684.3	896	716.98	0	0
XM_026499685.3	2329	2149.9	0	0
XM_026499686.3	9349	9169.9	2	0.0936437
XM_026499687.3	2843	2663.9	360	58.0226
XM_026499688.2	829	649.98	0	0
XM_026499690.3	868	688.98	163	101.577
XM_026499693.3	1566	1386.9	0	0
XM_026499694.3	1565	1385.9	0	0
XM_026499695.2	675	495.98	0	0
XM_026499696.3	1554	1374.9	0	0
XM_026499697.3	1552	1372.9	0	0
XM_026499698.3	1534	1354.9	0	0
XM_026499699.3	1522	1342.9	0	0
XM_026499700.3	1520	1340.9	0	0
XM_026499701.3	1494	1314.9	8.13806	2.6573
XM_026499703.3	1529	1349.9	0	0
XM_026499704.3	1325	1145.9	0	0
XM_026499705.3	1399	1219.9	8.9522	3.15077
XM_026499706.3	1343	1163.9	0	0
XM_026499709.3	1056	876.905	0	0
XM_026499710.3	3105	2925.9	22	3.22832
XM_026499711.3	2532	2352.9	21	3.83203
XM_026499714.3	2358	2178.9	45.219	8.91039
XM_026499716.3	8912	8732.9	2.79798	0.137562
XM_026499717.3	4060	3880.9	0	0
XM_026499719.3	3841	3661.9	0	0
XM_026499720.3	3961	3781.9	31.4346	3.56871
XM_026499721.3	4490	4310.9	366.886	36.5406
XM_026499725.3	4923	4743.9	332	30.048
XM_026499726.3	2612	2432.9	25.6289	4.52291
XM_026499727.3	2273	2093.9	11.0134	2.25827
XM_026499728.3	6580	6400.9	9	0.603691
XM_026499729.3	3531	3351.9	1.41957	0.181835
XM_026499730.3	3528	3348.9	4.56705	0.585526
XM_026499731.3	9705	9525.9	192	8.65383
XM_026499732.3	1123	943.905	1	0.454868
XM_026499733.3	11072	10892.9	1.68125	0.0662676
XM_026499734.3	11041	10861.9	69.3188	2.74005
XM_026499735.3	10757	10577.9	0	0
XM_026499736.3	3371	3191.9	215	28.9202
XM_026499737.3	5598	5418.9	0	0
XM_026499738.3	4326	4146.9	8.56676	0.886964
XM_026499739.3	4028	3848.9	20.6853	2.30748
XM_026499740.3	5861	5681.9	9.6631	0.73019
XM_026499742.3	4097	3917.9	75.3683	8.25939
XM_026499743.3	4087	3907.9	0.00011198	1.2303e-05
XM_026499744.2	2235	2055.9	0	0
XM_026499745.2	1926	1746.9	0	0
XM_026499746.3	9465	9285.9	3.68536e-08	1.704e-09
XM_026499747.3	2207	2027.9	37.7523	7.99299
XM_026499748.3	9368	9188.9	3.97115e-05	1.85552e-06
XM_026499749.3	3259	3079.9	53	7.38843
XM_026499750.3	11756	11576.9	75	2.78152
XM_026499751.3	5617	5437.9	166.464	13.1432
XM_026499752.3	5685	5505.9	0	0
XM_026499754.3	5382	5202.9	11.5361	0.951977
XM_026499755.3	3117	2937.9	24	3.50741
XM_026499756.3	6984	6804.9	0	0
XM_026499758.3	1203	1023.9	5	2.09664
XM_026499759.3	3101	2921.9	135.934	19.9744
XM_026499760.3	2885	2705.9	21.0665	3.34266
XM_026499761.3	9690	9510.9	127.525	5.75688
XM_026499764.3	4525	4345.9	32	3.16143
XM_026499766.3	6623	6443.9	8	0.533033
XM_026499767.3	2390	2210.9	0	0
XM_026499768.3	2375	2195.9	0	0
XM_026499771.3	8504	8324.9	44.4573	2.29286
XM_026499772.3	8540	8360.9	1.15715e-06	5.94224e-08
XM_026499774.3	5039	4859.9	3	0.265037
XM_026499775.3	2614	2434.9	115.072	20.2909
XM_026499776.3	2649	2469.9	80.9279	14.068
XM_026499779.3	13791	13611.9	155.599	4.90796
XM_026499780.3	13752	13572.9	29.4012	0.930049
XM_026499781.3	3251	3071.9	24	3.35442
XM_026499785.3	2796	2616.9	0	0
XM_026499786.3	2736	2556.9	61.3843	10.3076
XM_026499787.3	2036	1856.9	74.6157	17.2526
XM_026499788.3	2949	2769.9	738	114.394
XM_026499789.3	1932	1752.9	72	17.6355
XM_026499790.3	8450	8270.9	0	0
XM_026499791.3	3395	3215.9	498	66.4874
XM_026499792.3	8547	8367.9	17.0052	0.872525
XM_026499793.3	14281	14101.9	3.31373	0.100891
XM_026499794.3	15516	15336.9	0	0
XM_026499795.3	12390	12210.9	50.3661	1.77094
XM_026499796.3	13297	13117.9	0	0
XM_026499797.3	1889	1709.9	0	0
XM_026499798.3	1268	1088.9	16.5821	6.53827
XM_026499799.3	1812	1632.9	2.41792	0.635761
XM_026499800.2	593	413.98	0	0
XM_026499802.3	4076	3896.9	8	0.881421
XM_026499804.3	11675	11495.9	37.2218	1.39017
XM_026499806.3	7327	7147.9	397.357	23.868
XM_026499807.3	7456	7276.9	44.6644	2.63529
XM_026499809.3	2898	2718.9	105	16.5809
XM_026499812.3	2008	1828.9	0	0
XM_026499814.3	8752	8572.9	0	0
XM_026499815.3	8725	8545.9	91	4.5719
XM_026499816.3	1305	1125.9	241	91.9028
XM_026499817.3	1836	1656.9	0	0
XM_026499819.3	5021	4841.9	3	0.266023
XM_026499820.3	3753	3573.9	0	0
XM_026499821.3	4681	4501.9	0	0
XM_026499822.3	3543	3363.9	0	0
XM_026499823.3	3579	3399.9	0	0
XM_026499824.3	2569	2389.9	0	0
XM_026499825.3	15480	15300.9	177.696	4.98625
XM_026499828.3	1953	1773.9	21	5.08279
XM_026499831.3	10948	10768.9	78.1683	3.11654
XM_026499833.3	2147	1967.9	0	0
XM_026499834.3	6465	6285.9	16.2894	1.11263
XM_026499835.3	3470	3290.9	25.1413	3.28009
XM_026499836.3	1936	1756.9	21.8587	5.34182
XM_026499837.3	1397	1217.9	38.0894	13.4278
XM_026499838.3	1400	1220.9	6835.91	2403.96
XM_026499839.3	5265	5085.9	24.0198	2.02775
XM_026499840.3	5757	5577.9	74.3691	5.72447
XM_026499841.3	5323	5143.9	0	0
XM_026499842.3	5227	5047.9	15.6111	1.32781
XM_026499843.3	5116	4936.9	0	0
XM_026499844.3	4990	4810.9	6.56733	0.586106
XM_026499845.3	5128	4948.9	13.8935	1.20535
XM_026499846.3	4915	4735.9	0	0
XM_026499847.3	4960	4780.9	29.7354	2.6704
XM_026499849.3	6269	6089.9	9.41739	0.663947
XM_026499851.3	2108	1928.9	39	8.68095
XM_026499852.3	3672	3492.9	12.4106	1.52553
XM_026499853.3	2263	2083.9	139	28.6385
XM_026499854.3	3938	3758.9	0	0
XM_026499856.3	2575	2395.9	0	0
XM_026499857.3	1100	920.905	0	0
XM_026499858.3	768	588.98	12.6651	9.23253
XM_026499859.3	3674	3494.9	23	2.82557
XM_026499860.3	3671	3491.9	0	0
XM_026499861.3	5032	4852.9	0	0
XM_026499862.3	4860	4680.9	37	3.39379
XM_026499864.3	2592	2412.9	100.717	17.9215
XM_026499867.3	2572	2392.9	118.102	21.1907
XM_026499868.3	2366	2186.9	0	0
XM_026499869.3	2184	2004.9	0	0
XM_026499880.3	6528	6348.9	62.9333	4.25594
XM_026499881.3	6525	6345.9	127.067	8.59709
XM_026499882.3	2633	2453.9	109.346	19.1319
XM_026499883.3	2618	2438.9	6.65441	1.17146
XM_026499884.3	6025	5845.9	294.599	21.6368
XM_026499885.3	7141	6961.9	52	3.20692
XM_026499887.3	5292	5112.9	12.3104	1.03375
XM_026499888.3	5753	5573.9	39	3.00413
XM_026499889.3	3719	3539.9	1	0.121289
XM_026499899.3	1120	940.905	22.4041	10.2234
XM_026499900.3	5220	5040.9	18.2997	1.55865
XM_026499901.3	5485	5305.9	0	0
XM_026499902.3	4246	4066.9	101.734	10.7403
XM_026499904.3	3128	2948.9	452.126	65.8282
XM_026499905.3	3125	2945.9	834.448	121.617
XM_026499906.3	3621	3441.9	150	18.7114
XM_026499908.3	1034	854.905	61	30.6355
XM_026499909.3	3105	2925.9	77.5531	11.3803
XM_026499910.3	1775	1595.9	871.447	234.448
XM_026499911.3	3943	3763.9	0	0
XM_026499912.3	2480	2300.9	4.65849	0.86928
XM_026499913.3	2193	2013.9	12.8912	2.74832
XM_026499914.3	1254	1074.9	0	0
XM_026499916.3	966	786.905	0	0
XM_026499917.3	9136	8956.9	46.7034	2.23874
XM_026499924.3	20934	20754.9	23.0661	0.477164
XM_026499925.3	3080	2900.9	47.9999	7.10428
XM_026499926.3	2948	2768.9	0	0
XM_026499927.3	2431	2251.9	0.000121093	2.30878e-05
XM_026499928.3	13146	12966.9	0	0
XM_026499929.3	4059	3879.9	30	3.31981
XM_026499931.3	7483	7303.9	91.4615	5.37646
XM_026499932.3	7004	6824.9	5.53847	0.348423
XM_026499934.3	7141	6961.9	23.3034	1.43716
XM_026499935.3	7228	7048.9	2.13215e-06	1.2987e-07
XM_026499938.3	7628	7448.9	29	1.67155
XM_026499940.3	2849	2669.9	12.1428	1.95271
XM_026499942.3	4576	4396.9	0	0
XM_026499947.2	1437	1257.9	0	0
XM_026499948.3	5422	5242.9	0	0
XM_026499949.2	981	801.905	0	0
XM_026499950.3	5725	5545.9	0	0
XM_026499951.3	5649	5469.9	4.82602	0.378811
XM_026499953.3	3616	3436.9	45	5.62158
XM_026499954.2	1773	1593.9	0	0
XM_026499955.3	3756	3576.9	0	0
XM_026499956.3	3696	3516.9	0	0
XM_026499957.3	1413	1233.9	0	0
XM_026499958.3	3743	3563.9	0	0
XM_026499959.3	4004	3824.9	34	3.81656
XM_026499960.3	6496	6316.9	0	0
XM_026499965.3	13265	13085.9	114.448	3.75507
XM_026499966.3	13098	12918.9	1.13748e-08	3.78034e-10
XM_026499970.3	1566	1386.9	0	0
XM_026499971.2	924	744.98	0	0
XM_026499972.3	2997	2817.9	0	0
XM_026499974.3	4882	4702.9	0	0
XM_026499977.3	10601	10421.9	0	0
XM_026499978.2	2733	2553.9	0	0
XM_026499979.2	924	744.98	0	0
XM_026499980.3	1018	838.905	0	0
XM_026499981.3	943	763.905	3.39318	1.90713
XM_026499982.3	7412	7232.9	52	3.08677
XM_026499983.3	7328	7148.9	0	0
XM_026499991.3	924	744.98	0	0
XM_026499996.3	6840	6660.9	0	0
XM_026499997.3	6193	6013.9	18.3698	1.31148
XM_026499999.3	7413	7233.9	20.4858	1.21589
XM_026500000.3	1369	1189.9	85.3514	30.7973
XM_026500001.3	7533	7353.9	71.9891	4.20302
XM_026500002.3	7349	7169.9	26.3244	1.57637
XM_026500003.3	5596	5416.9	4	0.317046
XM_026500004.3	1499	1319.9	40	13.0116
XM_026500005.3	1734	1554.9	13	3.58966
XM_026500006.3	690	510.98	0	0
XM_026500008.1	705	525.98	0	0
XM_026500011.3	27556	27376.9	115.791	1.81595
XM_026500012.3	6303	6123.9	6	0.420665
XM_026500013.3	3951	3771.9	0	0
XM_026500014.3	5063	4883.9	0	0
XM_026500015.2	963	783.905	0	0
XM_026500016.3	5024	4844.9	64	5.67163
XM_026500017.3	4192	4012.9	1.32411	0.14167
XM_026500018.3	3668	3488.9	611.24	75.2205
XM_026500019.3	5070	4890.9	40	3.51143
XM_026500020.3	10295	10115.9	74	3.1408
XM_026500021.3	5490	5310.9	11	0.889278
XM_026500022.3	5905	5725.9	5.3034	0.397671
XM_026500024.3	2603	2423.9	177	31.3524
XM_026500025.3	3507	3327.9	15.2481	1.96725
XM_026500026.2	975	795.905	0	0
XM_026500028.3	2634	2454.9	0.751869	0.131499
XM_026500029.3	12061	11881.9	82.5132	2.98161
XM_026500030.3	11798	11618.9	4.98801e-05	1.84321e-06
XM_026500031.3	11485	11305.9	69.4868	2.63882
XM_026500032.3	8181	8001.9	46.3212	2.48542
XM_026500034.3	8256	8076.9	0	0
XM_026500035.3	8315	8135.9	42.8519	2.2614
XM_026500038.3	8099	7919.9	0	0
XM_026500039.3	4030	3850.9	2.36185	0.263331
XM_026500040.1	930	750.98	0	0
XM_026500048.3	7310	7130.9	17.568	1.05777
XM_026500049.3	8581	8401.9	0	0
XM_026500050.1	957	777.905	0	0
XM_026500051.3	3471	3291.9	0	0
XM_026500052.3	2504	2324.9	763	140.907
XM_026500053.3	6295	6115.9	0	0
XM_026500057.3	6248	6068.9	51.9196	3.67312
XM_026500058.3	2618	2438.9	18.8062	3.31069
XM_026500060.3	3120	2940.9	3.00249	0.438343
XM_026500061.1	930	750.98	0	0
XM_026500062.3	11189	11009.9	25.902	1.0101
XM_026500063.3	11186	11006.9	27.6559	1.07879
XM_026500064.3	11078	10898.9	57.5231	2.26607
XM_026500065.3	11075	10895.9	61.4143	2.42002
XM_026500068.3	3512	3332.9	1	0.128822
XM_026500069.3	2891	2711.9	0	0
XM_026500071.2	930	750.98	0	0
XM_026500072.3	2066	1886.9	304.887	69.3749
XM_026500073.3	2106	1926.9	87.113	19.4105
XM_026500074.3	1834	1654.9	0	0
XM_026500075.3	3423	3243.9	0	0
XM_026500076.3	3310	3130.9	12	1.6456
XM_026500079.3	3843	3663.9	3.76843	0.441601
XM_026500080.3	2832	2652.9	33.8403	5.47679
XM_026500081.3	10405	10225.9	12.4212	0.521526
XM_026500082.2	969	789.905	0	0
XM_026500083.3	3446	3266.9	0	0
XM_026500084.3	3031	2851.9	13.9797	2.10463
XM_026500086.2	501	322.091	0	0
XM_026500087.3	9127	8947.9	144.763	6.94622
XM_026500088.3	12845	12665.9	88.2583	2.9918
XM_026500090.3	7558	7378.9	32.0822	1.86675
XM_026500092.3	7592	7412.9	4	0.231678
XM_026500094.3	4854	4674.9	90	8.26577
XM_026500095.3	966	786.905	41	22.3705
XM_026500098.3	6491	6311.9	618.338	42.0609
XM_026500099.3	6461	6281.9	0.000122461	8.36988e-06
XM_026500100.3	2145	1965.9	1	0.218399
XM_026500102.3	6982	6802.9	0	0
XM_026500104.3	6284	6104.9	10	0.70329
XM_026500105.3	7169	6989.9	109.091	6.70089
XM_026500106.3	4209	4029.9	88.7031	9.45055
XM_026500107.3	8277	8097.9	20.6202	1.09329
XM_026500108.3	6982	6802.9	256.593	16.1944
XM_026500109.2	3556	3376.9	0	0
XM_026500110.3	4726	4546.9	7.03792	0.664571
XM_026500111.3	10935	10755.9	0	0
XM_026500112.3	10866	10686.9	0	0
XM_026500114.3	2109	1929.9	0	0
XM_026500116.3	1485	1305.9	17.914	5.88971
XM_026500117.3	2347	2167.9	0	0
XM_026500118.3	1307	1127.9	0	0
XM_026500119.3	1136	956.905	4.08603	1.83335
XM_026500120.3	9045	8865.9	3.1158	0.15089
XM_026500121.3	7661	7481.9	39	2.23803
XM_026500122.3	10263	10083.9	0	0
XM_026500123.3	10245	10065.9	0	0
XM_026500124.3	9739	9559.9	57.9187	2.60123
XM_026500125.3	12082	11902.9	68.0045	2.453
XM_026500126.3	11987	11807.9	171.409	6.23266
XM_026500127.3	11226	11046.9	0	0
XM_026500128.3	16980	16800.9	10.3814	0.265301
XM_026500129.3	12943	12763.9	0	0
XM_026500131.3	8140	7960.9	18.0524	0.97361
XM_026500132.3	8037	7857.9	0	0
XM_026500133.3	2896	2716.9	3.42898	0.541881
XM_026500135.3	2751	2571.9	0	0
XM_026500136.3	3086	2906.9	20.7142	3.05951
XM_026500137.3	2833	2653.9	0	0
XM_026500139.3	3236	3056.9	0	0
XM_026500140.3	7759	7579.9	173	9.79932
XM_026500141.3	3325	3145.9	1	0.13648
XM_026500142.3	2884	2704.9	32	5.07939
XM_026500143.3	1228	1048.9	71	29.0627
XM_026500144.3	1610	1430.9	34	10.2019
XM_026500145.3	1568	1388.9	0	0
XM_026500147.3	2218	2038.9	0	0
XM_026500148.3	1343	1163.9	41	15.1245
XM_026500149.3	696	516.98	45	37.3725
XM_026500150.3	4657	4477.9	0	0
XM_026500151.3	3686	3506.9	19	2.32618
XM_026500153.3	2755	2575.9	75.0609	12.5112
XM_026500154.3	4342	4162.9	0	0
XM_026500155.3	2583	2403.9	1.36428	0.243669
XM_026500156.3	2587	2407.9	45.5748	8.12642
XM_026500158.3	2204	2024.9	7	1.48425
XM_026500161.3	1964	1784.9	7	1.68382
XM_026500166.3	2862	2682.9	4	0.64013
XM_026500167.3	2579	2399.9	0	0
XM_026500168.3	987	807.905	0	0
XM_026500172.3	3425	3245.9	0	0
XM_026500175.3	4363	4183.9	0	0
XM_026500176.3	4177	3997.9	0.110025	0.011816
XM_026500177.3	4348	4168.9	0	0
XM_026500178.3	1751	1571.9	207.907	56.788
XM_026500179.3	1837	1657.9	27.0929	7.01633
XM_026500180.3	2924	2744.9	81	12.6698
XM_026500181.3	698	518.98	18	14.8914
XM_026500183.3	2471	2291.9	0	0
XM_026500186.3	3680	3500.9	1	0.12264
XM_026500187.3	5127	4947.9	1	0.0867745
XM_026500189.3	3580	3400.9	253.76	32.0362
XM_026500192.3	3364	3184.9	0	0
XM_026500194.3	3322	3142.9	127.846	17.465
XM_026500195.3	3473	3293.9	131.974	17.2025
XM_026500197.3	3649	3469.9	0	0
XM_026500200.3	3268	3088.9	0	0
XM_026500201.3	3262	3082.9	0	0
XM_026500202.3	3220	3040.9	0	0
XM_026500203.2	330	156.434	0	0
XM_026500204.3	3166	2986.9	0	0
XM_026500205.3	1661	1481.9	1536.09	445.05
XM_026500207.3	2164	1984.9	121	26.1733
XM_026500208.3	983	803.905	13	6.94308
XM_026500209.3	1651	1471.9	0	0
XM_026500210.3	14972	14792.9	0	0
XM_026500211.3	14967	14787.9	358	10.3942
XM_026500212.3	5046	4866.9	28	2.47012
XM_026500213.3	3127	2947.9	0	0
XM_026500214.3	1803	1623.9	40	10.5758
XM_026500216.3	3952	3772.9	2	0.227598
XM_026500217.3	798	618.98	0	0
XM_026500218.3	6360	6180.9	29	2.01446
XM_026500219.3	3852	3672.9	0	0
XM_026500222.3	1442	1262.9	0	0
XM_026500223.3	612	432.98	0	0
XM_026500227.3	1376	1196.9	0	0
XM_026500228.3	1292	1112.9	0	0
XM_026500229.3	5379	5199.9	1	0.0825692
XM_026500232.3	1529	1349.9	3	0.954183
XM_026500233.3	1612	1432.9	9.40702e-07	2.8187e-07
XM_026500234.3	3083	2903.9	2.8668	0.423866
XM_026500238.3	2070	1890.9	10.0523	2.28249
XM_026500239.3	789	609.98	0	0
XM_026500241.3	3998	3818.9	285.991	32.1535
XM_026500242.3	1829	1649.9	7039	1831.75
XM_026500248.3	8593	8413.9	73	3.72511
XM_026500252.3	2482	2302.9	4.39541	0.819477
XM_026500255.3	1529	1349.9	50	15.903
XM_026500256.3	2733	2553.9	0	0
XM_026500257.3	1284	1104.9	0	0
XM_026500258.3	4716	4536.9	8	0.757083
XM_026500259.3	6331	6151.9	5.5283	0.38583
XM_026500262.3	1522	1342.9	0	0
XM_026500263.3	4554	4374.9	0	0
XM_026500264.3	4551	4371.9	0	0
XM_026500265.3	4542	4362.9	0.618514	0.0608677
XM_026500266.3	4566	4386.9	0	0
XM_026500267.3	4527	4347.9	0	0
XM_026500268.3	4524	4344.9	0	0
XM_026500269.3	4529	4349.9	30.3815	2.99877
XM_026500270.3	4537	4357.9	0	0
XM_026500273.3	2861	2681.9	14.2421	2.28004
XM_026500275.3	2503	2323.9	3.90817e-05	7.22053e-06
XM_026500276.3	2996	2816.9	2297	350.108
XM_026500277.3	3432	3252.9	121.889	16.0882
XM_026500278.3	3291	3111.9	151.111	20.8489
XM_026500279.3	4295	4115.9	57	5.94597
XM_026500281.3	2025	1845.9	0	0
XM_026500284.3	1012	832.905	126	64.9514
XM_026500285.3	1203	1023.9	0	0
XM_026500286.3	4529	4349.9	0	0
XM_026500288.3	4445	4265.9	0	0
XM_026500290.3	4187	4007.9	154.048	16.5026
XM_026500291.3	878	698.98	11448.1	7032.08
XM_026500292.3	826	646.98	3791.85	2516.37
XM_026500293.3	957	777.905	107.646	59.4133
XM_026500294.3	920	740.98	232.354	134.635
XM_026500295.3	1104	924.905	0	0
XM_026500296.3	7069	6889.9	12.4908	0.778376
XM_026500297.3	2996	2816.9	24	3.65807
XM_026500298.3	5856	5676.9	135	10.2102
XM_026500300.3	517	338.091	924	1173.42
XM_026500302.3	7703	7523.9	0	0
XM_026500303.3	11140	10960.9	0	0
XM_026500305.3	8832	8652.9	0	0
XM_026500306.3	4240	4060.9	24.7114	2.61269
XM_026500308.3	1002	822.905	59.8998	31.2529
XM_026500311.3	2728	2548.9	0	0
XM_026500313.3	2665	2485.9	4	0.690858
XM_026500314.3	2165	1985.9	6.99262	1.5118
XM_026500316.3	2409	2229.9	4.6903	0.903084
XM_026500317.3	2264	2084.9	6.3097	1.29938
XM_026500318.3	1527	1347.9	3.01124	0.959179
XM_026500319.3	1218	1038.9	14.9888	6.19446
XM_026500321.3	2377	2197.9	5	0.97673
XM_026500322.2	2474	2294.9	0	0
XM_026500323.3	2195	2015.9	15	3.19473
XM_026500324.3	4000	3820.9	135	15.1698
XM_026500325.3	7595	7415.9	20.5932	1.19226
XM_026500326.3	570	390.98	1	1.09814
XM_026500327.3	907	727.98	258	152.165
XM_026500328.2	2307	2127.9	3	0.605317
XM_026500330.3	586	406.98	243	256.358
XM_026500331.3	4203	4023.9	0	0
XM_026500332.3	4155	3975.9	31.7142	3.42477
XM_026500333.3	4143	3963.9	116.688	12.6391
XM_026500334.3	3766	3586.9	1	0.1197
XM_026500335.2	639	459.98	0	0
XM_026500338.3	845	665.98	0	0
XM_026500340.2	745	565.98	4	3.03439
XM_026500341.2	577	397.98	0	0
XM_026500342.3	948	768.905	0	0
XM_026500343.2	960	780.905	0	0
XM_026500344.3	951	771.905	0	0
XM_026500345.3	933	753.98	0	0
XM_026500346.2	960	780.905	0	0
XM_026500349.2	621	441.98	0	0
XM_026500350.2	948	768.905	0	0
XM_026500352.3	3070	2890.9	0	0
XM_026500353.2	396	218.393	1	1.96596
XM_026500356.3	4899	4719.9	0	0
XM_026500357.3	540	361.056	0	0
XM_026500358.3	588	408.98	0	0
XM_026500360.2	480	301.247	0	0
XM_026500361.2	3633	3453.9	1	0.124309
XM_026500362.2	459	280.391	0	0
XM_026500363.2	483	304.217	0	0
XM_026500365.3	736	556.98	38597	29752.8
XM_026500366.3	669	489.98	1	0.876264
XM_026500367.3	1780	1600.9	0	0
XM_026500368.2	444	265.446	1	1.61747
XM_026500369.3	2017	1837.9	523	122.178
XM_026500370.3	537	358.056	0	0
XM_026500372.3	434	255.706	0	0
XM_026500373.2	705	525.98	0	0
XM_026500374.2	603	423.98	0	0
XM_026500375.3	399	221.393	1	1.93932
XM_026500377.2	936	756.98	0	0
XM_026500378.2	762	582.98	0	0
XM_026500379.3	939	759.905	0	0
XM_026500380.3	939	759.905	0	0
XM_026500383.2	705	525.98	0	0
XM_026500384.2	663	483.98	0	0
XM_026500385.3	5520	5340.9	0	0
XM_026500386.3	1601	1421.9	2	0.603911
XM_026500387.2	822	642.98	1	0.667753
XM_026500388.3	4066	3886.9	37	4.08706
XM_026500389.2	282	115.361	0	0
XM_026500390.3	1209	1029.9	0	0
XM_026500392.3	2098	1918.9	0	0
XM_026500393.2	972	792.905	0	0
XM_026500396.3	1938	1758.9	34	8.29946
XM_026500398.2	2487	2307.9	24	4.46485
XM_026500402.2	486	307.217	0	0
XM_026500404.2	885	705.98	0	0
XM_026500406.3	787	607.98	0	0
XM_026500408.3	2110	1930.9	54	12.0073
XM_026500411.3	2425	2245.9	0	0
XM_026500412.3	2257	2077.9	262.458	54.2309
XM_026500413.3	954	774.905	9.72646	5.38915
XM_026500414.3	933	753.98	2.81599	1.60356
XM_026500415.3	2034	1854.9	23	5.32377
XM_026500416.3	1160	980.905	0	0
XM_026500418.2	351	175.486	0	0
XM_026500419.3	2498	2318.9	130.576	24.1765
XM_026500420.3	3072	2892.9	33.7641	5.01112
XM_026500421.3	2144	1964.9	39.2359	8.57345
XM_026500422.3	1669	1489.9	32	9.22157
XM_026500424.3	3280	3100.9	5.80529e-08	8.03801e-09
XM_026500426.3	3232	3052.9	40.311	5.66922
XM_026500431.3	1467	1287.9	0	0
XM_026500432.3	3997	3817.9	36	4.04847
XM_026500442.3	1230	1050.9	34	13.8909
XM_026500443.3	5366	5186.9	24	1.98663
XM_026500445.3	2222	2042.9	103	21.6472
XM_026500446.2	792	612.98	0	0
XM_026500447.3	2355	2175.9	1027	202.649
XM_026500448.3	6535	6355.9	69	4.66106
XM_026500449.3	5091	4911.9	103.442	9.04191
XM_026500450.3	2053	1873.9	0	0
XM_026500452.3	4625	4445.9	7	0.676007
XM_026500453.2	4432	4252.9	0	0
XM_026500455.3	7740	7560.9	0	0
XM_026500462.3	898	718.98	35	20.9009
XM_026500463.2	1098	918.905	24	11.2138
XM_026500464.3	4063	3883.9	17	1.87929
XM_026500465.3	3681	3501.9	0	0
XM_026500466.3	1951	1771.9	56	13.5694
XM_026500467.3	1504	1324.9	0	0
XM_026500468.3	2124	1944.9	0	0
XM_026500469.3	1431	1251.9	0	0
XM_026500470.3	1466	1286.9	0	0
XM_026500471.3	2613	2433.9	0	0
XM_026500473.3	1498	1318.9	47.6451	15.5102
XM_026500474.3	2112	1932.9	32	7.10809
XM_026500475.2	791	611.98	37	25.9584
XM_026500477.3	593	413.98	8	8.29705
XM_026500478.3	4114	3934.9	15	1.63671
XM_026500479.3	4039	3859.9	10.1863	1.13306
XM_026500480.3	2245	2065.9	1	0.207828
XM_026500481.3	903	723.98	2	1.18609
XM_026500482.2	876	696.98	0	0
XM_026500483.3	1218	1038.9	0	0
XM_026500484.3	1220	1040.9	72	29.6985
XM_026500485.3	3654	3474.9	156.931	19.3901
XM_026500486.3	3344	3164.9	80.0688	10.8622
XM_026500487.3	1070	890.905	21	10.1205
XM_026500488.3	2530	2350.9	5	0.913163
XM_026500489.2	3087	2907.9	24	3.5436
XM_026500490.3	5054	4874.9	22	1.93763
XM_026500492.3	2296	2116.9	0	0
XM_026500496.3	4625	4445.9	2	0.193145
XM_026500498.2	670	490.98	1618	1414.91
XM_026500499.2	1929	1749.9	0	0
XM_026500500.3	1014	834.905	45	23.1414
XM_026500504.3	2140	1960.9	0.0246432	0.00539579
XM_026500505.3	4904	4724.9	7.14812	0.649549
XM_026500506.3	2260	2080.9	56.8519	11.7302
XM_026500508.2	2106	1926.9	0	0
XM_026500513.3	5339	5159.9	0	0
XM_026500514.3	5363	5183.9	0	0
XM_026500515.3	5318	5138.9	0	0
XM_026500519.3	5127	4947.9	0	0
XM_026500520.3	5124	4944.9	0	0
XM_026500523.3	3644	3464.9	16	1.98263
XM_026500524.3	1170	990.905	4	1.73317
XM_026500526.3	1978	1798.9	21	5.01216
XM_026500527.3	818	638.98	15	10.079
XM_026500528.3	3831	3651.9	19	2.23382
XM_026500529.3	1197	1017.9	0	0
XM_026500531.3	1243	1063.9	54	21.7924
XM_026500532.3	5644	5464.9	167.362	13.1488
XM_026500533.3	5681	5501.9	39.1614	3.05603
XM_026500534.3	1298	1118.9	0	0
XM_026500535.3	3835	3655.9	1	0.117441
XM_026500537.3	2218	2038.9	0	0
XM_026500538.3	1964	1784.9	10	2.40546
XM_026500540.3	4074	3894.9	88	9.70061
XM_026500544.1	1101	921.905	0	0
XM_026500546.3	1511	1331.9	8.47497	2.73199
XM_026500548.2	1852	1672.9	38.9489	9.99626
XM_026500549.3	1855	1675.9	100.051	25.6322
XM_026500550.3	1847	1667.9	59.1038	15.2145
XM_026500551.3	606	426.98	928.945	934.104
XM_026500552.3	613	433.98	3451.06	3414.25
XM_026500553.3	752	572.98	57.7526	43.2758
XM_026500554.3	771	591.98	11.2474	8.15752
XM_026500555.3	1666	1486.9	1	0.288756
XM_026500556.2	1353	1173.9	0	0
XM_026500557.3	4063	3883.9	15	1.6582
XM_026500559.3	2098	1918.9	9	2.01374
XM_026500563.3	2497	2317.9	54	10.0026
XM_026500564.3	5914	5734.9	87.9664	6.58573
XM_026500565.3	5878	5698.9	0.0336194	0.00253287
XM_026500566.3	1163	983.905	7	3.05463
XM_026500567.3	1124	944.905	22	9.9965
XM_026500568.2	1463	1283.9	0	0
XM_026500569.3	1142	962.905	186	82.936
XM_026500570.3	1837	1657.9	31.0504	8.04121
XM_026500571.3	1745	1565.9	8.94958	2.45386
XM_026500572.3	1572	1392.9	68.3361	21.0641
XM_026500573.3	1551	1371.9	22.6639	7.09291
XM_026500575.3	3664	3484.9	160.395	19.7612
XM_026500580.3	2097	1917.9	9	2.01479
XM_026500584.3	3031	2851.9	157	23.6362
XM_026500586.3	1840	1660.9	114.949	29.7149
XM_026500587.3	1786	1606.9	0	0
XM_026500588.3	1073	893.905	7	3.36217
XM_026500589.3	711	531.98	2	1.61416
XM_026500590.3	1967	1787.9	0	0
XM_026500594.3	871	691.98	0	0
XM_026500597.2	490	311.186	9	12.4176
XM_026500598.3	1326	1146.9	0	0
XM_026500599.3	4077	3897.9	0	0
XM_026500600.3	225	74.0685	0	0
XM_026500601.3	1302	1122.9	0	0
XM_026500602.3	1514	1334.9	0	0
XM_026500603.3	1399	1219.9	0	0
XM_026500604.3	2121	1941.9	30	6.63295
XM_026500606.3	5592	5412.9	103.501	8.20971
XM_026500607.3	5589	5409.9	74.4989	5.91253
XM_026500608.3	5949	5769.9	53	3.94385
XM_026500609.3	6074	5894.9	0	0
XM_026500616.3	1308	1128.9	4	1.5213
XM_026500618.3	545	366.056	409	479.722
XM_026500619.3	4193	4013.9	2	0.213932
XM_026500620.3	1396	1216.9	2	0.705646
XM_026500621.3	1713	1533.9	0	0
XM_026500622.3	3450	3270.9	6	0.787584
XM_026500625.3	2187	2007.9	0	0
XM_026500628.3	4901	4721.9	3	0.272783
XM_026500629.3	3564	3384.9	55.7041	7.06568
XM_026500630.3	2630	2450.9	5	0.875905
XM_026500631.3	3321	3141.9	22.2316	3.03802
XM_026500633.3	3150	2970.9	16.7684	2.42336
XM_026500634.3	3379	3199.9	0	0
XM_026500635.3	6017	5837.9	29	2.13282
XM_026500636.3	1665	1485.9	0	0
XM_026500637.3	6218	6038.9	48	3.41269
XM_026500639.3	4528	4348.9	2	0.197453
XM_026500640.3	5705	5525.9	85	6.60433
XM_026500641.3	6560	6380.9	126	8.47816
XM_026500642.3	3644	3464.9	20	2.47829
XM_026500643.2	3328	3148.9	4.94676e-06	6.74489e-07
XM_026500645.3	2396	2216.9	0	0
XM_026500646.3	1526	1346.9	18	5.73785
XM_026500649.3	7224	7044.9	1212.07	73.8694
XM_026500650.3	7206	7026.9	28.8637	1.7636
XM_026500651.3	1214	1034.9	0	0
XM_026500652.3	6848	6668.9	0	0
XM_026500653.3	3782	3602.9	1	0.119168
XM_026500654.3	3831	3651.9	2.20804e-08	2.59598e-09
XM_026500664.3	4084	3904.9	0	0
XM_026500665.3	4230	4050.9	6	0.635935
XM_026500666.3	3125	2945.9	3	0.437236
XM_026500668.3	1419	1239.9	0	0
XM_026500669.3	1676	1496.9	0	0
XM_026500672.3	2338	2158.9	3	0.596625
XM_026500673.3	5130	4950.9	0	0
XM_026500674.1	378	200.901	0	0
XM_026500675.3	1496	1316.9	675.689	220.296
XM_026500676.3	3532	3352.9	5	0.640269
XM_026500677.3	4642	4462.9	0	0
XM_026500678.2	490	311.186	0	0
XM_026500682.3	2160	1980.9	0	0
XM_026500686.2	744	564.98	0	0
XM_026500687.3	949	769.905	14142	7886.56
XM_026500695.3	3695	3515.9	7	0.854819
XM_026500696.3	3799	3619.9	0	0
XM_026500697.3	5109	4929.9	107.253	9.34083
XM_026500698.3	9086	8906.9	77.4513	3.7335
XM_026500699.3	7591	7411.9	101.549	5.88244
XM_026500701.3	6480	6300.9	0	0
XM_026500703.3	4659	4479.9	0	0
XM_026500704.3	4624	4444.9	30	2.89783
XM_026500705.3	4519	4339.9	0	0
XM_026500708.3	5227	5047.9	40	3.40222
XM_026500710.3	4408	4228.9	74	7.51307
XM_026500712.3	2702	2522.9	2.76461	0.470486
XM_026500714.3	5477	5297.9	114	9.23877
XM_026500715.3	4216	4036.9	0	0
XM_026500716.3	4074	3894.9	55.5036	6.1184
XM_026500718.3	3937	3757.9	1.86381	0.212945
XM_026500728.3	2594	2414.9	2	0.355585
XM_026500739.3	5491	5311.9	0	0
XM_026500740.3	5482	5302.9	0	0
XM_026500741.3	5529	5349.9	0	0
XM_026500742.3	5702	5522.9	55.0027	4.27592
XM_026500743.3	6647	6467.9	0	0
XM_026500750.3	7095	6915.9	14	0.869145
XM_026500756.3	2454	2274.9	24.5032	4.62459
XM_026500759.3	2336	2156.9	0	0
XM_026500761.3	4218	4038.9	78	8.29172
XM_026500763.3	4258	4078.9	0	0
XM_026500764.3	945	765.905	10	5.60581
XM_026500765.3	1054	874.905	1.4209e-08	6.97293e-09
XM_026500766.3	2336	2156.9	6.13383	1.221
XM_026500767.3	1775	1595.9	44.8662	12.0705
XM_026500768.3	4910	4730.9	0	0
XM_026500769.3	4857	4677.9	0	0
XM_026500771.3	4863	4683.9	0	0
XM_026500774.3	1651	1471.9	987.023	287.913
XM_026500775.3	1650	1470.9	653.977	190.894
XM_026500777.3	11645	11465.9	2	0.0748919
XM_026500778.3	2718	2538.9	6	1.01465
XM_026500779.3	3208	3028.9	0	0
XM_026500784.3	5780	5600.9	3	0.229973
XM_026500785.3	2602	2422.9	14.2135	2.51871
XM_026500786.3	4924	4744.9	1.79245	0.162194
XM_026500787.3	2599	2419.9	0	0
XM_026500788.3	3354	3174.9	2541	343.627
XM_026500790.3	7298	7118.9	310	18.6966
XM_026500791.3	9484	9304.9	3.59572	0.165916
XM_026500792.3	4787	4607.9	0	0
XM_026500794.3	4044	3864.9	28	3.11052
XM_026500795.3	4270	4090.9	3.88683	0.407934
XM_026500796.3	3226	3046.9	0	0
XM_026500798.3	1673	1493.9	29.5863	8.50318
XM_026500799.3	1808	1628.9	1518.61	400.281
XM_026500800.3	1739	1559.9	750.387	206.538
XM_026500801.2	360	183.852	0	0
XM_026500802.3	1719	1539.9	27	7.52807
XM_026500804.3	1798	1618.9	131.138	34.7793
XM_026500805.3	4891	4711.9	0	0
XM_026500806.3	4888	4708.9	0	0
XM_026500807.3	4888	4708.9	0	0
XM_026500808.3	4885	4705.9	0	0
XM_026500809.3	4882	4702.9	0	0
XM_026500810.3	4829	4649.9	0	0
XM_026500811.3	4750	4570.9	0	0
XM_026500813.3	4741	4561.9	0	0
XM_026500814.3	4738	4558.9	0	0
XM_026500815.3	4736	4556.9	0	0
XM_026500816.3	402	224.304	0	0
XM_026500817.3	4733	4553.9	0	0
XM_026500818.3	4584	4404.9	18.263	1.78012
XM_026500819.3	2479	2299.9	355	66.2723
XM_026500820.3	5637	5457.9	198	15.5759
XM_026500822.3	7857	7677.9	21	1.17433
XM_026500824.3	2058	1878.9	0	0
XM_026500825.3	2817	2637.9	49	7.97536
XM_026500826.3	2958	2778.9	0	0
XM_026500827.3	2655	2475.9	0	0
XM_026500830.3	2719	2539.9	0	0
XM_026500831.3	3129	2949.9	246	35.8047
XM_026500832.3	2965	2785.9	0	0
XM_026500834.3	1850	1670.9	0	0
XM_026500835.3	1126	946.905	1	0.453427
XM_026500836.3	1359	1179.9	133	48.397
XM_026500837.3	2090	1910.9	4	0.898741
XM_026500838.3	2116	1936.9	63	13.9652
XM_026500839.3	1999	1819.9	128.192	30.2429
XM_026500840.3	1897	1717.9	20.8085	5.20062
XM_026500842.3	2214	2034.9	6.20355	1.30891
XM_026500843.3	2176	1996.9	110.165	23.6865
XM_026500844.3	7631	7451.9	0	0
XM_026500848.3	7630	7450.9	14.8721	0.85699
XM_026500850.3	2483	2303.9	66.1348	12.3248
XM_026500851.3	2679	2499.9	0	0
XM_026500852.3	2639	2459.9	1	0.17454
XM_026500853.3	4280	4100.9	84.8275	8.88117
XM_026500854.2	1611	1431.9	0	0
XM_026500855.3	4484	4304.9	0	0
XM_026500856.3	4274	4094.9	3.19256	0.33474
XM_026500858.3	4199	4019.9	119.576	12.7715
XM_026500859.3	3004	2824.9	2	0.303976
XM_026500861.3	4776	4596.9	0	0
XM_026500862.3	4434	4254.9	0	0
XM_026500863.3	1322	1142.9	17	6.38634
XM_026500864.3	3387	3207.9	0	0
XM_026500866.3	2996	2816.9	0	0
XM_026500867.3	1037	857.905	2	1.00093
XM_026500868.3	2388	2208.9	2	0.388746
XM_026500872.3	1524	1344.9	0	0
XM_026500876.3	3757	3577.9	72.852	8.7423
XM_026500877.3	3891	3711.9	0	0
XM_026500878.3	3786	3606.9	0	0
XM_026500879.3	13053	12873.9	3.357	0.111958
XM_026500880.3	933	753.98	0	0
XM_026500881.3	2114	1934.9	5.81696	1.29077
XM_026500883.3	4165	3985.9	76	8.18653
XM_026500886.3	4112	3932.9	0	0
XM_026500887.3	4018	3838.9	24	2.68422
XM_026500889.3	5311	5131.9	26.7525	2.2382
XM_026500890.3	3463	3283.9	0	0
XM_026500891.3	1545	1365.9	81.7312	25.691
XM_026500892.3	1435	1255.9	32.6142	11.1497
XM_026500893.3	2276	2096.9	75	15.3566
XM_026500895.3	700	520.98	2.86646	2.36232
XM_026500896.3	586	406.98	1.94423e-05	2.0511e-05
XM_026500897.3	582	402.98	7.70263	8.2067
XM_026500898.3	1902	1722.9	0	0
XM_026500901.3	1469	1289.9	2	0.665711
XM_026500902.3	2298	2118.9	3	0.607888
XM_026500906.3	4890	4710.9	46.9908	4.28274
XM_026500907.3	4814	4634.9	0.00922927	0.000854948
XM_026500908.3	5110	4930.9	0	0
XM_026500909.3	2313	2133.9	0	0
XM_026500912.3	1746	1566.9	120	32.8815
XM_026500913.3	2854	2674.9	0	0
XM_026500914.3	2568	2388.9	10	1.79728
XM_026500916.3	1828	1648.9	0	0
XM_026500917.3	2154	1974.9	37	8.04394
XM_026500919.3	2758	2578.9	59	9.82268
XM_026500920.3	1275	1095.9	1	0.391779
XM_026500923.2	3225	3045.9	0	0
XM_026500924.3	2033	1853.9	0	0
XM_026500926.3	1926	1746.9	0	0
XM_026500927.3	1984	1804.9	7	1.66516
XM_026500931.3	4338	4158.9	21	2.16797
XM_026500934.3	4725	4545.9	113.241	10.6954
XM_026500935.3	4749	4569.9	24.7591	2.32617
XM_026500937.3	6534	6354.9	51	3.44568
XM_026500938.3	5022	4842.9	0	0
XM_026500939.3	5024	4844.9	130	11.5205
XM_026500940.3	11294	11114.9	62.8196	2.42663
XM_026500941.3	11211	11031.9	0.000115284	4.48676e-06
XM_026500942.3	1488	1308.9	15.0449	4.93508
XM_026500943.3	1401	1221.9	51.9045	18.2382
XM_026500947.3	5013	4833.9	1	0.0888209
XM_026500949.3	1640	1460.9	36	10.5802
XM_026500950.3	3674	3494.9	0	0
XM_026500951.3	3087	2907.9	119.528	17.6482
XM_026500952.3	3393	3213.9	77.4724	10.3497
XM_026500953.3	2053	1873.9	334.936	76.7411
XM_026500956.3	1092	912.905	0	0
XM_026500957.3	1600	1420.9	69.9993	21.1515
XM_026500958.3	1487	1307.9	0.000709123	0.000232787
XM_026500959.3	2110	1930.9	8	1.77886
XM_026500961.3	1726	1546.9	29	8.04911
XM_026500962.3	1809	1629.9	0	0
XM_026500963.3	680	500.98	1864	1597.49
XM_026500964.3	3102	2922.9	56	8.22596
XM_026500965.3	1709	1529.9	1	0.28064
XM_026500967.3	2697	2517.9	459	78.2685
XM_026500968.3	3400	3220.9	1499.25	199.852
XM_026500970.3	2767	2587.9	12	1.99089
XM_026500972.3	2558	2378.9	101	18.2288
XM_026500974.3	5252	5072.9	0	0
XM_026500975.3	2508	2328.9	6	1.10615
XM_026500977.3	3608	3428.9	111.292	13.9355
XM_026500979.3	2300	2120.9	0	0
XM_026500980.3	2231	2051.9	0	0
XM_026500981.3	5148	4968.9	79.9995	6.91258
XM_026500982.3	5325	5145.9	13.8635	1.15671
XM_026500983.3	5321	5141.9	38.2466	3.19361
XM_026500984.3	3448	3268.9	30.8899	4.05721
XM_026500985.3	7837	7657.9	0	0
XM_026500986.3	7828	7648.9	0	0
XM_026500987.3	1785	1605.9	20.4956	5.47968
XM_026500991.3	7386	7206.9	0	0
XM_026500992.3	7305	7125.9	0	0
XM_026500993.3	8544	8364.9	0	0
XM_026500994.3	7302	7122.9	0	0
XM_026500995.3	7266	7086.9	0	0
XM_026500996.3	7229	7049.9	0.000149161	9.08416e-06
XM_026500997.3	7220	7040.9	0	0
XM_026500998.3	7109	6929.9	6.37569	0.395015
XM_026500999.3	7100	6920.9	34.7584	2.15631
XM_026501000.3	7063	6883.9	4.36816e-05	2.72444e-06
XM_026501001.3	7054	6874.9	0.000240855	1.50419e-05
XM_026501002.3	8155	7975.9	8	0.430649
XM_026501003.3	1933	1753.9	108	26.4382
XM_026501004.3	1300	1120.9	0	0
XM_026501005.3	4165	3985.9	87.4405	9.41888
XM_026501006.3	2013	1833.9	176.621	41.3503
XM_026501007.3	5551	5371.9	0.00149083	0.000119155
XM_026501010.3	3308	3128.9	0	0
XM_026501011.3	3115	2935.9	0.000597862	8.74324e-05
XM_026501013.3	3406	3226.9	0	0
XM_026501014.3	3402	3222.9	10	1.33219
XM_026501016.3	4553	4373.9	23.7984	2.33611
XM_026501017.3	541	362.056	2491	2954.01
XM_026501018.3	9144	8964.9	8.29411e-06	3.97226e-07
XM_026501023.3	9219	9039.9	0	0
XM_026501024.3	9006	8826.9	0	0
XM_026501026.3	9277	9097.9	0	0
XM_026501028.3	9187	9007.9	1.61006e-08	7.67417e-10
XM_026501030.3	6132	5952.9	8	0.576998
XM_026501033.3	3092	2912.9	0.331954	0.0489289
XM_026501034.3	3085	2905.9	7.66805	1.13297
XM_026501035.3	2115	1935.9	19	4.21389
XM_026501036.3	2697	2517.9	8.89719	1.51714
XM_026501037.3	1848	1668.9	18.1028	4.65723
XM_026501038.3	3237	3057.9	1	0.140407
XM_026501039.3	2213	2033.9	2.67463	0.564608
XM_026501040.3	2154	1974.9	70.4066	15.3067
XM_026501042.3	3101	2921.9	0	0
XM_026501043.3	2453	2273.9	2	0.377634
XM_026501044.3	1652	1472.9	0	0
XM_026501045.3	2983	2803.9	0	0
XM_026501046.2	386	208.716	125	257.139
XM_026501050.3	3621	3441.9	41.0239	5.11742
XM_026501051.3	1334	1154.9	1	0.371764
XM_026501052.3	6852	6672.9	24	1.54422
XM_026501054.3	4846	4666.9	68.8703	6.33602
XM_026501055.3	3979	3799.9	25.1617	2.84302
XM_026501056.3	5282	5102.9	26.4202	2.22296
XM_026501057.3	2969	2789.9	0	0
XM_026501059.3	2840	2660.9	0	0
XM_026501064.3	7639	7459.9	0	0
XM_026501065.3	4049	3869.9	0	0
XM_026501066.3	4042	3862.9	13.7006	1.52278
XM_026501070.3	4047	3867.9	13.4793	1.49625
XM_026501072.3	7592	7412.9	0	0
XM_026501076.3	8800	8620.9	0.42422	0.0211277
XM_026501077.3	7975	7795.9	774	42.6273
XM_026501080.3	11949	11769.9	1	0.0364788
XM_026501081.3	8254	8074.9	47	2.49904
XM_026501082.3	7379	7199.9	257.402	15.3497
XM_026501083.3	4466	4286.9	55	5.50849
XM_026501084.3	4458	4278.9	0	0
XM_026501085.3	19151	18971.9	0.180089	0.00407557
XM_026501086.3	19145	18965.9	8.8598	0.200569
XM_026501090.3	19094	18914.9	0.00476214	0.000108097
XM_026501091.3	19088	18908.9	0.211537	0.00480324
XM_026501094.3	19043	18863.9	6.08131	0.138414
XM_026501095.3	19037	18857.9	0.0282466	0.000643111
XM_026501097.3	19028	18848.9	0.235004	0.00535308
XM_026501098.3	18986	18806.9	0.243853	0.00556704
XM_026501099.3	18980	18800.9	12.4016	0.283213
XM_026501100.3	18920	18740.9	8.1241	0.186122
XM_026501101.3	9833	9653.9	1.08907e-08	4.84356e-10
XM_026501102.3	9722	9542.9	0	0
XM_026501103.3	9739	9559.9	86.2031	3.87153
XM_026501104.3	9628	9448.9	48.7958	2.21725
XM_026501105.3	1717	1537.9	1	0.27918
XM_026501106.3	3081	2901.9	0	0
XM_026501107.3	2835	2655.9	0	0
XM_026501110.3	507	328.091	0	0
XM_026501111.3	678	498.98	0	0
XM_026501112.3	1212	1032.9	0	0
XM_026501113.3	2454	2274.9	92.0981	17.382
XM_026501114.3	529	350.091	0	0
XM_026501115.3	2958	2778.9	15.0317	2.32247
XM_026501116.3	2939	2759.9	0	0
XM_026501122.3	2054	1874.9	616	141.064
XM_026501123.3	5804	5624.9	5.67027	0.432814
XM_026501125.3	2828	2648.9	4.03948	0.654745
XM_026501131.3	1881	1701.9	0	0
XM_026501132.3	1752	1572.9	32	8.73496
XM_026501135.2	688	508.98	0	0
XM_026501139.3	3803	3623.9	0	0
XM_026501140.3	3450	3270.9	0	0
XM_026501147.3	3064	2884.9	0	0
XM_026501148.3	3408	3228.9	0	0
XM_026501150.3	1052	872.905	9.33015	4.58918
XM_026501151.3	9481	9301.9	4.47638	0.206618
XM_026501152.3	9478	9298.9	3.37778e-07	1.5596e-08
XM_026501155.3	9394	9214.9	46.6372	2.17297
XM_026501156.3	2989	2809.9	2.73158	0.417384
XM_026501157.3	2994	2814.9	0.268421	0.0409417
XM_026501160.3	2548	2368.9	0	0
XM_026501163.3	1664	1484.9	46.0083	13.303
XM_026501169.3	4217	4037.9	0	0
XM_026501172.3	4304	4124.9	0	0
XM_026501173.3	1383	1203.9	210	74.8929
XM_026501174.3	8446	8266.9	8.99962	0.467406
XM_026501177.3	8510	8330.9	0.000383241	1.97512e-05
XM_026501178.3	10411	10231.9	0	0
XM_026501180.3	10327	10147.9	16.2955	0.689454
XM_026501182.3	10237	10057.9	8.70449	0.371577
XM_026501183.3	10186	10006.9	0	0
XM_026501184.3	10183	10003.9	0	0
XM_026501185.3	10176	9996.9	0	0
XM_026501186.3	10173	9993.9	0	0
XM_026501187.3	10143	9963.9	22.9212	0.987691
XM_026501188.3	10140	9960.9	0	0
XM_026501189.3	9976	9796.9	0	0
XM_026501191.3	4575	4395.9	0	0
XM_026501192.3	4572	4392.9	0	0
XM_026501194.3	4610	4430.9	165	15.9884
XM_026501195.3	2278	2098.9	2.5407	0.519725
XM_026501196.3	2233	2053.9	0	0
XM_026501197.3	2125	1945.9	33.7913	7.45584
XM_026501199.3	9007	8827.9	97.9882	4.76573
XM_026501201.3	5567	5387.9	309	24.6236
XM_026501202.2	402	224.304	0	0
XM_026501203.3	6650	6470.9	5.09581e-05	3.38113e-06
XM_026501205.3	6646	6466.9	0.000114199	7.58191e-06
XM_026501206.3	6264	6084.9	213	15.0293
XM_026501207.3	1497	1317.9	149.118	48.5802
XM_026501208.3	1467	1287.9	38.4811	12.8285
XM_026501210.3	2142	1962.9	402	87.9306
XM_026501212.3	4774	4594.9	0	0
XM_026501217.3	8379	8199.9	0.00308423	0.000161492
XM_026501218.3	8359	8179.9	0.0219974	0.00115461
XM_026501219.3	4461	4281.9	12.7131	1.27476
XM_026501220.3	4458	4278.9	0.542566	0.054442
XM_026501221.3	4445	4265.9	125.233	12.6044
XM_026501222.3	4440	4260.9	10.2388	1.03172
XM_026501224.2	609	429.98	0	0
XM_026501225.2	570	390.98	0	0
XM_026501226.3	2422	2242.9	0	0
XM_026501227.3	2420	2240.9	0	0
XM_026501228.3	2420	2240.9	0	0
XM_026501229.3	2782	2602.9	0	0
XM_026501230.3	4781	4601.9	0	0
XM_026501231.3	5821	5641.9	0	0
XM_026501232.3	2767	2587.9	0	0
XM_026501233.3	2707	2527.9	0	0
XM_026501234.3	2311	2131.9	1	0.201394
XM_026501235.3	2321	2141.9	0	0
XM_026501236.3	30806	30626.9	0.00922605	0.000129338
XM_026501237.2	327	153.737	0	0
XM_026501238.3	390	212.589	0	0
XM_026501239.3	3618	3438.9	38	4.74435
XM_026501240.3	4062	3882.9	4.81153	0.532035
XM_026501246.3	1744	1564.9	14.5573	3.99397
XM_026501248.3	4259	4079.9	93.9873	9.89083
XM_026501249.3	3304	3124.9	87.0127	11.9553
XM_026501250.3	3195	3015.9	2	0.284725
XM_026501252.3	3596	3416.9	0	0
XM_026501254.2	1254	1074.9	0	0
XM_026501256.3	2466	2286.9	247	46.3727
XM_026501258.3	2523	2343.9	0	0
XM_026501259.3	1807	1627.9	31	8.1761
XM_026501260.3	3685	3505.9	114	13.9611
XM_026501261.3	1110	930.905	7	3.22854
XM_026501262.3	4773	4593.9	13.557	1.26705
XM_026501263.3	4825	4645.9	7.07531	0.653865
XM_026501265.3	9699	9519.9	12.7033	0.572922
XM_026501266.3	9654	9474.9	26.0615	1.18097
XM_026501268.3	3333	3153.9	16.8658	2.296
XM_026501269.3	6428	6248.9	122	8.38242
XM_026501270.3	6715	6535.9	45	2.95611
XM_026501271.3	1638	1458.9	2763	813.144
XM_026501274.3	1317	1137.9	2	0.754636
XM_026501275.3	1550	1370.9	0	0
XM_026501277.3	13634	13454.9	11.798	0.376478
XM_026501279.3	8713	8533.9	9	0.452802
XM_026501281.3	1728	1548.9	96.7728	26.8251
XM_026501282.3	1689	1509.9	0	0
XM_026501283.3	1647	1467.9	9.22724	2.6989
XM_026501293.3	5506	5326.9	0	0
XM_026501296.3	5776	5596.9	0	0
XM_026501297.3	5400	5220.9	0	0
XM_026501300.3	5655	5475.9	0	0
XM_026501301.3	5343	5163.9	0	0
XM_026501302.3	4955	4775.9	0	0
XM_026501304.3	4762	4582.9	9.35276	0.876219
XM_026501305.3	836	656.98	1	0.653523
XM_026501306.3	5856	5676.9	0	0
XM_026501307.3	5771	5591.9	0.103225	0.00792572
XM_026501308.3	5753	5573.9	6.93546	0.534231
XM_026501309.3	5749	5569.9	17.6987	1.36429
XM_026501310.3	5468	5288.9	0	0
XM_026501311.3	2783	2603.9	36.5694	6.02985
XM_026501312.3	2761	2581.9	0	0
XM_026501313.3	2611	2431.9	26.4306	4.66631
XM_026501318.2	1662	1482.9	3	0.868603
XM_026501320.3	1524	1344.9	17	5.42714
XM_026501321.3	1923	1743.9	4	0.984806
XM_026501322.3	2177	1997.9	0	0
XM_026501324.3	758	578.98	0	0
XM_026501325.3	2673	2493.9	0	0
XM_026501326.3	2000	1820.9	34.7892	8.20296
XM_026501327.3	1956	1776.9	15.2108	3.67537
XM_026501328.3	1229	1049.9	18	7.36099
XM_026501329.3	1074	894.905	0	0
XM_026501330.3	4272	4092.9	70	7.34311
XM_026501332.3	4007	3827.9	10.6544	1.19504
XM_026501334.3	4861	4681.9	26	2.38432
XM_026501338.3	2949	2769.9	0	0
XM_026501340.3	2773	2593.9	0	0
XM_026501341.3	2777	2597.9	0	0
XM_026501345.3	2676	2496.9	0	0
XM_026501346.3	2637	2457.9	0	0
XM_026501347.3	2636	2456.9	0	0
XM_026501348.3	2632	2452.9	0	0
XM_026501349.3	1050	870.905	62.0021	30.5668
XM_026501350.3	3899	3719.9	154.469	17.8289
XM_026501351.3	4699	4519.9	1	0.0949914
XM_026501352.3	6941	6761.9	117	7.429
XM_026501353.3	3096	2916.9	12	1.76633
XM_026501354.3	3666	3486.9	10	1.23133
XM_026501355.3	11294	11114.9	33.3741	1.28919
XM_026501357.3	1403	1223.9	153	53.6732
XM_026501358.3	1390	1210.9	0	0
XM_026501360.3	6540	6360.9	0	0
XM_026501361.3	15355	15175.9	0	0
XM_026501363.3	7550	7370.9	0	0
XM_026501364.3	5523	5343.9	0	0
XM_026501367.3	3146	2966.9	0	0
XM_026501378.3	2753	2573.9	8.00147	1.33472
XM_026501379.3	1273	1093.9	0	0
XM_026501380.3	12304	12124.9	2.29494	0.0812656
XM_026501381.3	4764	4584.9	2.4439	0.228859
XM_026501384.3	3233	3053.9	1	0.140591
XM_026501385.3	3581	3401.9	39	4.92216
XM_026501387.3	2573	2393.9	0	0
XM_026501388.3	2150	1970.9	0	0
XM_026501389.3	1875	1695.9	7.65211	1.93728
XM_026501390.3	3373	3193.9	0	0
XM_026501392.3	1098	918.905	0	0
XM_026501393.3	5646	5466.9	4.78467e-07	3.75772e-08
XM_026501394.3	3476	3296.9	2.67804	0.348759
XM_026501395.3	4553	4373.9	3.03069e-08	2.97499e-09
XM_026501398.3	2220	2040.9	0	0
XM_026501399.3	777	597.98	0	0
XM_026501400.3	2277	2097.9	508.737	104.117
XM_026501401.3	1704	1524.9	53.5209	15.0693
XM_026501402.3	2776	2596.9	140	23.1465
XM_026501403.3	2035	1855.9	0	0
XM_026501404.2	525	346.091	1058.21	1312.79
XM_026501405.3	556	377.018	97.7862	111.36
XM_026501406.3	6396	6216.9	472	32.5973
XM_026501407.3	3661	3481.9	0	0
XM_026501408.3	4357	4177.9	0	0
XM_026501410.3	4197	4017.9	0	0
XM_026501411.3	4499	4319.9	0	0
XM_026501412.3	4320	4140.9	0	0
XM_026501413.3	2749	2569.9	43	7.18398
XM_026501414.3	447	268.446	0	0
XM_026501415.2	1047	867.905	0	0
XM_026501416.3	9299	9119.9	0	0
XM_026501421.3	8871	8691.9	13.1713	0.650618
XM_026501422.3	1501	1321.9	12	3.89758
XM_026501423.3	6402	6222.9	135	9.31438
XM_026501425.3	675	495.98	56	48.4771
XM_026501426.3	2242	2062.9	0	0
XM_026501427.3	2158	1978.9	21	4.55625
XM_026501428.3	14649	14469.9	48.4028	1.43621
XM_026501429.3	14646	14466.9	0	0
XM_026501430.3	3292	3112.9	2	0.275853
XM_026501431.3	6144	5964.9	0	0
XM_026501432.3	5680	5500.9	19.4761	1.52013
XM_026501433.3	5548	5368.9	0	0
XM_026501435.3	8452	8272.9	58.1051	3.01557
XM_026501437.3	3765	3585.9	32	3.83146
XM_026501438.3	3357	3177.9	224	30.2636
XM_026501439.3	2023	1843.9	66	15.3681
XM_026501440.3	1428	1248.9	30	10.3135
XM_026501441.2	1050	870.905	0	0
XM_026501442.3	4443	4263.9	3.3723	0.339572
XM_026501443.3	4432	4252.9	98.1578	9.90952
XM_026501444.3	4289	4109.9	0.418366	0.0437057
XM_026501445.3	4279	4099.9	10.0516	1.05262
XM_026501446.3	2676	2496.9	34.6792	5.96322
XM_026501447.3	7001	6821.9	24	1.51049
XM_026501451.3	3635	3455.9	14	1.73932
XM_026501457.3	2397	2217.9	46.6951	9.03944
XM_026501458.3	5058	4878.9	25.3175	2.22798
XM_026501460.3	1442	1262.9	0	0
XM_026501461.3	3207	3027.9	3.13817	0.444987
XM_026501462.3	2294	2114.9	39	7.91748
XM_026501467.3	12892	12712.9	5.34434e-05	1.80494e-06
XM_026501468.3	534	355.091	0	0
XM_026501470.3	3775	3595.9	330	39.4021
XM_026501471.3	1301	1121.9	822.108	314.62
XM_026501473.3	1394	1214.9	764.871	270.308
XM_026501474.3	1281	1101.9	245.898	95.8129
XM_026501475.3	1326	1146.9	554.124	207.44
XM_026501476.3	2079	1899.9	0	0
XM_026501477.3	2063	1883.9	0	0
XM_026501478.3	2021	1841.9	43	10.0234
XM_026501481.3	1239	1059.9	9	3.64577
XM_026501482.3	3102	2922.9	125.279	18.4026
XM_026501483.3	3219	3039.9	86.7205	12.2483
XM_026501484.3	2162	1982.9	300	64.958
XM_026501485.3	3538	3358.9	9	1.15042
XM_026501487.3	3074	2894.9	25.7237	3.81516
XM_026501488.3	1611	1431.9	8.27631	2.48162
XM_026501489.3	1773	1593.9	131	35.2876
XM_026501490.3	3568	3388.9	96	12.1626
XM_026501491.3	2511	2331.9	0	0
XM_026501492.3	2492	2312.9	26.0336	4.8327
XM_026501493.3	4621	4441.9	0	0
XM_026501494.3	3886	3706.9	191	22.1226
XM_026501495.3	3747	3567.9	0	0
XM_026501496.3	6245	6065.9	0	0
XM_026501497.3	6164	5984.9	13.1104	0.94053
XM_026501499.3	3548	3368.9	3	0.382337
XM_026501500.3	6242	6062.9	5.32569	0.377145
XM_026501501.3	2474	2294.9	33.6044	6.28701
XM_026501502.3	9199	9019.9	49	2.33242
XM_026501503.3	1334	1154.9	6.56028	2.43888
XM_026501505.3	4270	4090.9	2	0.209906
XM_026501506.3	1762	1582.9	0	0
XM_026501511.3	9343	9163.9	202.763	9.49995
XM_026501513.3	2057	1877.9	33	7.54491
XM_026501517.3	7411	7231.9	18.8638	1.11992
XM_026501531.3	2704	2524.9	30	5.1014
XM_026501532.3	2701	2521.9	0	0
XM_026501533.3	5607	5427.9	0	0
XM_026501534.3	5454	5274.9	11.0006	0.895392
XM_026501539.2	410	232.143	0	0
XM_026501540.2	1876	1696.9	0	0
XM_026501541.2	936	756.98	0	0
XM_026501542.2	951	771.905	0	0
XM_026501543.2	948	768.905	0	0
XM_026501544.3	1020	840.905	0	0
XM_026501545.3	999	819.905	0	0
XM_026501546.2	939	759.905	0	0
XM_026501547.1	942	762.905	0	0
XM_026501548.3	1014	834.905	0	0
XM_026501549.3	999	819.905	0	0
XM_026501550.2	942	762.905	0	0
XM_026501551.3	996	816.905	0	0
XM_026501555.2	1548	1368.9	0	0
XM_026501556.3	1620	1440.9	0	0
XM_026501557.2	1857	1677.9	0	0
XM_026501559.3	2182	2002.9	0	0
XM_026501560.2	801	621.98	0	0
XM_026501561.2	717	537.98	0	0
XM_026501562.3	5811	5631.9	91	6.93744
XM_026501563.3	1744	1564.9	0	0
XM_026501564.3	1741	1561.9	0	0
XM_026501565.1	1113	933.905	0	0
XM_026501566.3	2910	2730.9	0	0
XM_026501567.2	936	756.98	0	0
XM_026501568.1	924	744.98	0	0
XM_026501569.1	936	756.98	0	0
XM_026501570.2	936	756.98	0	0
XM_026501571.1	924	744.98	0	0
XM_026501572.2	918	738.98	0	0
XM_026501573.3	6834	6654.9	17	1.09678
XM_026501574.3	551	372.056	0	0
XM_026501576.2	900	720.98	0	0
XM_026501577.1	735	555.98	0	0
XM_026501578.3	1482	1302.9	0	0
XM_026501579.3	1410	1230.9	0	0
XM_026501580.2	930	750.98	0	0
XM_026501581.3	936	756.98	0	0
XM_026501582.3	930	750.98	0	0
XM_026501583.3	3053	2873.9	0	0
XM_026501584.1	939	759.905	0	0
XM_026501588.3	831	651.98	0	0
XM_026501591.3	1833	1653.9	27	7.00917
XM_026501592.2	597	417.98	0	0
XM_026501593.2	948	768.905	0	0
XM_026501594.2	900	720.98	0	0
XM_026501597.2	2577	2397.9	0	0
XM_026501599.3	5873	5693.9	30.3513	2.28865
XM_026501600.3	10018	9838.9	37.1855	1.62271
XM_026501601.3	939	759.905	0	0
XM_026501602.2	936	756.98	0	0
XM_026501603.2	963	783.905	0	0
XM_026501604.2	936	756.98	0	0
XM_026501605.3	9940	9760.9	5.47763e-08	2.40944e-09
XM_026501606.2	942	762.905	0	0
XM_026501610.2	1536	1356.9	0	0
XM_026501611.2	1866	1686.9	0	0
XM_026501612.2	1836	1656.9	1	0.259129
XM_026501615.3	1473	1293.9	73	24.2233
XM_026501617.2	918	738.98	0	0
XM_026501618.3	1173	993.905	0	0
XM_026501620.2	936	756.98	0	0
XM_026501621.1	948	768.905	0	0
XM_026501622.2	936	756.98	0	0
XM_026501623.1	966	786.905	0	0
XM_026501624.1	948	768.905	0	0
XM_026501625.1	957	777.905	0	0
XM_026501626.3	723	543.98	0	0
XM_026501627.1	933	753.98	0	0
XM_026501628.2	936	756.98	0	0
XM_026501629.1	921	741.98	0	0
XM_026501631.3	1097	917.905	0	0
XM_026501633.3	711	531.98	0	0
XM_026501643.3	430	251.782	0	0
XM_026501645.3	5931	5751.9	0	0
XM_026501653.3	592	412.98	4	4.15857
XM_026501658.3	3858	3678.9	3.98581	0.46517
XM_026501659.3	3920	3740.9	0	0
XM_026501660.3	2813	2633.9	0	0
XM_026501661.3	754	574.98	1806	1348.58
XM_026501662.3	4036	3856.9	0	0
XM_026501663.2	649	469.98	0	0
XM_026501665.3	6117	5937.9	93.8342	6.78487
XM_026501667.2	1233	1053.9	0	0
XM_026501668.3	2713	2533.9	0	0
XM_026501669.3	2738	2558.9	0	0
XM_026501670.3	2611	2431.9	10	1.7655
XM_026501672.3	1969	1789.9	151	36.221
XM_026501674.3	2168	1988.9	303.382	65.4922
XM_026501675.3	1371	1191.9	0	0
XM_026501676.3	3322	3142.9	20.0854	2.74387
XM_026501677.3	3191	3011.9	2	0.285103
XM_026501684.3	11155	10975.9	408.068	15.9627
XM_026501685.3	11668	11488.9	0	0
XM_026501686.3	11148	10968.9	0	0
XM_026501687.3	4653	4473.9	0.0279941	0.00268654
XM_026501689.3	4269	4089.9	0	0
XM_026501690.3	4959	4779.9	0	0
XM_026501691.3	4345	4165.9	0	0
XM_026501692.3	2423	2243.9	0	0
XM_026501697.3	3216	3036.9	15.8867	2.24603
XM_026501698.3	1931	1751.9	1	0.245077
XM_026501699.3	3243	3063.9	0	0
XM_026501704.3	1447	1267.9	2	0.677262
XM_026501705.3	5913	5733.9	18.1987	1.36271
XM_026501706.3	2203	2023.9	1	0.21214
XM_026501707.3	2381	2201.9	0	0
XM_026501709.3	3304	3124.9	0	0
XM_026501710.3	20657	20477.9	3.71609	0.0779138
XM_026501711.3	2384	2204.9	0	0
XM_026501712.3	3124	2944.9	143.751	20.9582
XM_026501714.3	688	508.98	1205	1016.48
XM_026501716.3	2039	1859.9	0.000214483	4.95126e-05
XM_026501717.3	5040	4860.9	15	1.32491
XM_026501718.3	5372	5192.9	0	0
XM_026501719.3	5954	5774.9	0	0
XM_026501724.3	4131	3951.9	3	0.325933
XM_026501726.3	4806	4626.9	0	0
XM_026501727.3	1853	1673.9	104.092	26.6993
XM_026501728.3	1850	1670.9	1.16648	0.299737
XM_026501729.3	1845	1665.9	47.0917	12.1369
XM_026501730.3	1843	1663.9	7.03275	1.81472
XM_026501731.3	1814	1634.9	0	0
XM_026501732.3	1811	1631.9	0	0
XM_026501733.3	1806	1626.9	21.2655	5.61212
XM_026501734.3	1760	1580.9	25.4315	6.90684
XM_026501735.3	1752	1572.9	14.6964	4.01164
XM_026501736.3	1721	1541.9	0.000988885	0.000275361
XM_026501737.3	1718	1538.9	38.0516	10.6163
XM_026501738.3	1713	1533.9	8.16696	2.286
XM_026501739.3	1710	1530.9	6.40219e-07	1.79553e-07
XM_026501740.3	1679	1499.9	1.87883e-05	5.3782e-06
XM_026501741.3	2192	2012.9	2	0.426599
XM_026501745.3	559	380.018	0	0
XM_026501746.3	1594	1414.9	22.8287	6.92736
XM_026501747.3	2023	1843.9	5.43603	1.26578
XM_026501748.3	1839	1659.9	0	0
XM_026501749.3	1612	1432.9	1.5627e-06	4.68245e-07
XM_026501751.3	2467	2287.9	0	0
XM_026501752.3	13262	13082.9	284	9.32025
XM_026501753.3	2880	2700.9	0	0
XM_026501756.3	1938	1758.9	16.1367	3.93901
XM_026501757.3	1837	1657.9	0	0
XM_026501759.3	1236	1056.9	37	15.0307
XM_026501760.3	665	485.98	389	343.672
XM_026501761.3	1800	1620.9	27	7.15187
XM_026501764.3	3438	3258.9	1.94639e-08	2.56432e-09
XM_026501765.3	3810	3630.9	0	0
XM_026501766.3	4022	3842.9	0	0
XM_026501768.3	3063	2883.9	7	1.04215
XM_026501771.3	3581	3401.9	0	0
XM_026501774.3	2231	2051.9	0	0
XM_026501776.3	4753	4573.9	49	4.59962
XM_026501779.3	3038	2858.9	0	0
XM_026501780.3	3299	3119.9	0	0
XM_026501781.3	1004	824.905	79	41.1185
XM_026501783.3	3230	3050.9	10.84	1.5255
XM_026501784.3	3066	2886.9	49.16	7.31127
XM_026501785.3	4128	3948.9	0	0
XM_026501786.3	4014	3834.9	570.236	63.843
XM_026501787.3	4124	3944.9	1759.77	191.528
XM_026501788.3	4136	3956.9	550.993	59.7866
XM_026501789.3	3369	3189.9	0	0
XM_026501790.2	1569	1389.9	0	0
XM_026501791.3	1839	1659.9	0	0
XM_026501792.2	1608	1428.9	3	0.901429
XM_026501793.2	1866	1686.9	0	0
XM_026501794.2	1986	1806.9	0	0
XM_026501795.2	1908	1728.9	0	0
XM_026501796.2	1872	1692.9	0	0
XM_026501798.3	2400	2220.9	0	0
XM_026501799.2	2016	1836.9	0	0
XM_026501800.2	2004	1824.9	0	0
XM_026501801.3	2814	2634.9	0	0
XM_026501802.3	2212	2032.9	0	0
XM_026501803.3	2176	1996.9	0	0
XM_026501804.2	2169	1989.9	0	0
XM_026501806.1	1593	1413.9	0	0
XM_026501807.1	1791	1611.9	0	0
XM_026501808.2	2653	2473.9	0	0
XM_026501810.3	2434	2254.9	0	0
XM_026501811.2	1485	1305.9	0	0
XM_026501815.3	1584	1404.9	0	0
XM_026501816.3	3388	3208.9	0	0
XM_026501819.3	1266	1086.9	40.2429	15.8969
XM_026501820.3	2528	2348.9	17.2509	3.15326
XM_026501821.3	2636	2456.9	22.7491	3.97548
XM_026501822.3	2710	2530.9	0	0
XM_026501825.3	3279	3099.9	16.4016	2.2717
XM_026501826.3	2542	2362.9	0	0
XM_026501827.3	1767	1587.9	7.63045	2.06319
XM_026501828.3	14891	14711.9	8.96794	0.26172
XM_026501832.3	3933	3753.9	28	3.20249
XM_026501835.3	2135	1955.9	0	0
XM_026501837.3	4658	4478.9	2	0.191722
XM_026501840.3	7045	6865.9	4	0.250136
XM_026501841.3	7045	6865.9	4	0.250136
XM_026501842.2	1323	1143.9	0	0
XM_026501843.3	8590	8410.9	2	0.102094
XM_026501844.3	4155	3975.9	1	0.107988
XM_026501847.3	2314	2134.9	0	0
XM_026501848.3	2312	2132.9	0	0
XM_026501851.2	910	730.98	0	0
XM_026501852.3	1241	1061.9	0	0
XM_026501853.3	7312	7132.9	46.1303	2.77673
XM_026501854.3	3601	3421.9	100.87	12.6563
XM_026501855.3	3572	3392.9	2	0.253088
XM_026501856.3	5109	4929.9	43.5558	3.79333
XM_026501859.3	5829	5649.9	19.3534	1.47072
XM_026501860.3	5808	5628.9	0	0
XM_026501862.3	5964	5784.9	40.6161	3.0145
XM_026501863.3	5806	5626.9	0.00434014	0.000331168
XM_026501864.3	2055	1875.9	13.3993	3.0668
XM_026501865.3	1915	1735.9	7.60068	1.87992
XM_026501866.3	2626	2446.9	0	0
XM_026501867.3	2519	2339.9	6.94743	1.27479
XM_026501868.3	2435	2255.9	0	0
XM_026501869.3	2318	2138.9	0	0
XM_026501870.3	4061	3881.9	11.6513	1.28867
XM_026501872.3	7382	7202.9	0	0
XM_026501874.3	978	798.905	0	0
XM_026501878.3	3254	3074.9	0	0
XM_026501879.2	294	125.184	0	0
XM_026501880.3	2661	2481.9	65.0635	11.2555
XM_026501881.3	10067	9887.9	0.0511095	0.00221927
XM_026501883.3	10897	10717.9	0	0
XM_026501884.3	9946	9766.9	0	0
XM_026501885.3	9883	9703.9	118.289	5.23375
XM_026501886.3	9638	9458.9	9.0668	0.411554
XM_026501887.3	1501	1321.9	0	0
XM_026501888.3	10510	10330.9	0.000180185	7.48848e-06
XM_026501889.3	10523	10343.9	93.2048	3.86872
XM_026501891.3	10021	9841.9	57.7411	2.51895
XM_026501892.3	10008	9828.9	0.411903	0.017993
XM_026501893.3	10173	9993.9	0	0
XM_026501894.3	9927	9747.9	280.285	12.3453
XM_026501898.3	3578	3398.9	0	0
XM_026501899.3	3575	3395.9	54	6.82734
XM_026501901.3	7325	7145.9	15.7489	0.946254
XM_026501902.3	7233	7053.9	0	0
XM_026501905.3	1839	1659.9	0	0
XM_026501906.3	1737	1557.9	0	0
XM_026501907.3	1669	1489.9	14.326	4.12838
XM_026501908.3	1658	1478.9	840	243.867
XM_026501909.3	400	222.371	111	214.318
XM_026501910.3	1412	1232.9	8	2.78595
XM_026501913.3	2090	1910.9	0	0
XM_026501916.3	990	810.905	0	0
XM_026501918.3	816	636.98	0	0
XM_026501919.3	4508	4328.9	0	0
XM_026501920.3	9089	8909.9	13.8876	0.669219
XM_026501921.3	4311	4131.9	4.51489	0.469148
XM_026501927.3	8171	7991.9	0	0
XM_026501928.3	1043	863.905	217	107.847
XM_026501929.3	3461	3281.9	0.000869278	0.000113722
XM_026501930.3	3458	3278.9	0.00286726	0.00037545
XM_026501931.3	4209	4029.9	16.3426	1.74116
XM_026501932.3	3308	3128.9	8.87317e-05	1.21759e-05
XM_026501933.3	4056	3876.9	4.65361	0.515369
XM_026501934.3	3915	3735.9	0	0
XM_026501935.3	3318	3138.9	0	0
XM_026501937.3	3845	3665.9	0	0
XM_026501938.3	3249	3069.9	0	0
XM_026501944.3	3541	3361.9	0	0
XM_026501949.2	1966	1786.9	34.6013	8.3139
XM_026501950.3	1834	1654.9	78.4118	20.3433
XM_026501951.3	3125	2945.9	2.56365	0.37364
XM_026501952.3	3129	2949.9	0.436347	0.0635094
XM_026501953.3	7147	6967.9	0	0
XM_026501954.3	2467	2287.9	2	0.375323
XM_026501955.3	3177	2997.9	0.101713	0.014567
XM_026501956.3	3172	2992.9	0.898287	0.128865
XM_026501958.2	2270	2090.9	0	0
XM_026501959.3	1663	1483.9	251.932	72.8938
XM_026501960.3	1638	1458.9	64.3391	18.9348
XM_026501961.3	7092	6912.9	0	0
XM_026501962.3	2121	1941.9	1	0.221098
XM_026501964.3	3255	3075.9	13.9511	1.94738
XM_026501966.3	1727	1547.9	1422.73	394.631
XM_026501967.3	2107	1927.9	3	0.668112
XM_026501968.3	1645	1465.9	78.8388	23.0913
XM_026501970.3	7108	6928.9	0	0
XM_026501972.3	1090	910.905	2	0.942694
XM_026501975.3	2541	2361.9	1	0.181782
XM_026501976.3	7124	6944.9	26.3695	1.63023
XM_026501977.3	2242	2062.9	0	0
XM_026501979.3	7811	7631.9	0	0
XM_026501980.3	746	566.98	2	1.51452
XM_026501981.3	1667	1487.9	1	0.288561
XM_026501982.3	3278	3098.9	175	24.2462
XM_026501983.3	2566	2386.9	0.0123556	0.00222251
XM_026501984.3	2558	2378.9	0.987644	0.178253
XM_026501988.3	6933	6753.9	0.650734	0.0413678
XM_026501990.3	6922	6742.9	5.46036	0.347687
XM_026501991.3	6920	6740.9	8.04175	0.512207
XM_026501992.3	11620	11440.9	140.393	5.26866
XM_026501993.3	663	483.98	0	0
XM_026501994.3	879	699.98	0	0
XM_026501995.3	7748	7568.9	0	0
XM_026501996.3	7003	6823.9	61.0326	3.8401
XM_026501997.3	6266	6086.9	0.572232	0.0403635
XM_026501998.3	1603	1423.9	35.4823	10.699
XM_026501999.3	6133	5953.9	25.1809	1.81586
XM_026502000.3	732	552.98	1	0.776433
XM_026502001.3	9805	9625.9	464	20.6962
XM_026502002.3	2764	2584.9	0	0
XM_026502004.3	2908	2728.9	896.816	141.101
XM_026502005.3	2868	2688.9	130.633	20.8589
XM_026502006.3	1189	1009.9	24.9588	10.611
XM_026502007.3	1179	999.905	42.2938	18.1607
XM_026502009.3	1028	848.905	26.7474	13.5281
XM_026502010.3	7978	7798.9	0	0
XM_026502011.3	1612	1432.9	9.98321	2.99134
XM_026502014.3	1613	1433.9	4.01679	1.20274
XM_026502015.3	3840	3660.9	3	0.351841
XM_026502016.3	4237	4057.9	0	0
XM_026502019.3	2627	2447.9	77	13.5055
XM_026502021.3	3451	3271.9	5.79729	0.760743
XM_026502022.3	8866	8686.9	0	0
XM_026502023.3	7831	7651.9	34.1285	1.91497
XM_026502025.2	15514	15334.9	15.9505	0.446588
XM_026502026.3	2299	2119.9	1	0.202534
XM_026502031.3	2196	2016.9	1	0.212877
XM_026502032.3	1055	875.905	8	3.92145
XM_026502033.3	6140	5960.9	2	0.144056
XM_026502037.3	5398	5218.9	2614	215.05
XM_026502039.2	1185	1005.9	0	0
XM_026502040.3	8290	8110.9	5.90371	0.312514
XM_026502041.3	2505	2325.9	0	0
XM_026502042.3	2761	2581.9	0.00649913	0.00108076
XM_026502043.3	3687	3507.9	0	0
XM_026502044.3	6300	6120.9	295.215	20.7079
XM_026502046.3	6239	6059.9	57.785	4.09414
XM_026502050.3	8154	7974.9	37	1.992
XM_026502051.3	6323	6143.9	0.00824623	0.000576268
XM_026502052.3	6360	6180.9	232.28	16.1352
XM_026502053.3	6194	6014.9	0.000296761	2.11832e-05
XM_026502054.3	3457	3277.9	6	0.785902
XM_026502056.3	4168	3988.9	0	0
XM_026502058.3	2974	2794.9	30.6026	4.70116
XM_026502062.3	1584	1404.9	2	0.611219
XM_026502063.3	6574	6394.9	39.0858	2.62421
XM_026502068.3	5627	5447.9	11.7524	0.926215
XM_026502073.3	5384	5204.9	0	0
XM_026502074.3	8363	8183.9	8.95402	0.469754
XM_026502075.3	2305	2125.9	433.966	87.6447
XM_026502076.3	2859	2679.9	6	0.96127
XM_026502077.3	3067	2887.9	0	0
XM_026502078.3	5924	5744.9	4.48076e-07	3.34874e-08
XM_026502079.3	5865	5685.9	61.5953	4.65116
XM_026502081.3	5743	5563.9	0	0
XM_026502083.3	2327	2147.9	196.931	39.3653
XM_026502084.3	3004	2824.9	41	6.23151
XM_026502087.3	5427	5247.9	0	0
XM_026502088.3	5248	5068.9	0	0
XM_026502089.3	5355	5175.9	38.4124	3.18639
XM_026502090.3	2295	2115.9	48.1021	9.76071
XM_026502091.3	3761	3581.9	3	0.359601
XM_026502092.3	6957	6777.9	24	1.5203
XM_026502095.3	9210	9030.9	47.6565	2.26571
XM_026502097.3	3987	3807.9	4	0.451011
XM_026502098.2	15487	15307.9	159.049	4.46098
XM_026502101.3	6318	6138.9	32.8891	2.30025
XM_026502102.3	6297	6117.9	0	0
XM_026502103.3	1947	1767.9	29.688	7.21
XM_026502104.3	6279	6099.9	0.00138031	9.71551e-05
XM_026502105.3	6276	6096.9	0	0
XM_026502107.3	6257	6077.9	0	0
XM_026502108.3	6236	6056.9	0	0
XM_026502113.3	6222	6042.9	0	0
XM_026502114.3	4081	3901.9	8.89404	0.978669
XM_026502115.3	9490	9310.9	4.84798	0.223554
XM_026502116.3	4264	4084.9	0	0
XM_026502117.3	8352	8172.9	29	1.52347
XM_026502118.3	1825	1645.9	0	0
XM_026502119.3	1769	1589.9	17.418	4.70371
XM_026502120.3	12312	12132.9	0	0
XM_026502121.3	4051	3871.9	14.0852	1.56189
XM_026502122.3	4047	3867.9	15.5044	1.72105
XM_026502124.3	3972	3792.9	0	0
XM_026502126.3	3985	3805.9	162.41	18.3219
XM_026502127.3	4097	3917.9	0	0
XM_026502128.3	4057	3877.9	0	0
XM_026502130.3	3381	3201.9	85	11.3979
XM_026502132.3	10289	10109.9	0	0
XM_026502133.3	11482	11302.9	0	0
XM_026502134.3	9972	9792.9	3.99685	0.175234
XM_026502136.3	3176	2996.9	1.4723	0.21093
XM_026502137.3	4842	4662.9	0	0
XM_026502138.3	3847	3667.9	0	0
XM_026502139.3	10580	10400.9	16.5277	0.682267
XM_026502144.3	8882	8702.9	9.18376	0.453075
XM_026502145.3	8868	8688.9	0	0
XM_026502149.3	3949	3769.9	0	0
XM_026502150.3	4076	3896.9	31.6038	3.48204
XM_026502151.3	1158	978.905	0	0
XM_026502152.3	1087	907.905	8.3707	3.95854
XM_026502153.3	1073	893.905	12	5.76373
XM_026502154.3	14990	14810.9	103.86	3.01079
XM_026502155.3	14925	14745.9	0.0416213	0.00121187
XM_026502157.3	3358	3178.9	9.34519	1.26219
XM_026502158.3	3838	3658.9	0	0
XM_026502161.3	3705	3525.9	0	0
XM_026502163.3	3648	3468.9	0	0
XM_026502164.3	3645	3465.9	0	0
XM_026502172.3	5338	5158.9	20.1988	1.68105
XM_026502173.3	8880	8700.9	23.4488	1.1571
XM_026502174.3	3851	3671.9	2	0.233858
XM_026502177.3	2666	2486.9	136	23.4797
XM_026502179.3	4678	4498.9	10	0.954348
XM_026502181.3	2469	2289.9	0	0
XM_026502182.2	2526	2346.9	0	0
XM_026502183.2	2259	2079.9	0	0
XM_026502185.3	2098	1918.9	0	0
XM_026502187.3	2744	2564.9	0	0
XM_026502188.3	2729	2549.9	41.3621	6.96454
XM_026502189.3	2365	2185.9	0	0
XM_026502190.3	1292	1112.9	11	4.24373
XM_026502191.3	1114	934.905	0	0
XM_026502196.3	1167	987.905	0	0
XM_026502199.3	5500	5320.9	0.0032444	0.000261795
XM_026502206.3	5465	5285.9	0.0438916	0.00356513
XM_026502210.3	2231	2051.9	93	19.4598
XM_026502212.3	3090	2910.9	10.2428	1.5108
XM_026502213.3	2089	1909.9	0	0
XM_026502214.3	2188	2008.9	0	0
XM_026502217.3	6910	6730.9	70	4.46517
XM_026502218.3	522	343.091	41	51.3083
XM_026502219.2	258	96.6942	0	0
XM_026502222.3	1818	1638.9	3.04795	0.798487
XM_026502223.3	4367	4187.9	8.08866	0.829265
XM_026502224.3	3515	3335.9	39.3468	5.06418
XM_026502226.3	3421	3241.9	19.6532	2.60284
XM_026502227.3	6263	6083.9	47	3.31687
XM_026502230.3	16647	16467.9	29.4982	0.769077
XM_026502232.3	2722	2542.9	106	17.8974
XM_026502234.3	2095	1915.9	268	60.0585
XM_026502236.3	6869	6689.9	95.4306	6.12465
XM_026502237.3	6937	6757.9	32.458	2.06216
XM_026502239.3	6766	6586.9	0	0
XM_026502242.3	7960	7780.9	2.63035	0.145143
XM_026502244.3	743	563.98	38.5	29.3096
XM_026502249.3	2210	2030.9	0	0
XM_026502250.3	841	661.98	1.89898	1.23165
XM_026502251.3	4159	3979.9	0	0
XM_026502253.3	1170	990.905	35.101	15.209
XM_026502254.3	1289	1109.9	0	0
XM_026502255.3	504	325.091	84.5604	111.68
XM_026502256.3	500	321.091	0	0
XM_026502257.3	582	402.98	8.43964	8.99195
XM_026502258.3	7435	7255.9	0	0
XM_026502260.3	8401	8221.9	0	0
XM_026502261.3	4128	3948.9	12.9514	1.40817
XM_026502263.3	7722	7542.9	12	0.683056
XM_026502264.3	10399	10219.9	0	0
XM_026502265.3	10395	10215.9	0	0
XM_026502271.3	6795	6615.9	2.22615	0.14447
XM_026502274.3	9977	9797.9	0	0
XM_026502275.3	10294	10114.9	0	0
XM_026502276.3	10697	10517.9	0	0
XM_026502277.3	9500	9320.9	81.7941	3.76771
XM_026502280.3	4489	4309.9	0	0
XM_026502283.3	4379	4199.9	0	0
XM_026502284.3	4330	4150.9	1.95895e-07	2.02625e-08
XM_026502285.2	1685	1505.9	3	0.855337
XM_026502286.3	2212	2032.9	55	11.6161
XM_026502288.3	17258	17078.9	0	0
XM_026502296.3	7733	7553.9	16	0.909415
XM_026502297.3	1508	1328.9	1121	362.181
XM_026502298.3	4342	4162.9	0	0
XM_026502299.3	2830	2650.9	5.03408	0.815341
XM_026502300.3	3881	3701.9	11.1242	1.29019
XM_026502301.3	7760	7580.9	2.79171	0.158111
XM_026502302.3	3337	3157.9	52	7.06997
XM_026502303.2	3781	3601.9	20	2.38403
XM_026502304.3	4290	4110.9	28.9408	3.02264
XM_026502305.3	4314	4134.9	0	0
XM_026502306.3	3909	3729.9	0	0
XM_026502307.3	3384	3204.9	0	0
XM_026502315.3	1998	1818.9	0	0
XM_026502317.3	2257	2077.9	1	0.206627
XM_026502318.3	9364	9184.9	26.0458	1.21752
XM_026502322.3	3701	3521.9	62	7.55836
XM_026502323.3	7578	7398.9	128.266	7.44314
XM_026502327.3	6832	6652.9	0	0
XM_026502330.2	1896	1716.9	0	0
XM_026502331.3	3667	3487.9	0	0
XM_026502333.3	4461	4281.9	0	0
XM_026502334.3	3667	3487.9	20	2.46195
XM_026502337.2	2318	2138.9	0	0
XM_026502339.3	1020	840.905	0	0
XM_026502340.3	1737	1557.9	0	0
XM_026502341.3	11323	11143.9	8.17265	0.314876
XM_026502342.3	6666	6486.9	0	0
XM_026502345.3	3393	3213.9	338	45.1541
XM_026502348.3	10507	10327.9	0	0
XM_026502349.3	10600	10420.9	33.2915	1.37164
XM_026502352.3	6526	6346.9	14.1526	0.957386
XM_026502353.3	3589	3409.9	8	1.00731
XM_026502354.3	1189	1009.9	10	4.25141
XM_026502358.3	812	632.98	0	0
XM_026502361.3	1232	1052.9	0	0
XM_026502362.3	642	462.98	58	53.7872
XM_026502363.3	5553	5373.9	6	0.479374
XM_026502364.3	3686	3506.9	0.00307878	0.000376937
XM_026502366.3	5222	5042.9	274	23.3283
XM_026502368.3	4263	4083.9	22	2.31292
XM_026502369.3	1359	1179.9	0	0
XM_026502370.3	1216	1036.9	6	2.48442
XM_026502372.3	3464	3284.9	3.52291	0.460461
XM_026502374.3	5915	5735.9	2	0.149707
XM_026502375.3	9818	9638.9	6.70008	0.298446
XM_026502376.3	5053	4873.9	0	0
XM_026502378.3	4685	4505.9	40.2313	3.8335
XM_026502382.3	3461	3281.9	11.6075	1.51854
XM_026502383.2	4719	4539.9	0	0
XM_026502384.3	5056	4876.9	261	22.9779
XM_026502386.3	4447	4267.9	25	2.515
XM_026502387.3	1144	964.905	74	32.9277
XM_026502389.3	2717	2537.9	1	0.169176
XM_026502390.3	3419	3239.9	0	0
XM_026502392.3	4495	4315.9	54	5.37199
XM_026502393.3	4318	4138.9	0	0
XM_026502394.3	4490	4310.9	62	6.175
XM_026502395.3	3464	3284.9	91	11.8941
XM_026502396.3	2035	1855.9	9	2.08209
XM_026502397.3	3443	3263.9	0.00672211	0.000884263
XM_026502401.3	5981	5801.9	37	2.73807
XM_026502402.3	8912	8732.9	65	3.19572
XM_026502403.2	1459	1279.9	13.7995	4.62913
XM_026502404.2	1088	908.905	5.20049	2.45663
XM_026502405.3	3344	3164.9	0	0
XM_026502406.3	2765	2585.9	7	1.16225
XM_026502407.3	10852	10672.9	144.01	5.79327
XM_026502409.3	2392	2212.9	0	0
XM_026502411.3	2164	1984.9	0.487891	0.105535
XM_026502412.3	2161	1981.9	3.51211	0.760849
XM_026502414.3	1269	1089.9	37	14.5756
XM_026502415.3	948	768.905	0	0
XM_026502416.3	939	759.905	0	0
XM_026502418.3	2609	2429.9	0	0
XM_026502419.3	1229	1049.9	0	0
XM_026502429.3	2527	2347.9	10	1.82866
XM_026502431.3	1287	1107.9	0	0
XM_026502432.3	1394	1214.9	2049.29	724.226
XM_026502433.3	1188	1008.9	2629.71	1119.11
XM_026502435.3	1521	1341.9	0	0
XM_026502437.3	2287	2107.9	0	0
XM_026502438.3	5252	5072.9	15	1.26954
XM_026502443.3	1792	1612.9	0	0
XM_026502446.3	950	770.905	0	0
XM_026502450.3	2026	1846.9	14.0449	3.26503
XM_026502452.3	931	751.98	0	0
XM_026502455.3	2839	2659.9	687	110.893
XM_026502456.3	1292	1112.9	0	0
XM_026502458.2	546	367.056	0	0
XM_026502461.3	1267	1087.9	0	0
XM_026502462.3	1384	1204.9	0	0
XM_026502464.3	1148	968.905	0	0
XM_026502465.3	1010	830.905	0	0
XM_026502466.3	6972	6792.9	18	1.13771
XM_026502468.3	2649	2469.9	0	0
XM_026502470.3	2849	2669.9	0	0
XM_026502472.3	1336	1156.9	0	0
XM_026502473.3	1182	1002.9	0	0
XM_026502476.3	1734	1554.9	0	0
XM_026502477.3	785	605.98	0	0
XM_026502479.3	2622	2442.9	0	0
XM_026502480.3	6022	5842.9	0	0
XM_026502483.3	1894	1714.9	4	1.00146
XM_026502485.3	2987	2807.9	0	0
XM_026502486.3	697	517.98	0	0
XM_026502489.3	4653	4473.9	15	1.43952
XM_026502490.3	2993	2813.9	0	0
XM_026502493.3	4256	4076.9	50	5.26566
XM_026502495.3	7767	7587.9	0	0
XM_026502499.3	2607	2427.9	137	24.2272
XM_026502501.3	6874	6694.9	0	0
XM_026502503.3	4602	4422.9	0	0
XM_026502504.3	4437	4257.9	0	0
XM_026502507.3	6258	6078.9	0	0
XM_026502508.3	9729	9549.9	0	0
XM_026502509.3	6004	5824.9	4	0.294839
XM_026502511.3	2563	2383.9	64.43	11.6041
XM_026502512.3	2446	2266.9	15.7557	2.98413
XM_026502513.3	4348	4168.9	33.2847	3.42796
XM_026502514.3	6280	6100.9	75	5.27813
XM_026502515.3	4126	3946.9	2.00014	0.217579
XM_026502516.3	4082	3902.9	13.7782	1.51571
XM_026502517.3	3958	3778.9	0.300622	0.0341561
XM_026502519.3	2282	2102.9	48	9.8002
XM_026502520.3	13269	13089.9	3.68481	0.120863
XM_026502524.3	962	782.905	0	0
XM_026502527.3	2279	2099.9	0	0
XM_026502531.3	3297	3117.9	0	0
XM_026502532.3	3238	3058.9	79.5441	11.1649
XM_026502533.3	3156	2976.9	0.000666723	9.61599e-05
XM_026502534.3	3124	2944.9	10.8654	1.58411
XM_026502535.3	3349	3169.9	90.3025	12.2311
XM_026502537.3	4288	4108.9	0	0
XM_026502539.3	3392	3212.9	0	0
XM_026502540.3	3502	3322.9	0	0
XM_026502541.3	2605	2425.9	290	51.326
XM_026502542.3	3930	3750.9	0	0
XM_026502544.3	2736	2556.9	18.6258	3.12761
XM_026502545.3	2978	2798.9	0	0
XM_026502546.3	2884	2704.9	20.1108	3.19221
XM_026502548.3	2261	2081.9	101	20.8293
XM_026502549.3	1402	1222.9	672	235.934
XM_026502550.3	769	589.98	36	26.1986
XM_026502551.3	4006	3826.9	12	1.34632
XM_026502554.3	1728	1548.9	38	10.5335
XM_026502555.3	2358	2178.9	8	1.5764
XM_026502556.3	1029	849.905	0	0
XM_026502558.3	1255	1075.9	2	0.798123
XM_026502560.3	1336	1156.9	3817.43	1416.73
XM_026502561.3	3265	3085.9	444.161	61.7976
XM_026502562.3	3190	3010.9	14.8387	2.11599
XM_026502565.3	1146	966.905	55	24.4226
XM_026502566.3	2358	2178.9	0	0
XM_026502567.3	2200	2020.9	0	0
XM_026502568.3	2675	2495.9	13	2.23629
XM_026502569.3	1974	1794.9	0	0
XM_026502570.3	3079	2899.9	2	0.296115
XM_026502572.3	1899	1719.9	0	0
XM_026502575.3	1558	1378.9	195	60.7175
XM_026502576.3	2454	2274.9	31.4815	5.94162
XM_026502577.3	2438	2258.9	73.3736	13.9462
XM_026502578.3	1233	1053.9	0	0
XM_026502579.2	855	675.98	0	0
XM_026502580.3	3141	2961.9	0	0
XM_026502582.3	3266	3086.9	11.9499	1.66209
XM_026502588.3	962	782.905	36.7905	20.1763
XM_026502589.3	1677	1497.9	18.0238	5.16625
XM_026502590.3	1688	1508.9	21.7459	6.18769
XM_026502591.3	1657	1477.9	0	0
XM_026502592.3	1653	1473.9	15.4607	4.50375
XM_026502593.3	2870	2690.9	4.24148	0.676757
XM_026502595.3	6465	6285.9	280.285	19.1446
XM_026502596.3	3906	3726.9	0	0
XM_026502598.3	2734	2554.9	42	7.0581
XM_026502599.3	2594	2414.9	0	0
XM_026502600.3	4054	3874.9	0	0
XM_026502601.3	898	718.98	943	563.129
XM_026502602.3	4030	3850.9	0	0
XM_026502603.3	4027	3847.9	10.7879	1.20372
XM_026502604.3	4024	3844.9	0	0
XM_026502605.3	4021	3841.9	0	0
XM_026502606.3	4018	3838.9	11.0413	1.23488
XM_026502607.3	1303	1123.9	88388	33765.8
XM_026502608.3	5129	4949.9	7	0.607176
XM_026502609.3	2609	2429.9	283	50.0047
XM_026502610.3	2691	2511.9	1	0.170927
XM_026502611.3	2391	2211.9	37	7.18206
XM_026502612.3	1330	1150.9	0	0
XM_026502614.3	2345	2165.9	134	26.5631
XM_026502617.3	5064	4884.9	3	0.263681
XM_026502620.3	2146	1966.9	56.7004	12.377
XM_026502621.3	4952	4772.9	8.29961	0.746601
XM_026502622.3	3087	2907.9	0	0
XM_026502627.3	4639	4459.9	15.1313	1.45668
XM_026502628.3	1825	1645.9	42.475	11.08
XM_026502629.3	824	644.98	128	85.2073
XM_026502630.3	8817	8637.9	89.4193	4.44464
XM_026502631.3	1520	1340.9	0	0
XM_026502634.3	2898	2718.9	5	0.789568
XM_026502635.3	1587	1407.9	1	0.304958
XM_026502636.3	1380	1200.9	179.293	64.1014
XM_026502637.3	1357	1177.9	453.707	165.379
XM_026502638.3	1983	1803.9	0	0
XM_026502639.3	1994	1814.9	0	0
XM_026502643.3	8925	8745.9	0	0
XM_026502645.3	8584	8404.9	0	0
XM_026502646.2	806	626.98	0	0
XM_026502647.3	3096	2916.9	86	12.6587
XM_026502648.3	9201	9021.9	87	4.14033
XM_026502649.3	6379	6199.9	5	0.346257
XM_026502650.3	6464	6284.9	9.58548e-08	6.5483e-09
XM_026502652.3	13445	13265.9	3.76	0.121693
XM_026502656.3	4963	4783.9	5	0.448746
XM_026502661.3	5077	4897.9	28.4349	2.49261
XM_026502663.3	4388	4208.9	18.1081	1.84722
XM_026502665.3	4437	4257.9	4.98703e-06	5.02874e-07
XM_026502667.3	1694	1514.9	0	0
XM_026502668.3	1563	1383.9	229.069	71.0678
XM_026502669.3	8140	7960.9	0.000481652	2.59767e-05
XM_026502670.3	8017	7837.9	0	0
XM_026502672.3	8078	7898.9	12.9995	0.7066
XM_026502673.3	1816	1636.9	0	0
XM_026502674.3	1765	1585.9	0	0
XM_026502675.3	3305	3125.9	1	0.137353
XM_026502678.3	1126	946.905	0	0
XM_026502680.3	2416	2236.9	130	24.9522
XM_026502681.3	2394	2214.9	7	1.35693
XM_026502682.3	2322	2142.9	4	0.801439
XM_026502684.3	3951	3771.9	0	0
XM_026502685.3	1296	1116.9	37.2135	14.3053
XM_026502687.3	3879	3699.9	0	0
XM_026502689.3	6931	6751.9	1	0.0635898
XM_026502690.2	2906	2726.9	0	0
XM_026502691.3	3344	3164.9	0	0
XM_026502693.3	3423	3243.9	0	0
XM_026502694.3	1165	985.905	12.28	5.34782
XM_026502696.3	2919	2739.9	0	0
XM_026502700.3	2271	2091.9	0	0
XM_026502703.3	9889	9709.9	228	10.0817
XM_026502704.3	4672	4492.9	48.2811	4.61385
XM_026502707.3	2589	2409.9	0	0
XM_026502709.3	2399	2219.9	14	2.70774
XM_026502711.3	1047	867.905	1	0.494699
XM_026502712.3	1336	1156.9	0	0
XM_026502713.3	8271	8091.9	22.8071	1.21013
XM_026502718.3	7812	7632.9	0	0
XM_026502719.3	7530	7350.9	4.5826	0.267661
XM_026502723.3	9043	8863.9	145.723	7.05856
XM_026502724.3	2376	2196.9	55.82	10.9092
XM_026502729.3	1406	1226.9	8	2.79958
XM_026502735.3	9945	9765.9	0	0
XM_026502736.3	2999	2819.9	24	3.65418
XM_026502737.3	2995	2815.9	0	0
XM_026502738.3	2953	2773.9	0	0
XM_026502739.3	1145	965.905	0	0
XM_026502740.3	5131	4951.9	0	0
XM_026502741.3	4205	4025.9	332.033	35.4105
XM_026502742.3	4236	4056.9	36.0614	3.81646
XM_026502743.3	4011	3831.9	124.656	13.9673
XM_026502745.2	1113	933.905	0	0
XM_026502746.3	5405	5225.9	9.84714	0.809025
XM_026502747.3	5236	5056.9	1.36547	0.115934
XM_026502748.3	3525	3345.9	3.69922	0.47469
XM_026502749.3	5160	4980.9	0	0
XM_026502750.3	1702	1522.9	54	15.2242
XM_026502752.3	7989	7809.9	2.03518	0.111885
XM_026502753.3	5636	5456.9	1	0.0786805
XM_026502757.3	5035	4855.9	0	0
XM_026502758.3	4992	4812.9	0	0
XM_026502759.3	4430	4250.9	0	0
XM_026502760.3	5958	5778.9	0	0
XM_026502761.3	5869	5689.9	0	0
XM_026502762.3	5869	5689.9	0	0
XM_026502763.3	4299	4119.9	340.944	35.5312
XM_026502764.3	5788	5608.9	19.1053	1.46248
XM_026502765.3	4765	4585.9	0	0
XM_026502769.3	4567	4387.9	6.1661e-05	6.03347e-06
XM_026502773.3	1344	1164.9	211	77.7688
XM_026502774.3	3992	3812.9	29.7956	3.35513
XM_026502775.3	3974	3794.9	425.221	48.1091
XM_026502776.3	3565	3385.9	7.98375	1.01238
XM_026502777.3	2330	2150.9	34	6.7869
XM_026502778.3	3591	3411.9	0	0
XM_026502779.3	4793	4613.9	34.5933	3.21911
XM_026502781.3	4588	4408.9	7.40675	0.721291
XM_026502783.3	7616	7436.9	913.661	52.7481
XM_026502784.2	7666	7486.9	17.6764	1.01369
XM_026502785.3	5967	5787.9	19.1132	1.41783
XM_026502786.3	1486	1306.9	6.60893	2.1712
XM_026502787.3	4914	4734.9	132.719	12.0347
XM_026502790.3	1546	1366.9	0	0
XM_026502791.3	5801	5621.9	0	0
XM_026502798.3	956	776.905	0	0
XM_026502799.1	996	816.905	0	0
XM_026502802.2	519	340.091	0	0
XM_026502803.3	2731	2551.9	1	0.168248
XM_026502804.2	354	178.271	0	0
XM_026502807.3	5282	5102.9	0	0
XM_026502809.2	1098	918.905	0	0
XM_026502810.2	498	319.091	0	0
XM_026502811.2	564	384.98	0	0
XM_026502814.2	1902	1722.9	0	0
XM_026502817.3	3398	3218.9	0	0
XM_026502819.3	8194	8014.9	0	0
XM_026502821.2	990	810.905	0	0
XM_026502828.3	1536	1356.9	0.105456	0.0333685
XM_026502829.3	16229	16049.9	9.21524	0.246517
XM_026502831.3	1884	1704.9	0	0
XM_026502834.3	4363	4183.9	0	0
XM_026502836.3	3604	3424.9	2	0.250723
XM_026502838.3	1536	1356.9	0	0
XM_026502839.3	23810	23630.9	21.2658	0.386381
XM_026502840.2	471	292.277	0	0
XM_026502841.1	273	108.399	0	0
XM_026502842.3	390	212.589	1	2.01964
XM_026502843.3	2462	2282.9	0	0
XM_026502844.3	1152	972.905	0	0
XM_026502845.3	1078	898.905	0	0
XM_026502846.3	8336	8156.9	0	0
XM_026502847.2	531	352.091	0	0
XM_026502848.3	548	369.056	0	0
XM_026502849.3	619	439.98	0	0
XM_026502850.3	513	334.091	0	0
XM_026502851.3	306	135.147	0	0
XM_026502852.2	186	51.4338	0	0
XM_026502853.2	207	63.0744	0	0
XM_026502854.3	11795	11615.9	22.1957	0.820407
XM_026502856.2	1746	1566.9	0	0
XM_026502857.3	1137	957.905	0	0
XM_026502859.3	1453	1273.9	0	0
XM_026502862.1	1581	1401.9	0	0
XM_026502863.3	775	595.98	5	3.60206
XM_026502864.3	11614	11434.9	66.8043	2.50833
XM_026502865.3	393	215.567	0	0
XM_026502866.3	742	562.98	0	0
XM_026502870.3	770	590.98	3246	2358.25
XM_026502871.3	3297	3117.9	6	0.826232
XM_026502872.2	1191	1011.9	0	0
XM_026502873.2	1077	897.905	0	0
XM_026502874.3	414	236.073	0	0
XM_026502875.3	750	570.98	0	0
XM_026502876.3	3315	3135.9	0	0
XM_026502877.3	675	495.98	0	0
XM_026502878.2	912	732.98	0	0
XM_026502879.1	861	681.98	0	0
XM_026502880.3	1002	822.905	0	0
XM_026502881.3	2817	2637.9	34	5.53392
XM_026502883.3	573	393.98	0	0
XM_026502884.2	1008	828.905	0	0
XM_026502885.3	3504	3324.9	0	0
XM_026502886.1	555	376.018	0	0
XM_026502892.3	1947	1767.9	0	0
XM_026502893.2	2160	1980.9	0	0
XM_026502897.3	2673	2493.9	0	0
XM_026502900.3	2544	2364.9	0	0
XM_026502901.2	3468	3288.9	1	0.130546
XM_026502902.3	7777	7597.9	34.7691	1.96478
XM_026502903.3	1173	993.905	0	0
XM_026502904.3	801	621.98	0	0
XM_026502905.3	360	183.852	0	0
XM_026502907.2	696	516.98	0	0
XM_026502908.3	504	325.091	0	0
XM_026502910.2	273	108.399	0	0
XM_026502911.3	2470	2290.9	0	0
XM_026502913.3	1392	1212.9	0	0
XM_026502914.3	1268	1088.9	25	9.85743
XM_026502915.2	1293	1113.9	0	0
XM_026502916.3	744	564.98	0	0
XM_026502917.2	717	537.98	0	0
XM_026502918.3	2357	2177.9	2	0.39428
XM_026502922.1	375	198.081	0	0
XM_026502923.3	4260	4080.9	3	0.31563
XM_026502925.3	2112	1932.9	0	0
XM_026502928.3	4373	4193.9	484	49.5496
XM_026502929.3	5227	5047.9	4	0.340222
XM_026502932.1	384	206.757	0	0
XM_026502937.3	249	90.2619	0	0
XM_026502938.3	294	125.184	0	0
XM_026502940.2	1101	921.905	0	0
XM_026502941.3	1680	1500.9	1	0.286062
XM_026502942.3	3148	2968.9	136	19.6678
XM_026502946.3	3234	3054.9	126	17.7087
XM_026502947.3	1036	856.905	82	41.0861
XM_026502950.3	7625	7445.9	0	0
XM_026502951.3	7387	7207.9	34.4831	2.05405
XM_026502957.3	7448	7268.9	0.00057728	3.40982e-05
XM_026502959.3	3732	3552.9	6	0.725072
XM_026502961.3	1394	1214.9	50	17.6702
XM_026502965.3	1171	991.905	0	0
XM_026502966.3	1329	1149.9	29	10.828
XM_026502967.3	3929	3749.9	4.79399e-08	5.48897e-09
XM_026502968.3	3872	3692.9	23	2.67407
XM_026502974.3	1495	1315.9	0	0
XM_026502975.3	8446	8266.9	0	0
XM_026502976.3	1215	1035.9	7	2.90129
XM_026502978.3	2741	2561.9	25	4.18977
XM_026502979.3	5398	5218.9	2.6226	0.215758
XM_026502980.3	4724	4544.9	0	0
XM_026502981.3	4635	4455.9	0	0
XM_026502983.3	4632	4452.9	0	0
XM_026502989.3	3215	3035.9	89.6108	12.6732
XM_026502990.3	361	184.852	22	51.0989
XM_026502991.2	828	648.98	0	0
XM_026502992.3	2970	2790.9	78	11.9995
XM_026502994.3	2434	2254.9	11	2.09449
XM_026502995.3	4919	4739.9	45.6828	4.13806
XM_026502996.3	4912	4732.9	0	0
XM_026502997.3	4825	4645.9	0.317153	0.0293097
XM_026502999.3	2258	2078.9	23.2021	4.79187
XM_026503000.3	1072	892.905	29	13.9446
XM_026503001.3	1183	1003.9	0	0
XM_026503005.3	12114	11934.9	4.05826	0.145994
XM_026503009.3	3285	3105.9	8.21597	1.13575
XM_026503010.3	3199	3019.9	33.0577	4.69994
XM_026503014.3	4292	4112.9	19.8321	2.0703
XM_026503015.3	4485	4305.9	21.2353	2.11742
XM_026503016.3	2340	2160.9	0	0
XM_026503017.3	2154	1974.9	0	0
XM_026503018.3	4646	4466.9	1.28995	0.123988
XM_026503019.3	4531	4351.9	0	0
XM_026503021.3	28565	28385.9	8.43863	0.127639
XM_026503022.3	6740	6560.9	61.0798	3.99712
XM_026503023.3	12310	12130.9	44.8741	1.58824
XM_026503025.3	4424	4244.9	155	15.6775
XM_026503028.3	8583	8403.9	0.846449	0.0432447
XM_026503029.3	8594	8414.9	0.153551	0.0078346
XM_026503031.2	621	441.98	0	0
XM_026503032.2	621	441.98	0	0
XM_026503033.2	843	663.98	0	0
XM_026503034.3	7003	6823.9	0	0
XM_026503035.3	7869	7689.9	249	13.9025
XM_026503036.3	1737	1557.9	1	0.275596
XM_026503038.3	4008	3828.9	11	1.23348
XM_026503039.3	3043	2863.9	0	0
XM_026503042.3	2235	2055.9	0	0
XM_026503043.3	3277	3097.9	0	0
XM_026503045.3	2710	2530.9	0.0125012	0.00212075
XM_026503048.3	3875	3695.9	45	5.22763
XM_026503051.3	3486	3306.9	26.2453	3.40755
XM_026503053.3	3234	3054.9	37.7547	5.30624
XM_026503054.3	1486	1306.9	1	0.328526
XM_026503059.3	3166	2986.9	13	1.86868
XM_026503060.3	8774	8594.9	129.03	6.44559
XM_026503061.3	8735	8555.9	51.9701	2.60796
XM_026503062.3	2133	1953.9	0	0
XM_026503063.3	698	518.98	32.4433	26.8403
XM_026503066.3	777	597.98	11.5567	8.29776
XM_026503077.3	2109	1929.9	0	0
XM_026503078.3	2298	2118.9	94	19.0471
XM_026503079.3	1860	1680.9	1	0.255429
XM_026503081.3	3065	2885.9	0	0
XM_026503085.3	5588	5408.9	93.96	7.45842
XM_026503086.3	4936	4756.9	13.04	1.17698
XM_026503087.3	8537	8357.9	0	0
XM_026503088.3	9021	8841.9	0	0
XM_026503089.3	9021	8841.9	0	0
XM_026503090.3	9020	8840.9	0	0
XM_026503091.3	9004	8824.9	0	0
XM_026503092.3	8881	8701.9	0.85523	0.042197
XM_026503093.3	3150	2970.9	13	1.87875
XM_026503094.3	8882	8702.9	0	0
XM_026503095.3	8968	8788.9	1.96752e-06	9.61163e-08
XM_026503096.3	8968	8788.9	0	0
XM_026503097.3	2991	2811.9	1.17053	0.178729
XM_026503098.3	8864	8684.9	10.9742	0.542529
XM_026503099.3	8223	8043.9	0	0
XM_026503101.3	8223	8043.9	0	0
XM_026503102.3	3596	3416.9	10	1.25655
XM_026503105.3	3823	3643.9	165	19.4415
XM_026503106.3	3341	3161.9	0.000882833	0.000119879
XM_026503107.3	3319	3139.9	7.99912	1.0938
XM_026503108.3	3098	2918.9	0	0
XM_026503109.3	3051	2871.9	0	0
XM_026503110.3	8794	8614.9	178.928	8.91748
XM_026503111.3	12021	11841.9	0	0
XM_026503113.3	3192	3012.9	0	0
XM_026503114.3	9388	9208.9	0	0
XM_026503115.3	3493	3313.9	20.6644	2.67729
XM_026503120.3	3663	3483.9	0	0
XM_026503121.3	4970	4790.9	0.02434	0.00218131
XM_026503122.3	6431	6251.9	20.7602	1.42571
XM_026503123.3	5033	4853.9	0	0
XM_026503124.3	1086	906.905	64.4464	30.5106
XM_026503126.3	8322	8142.9	133.861	7.05808
XM_026503132.3	3204	3024.9	0	0
XM_026503134.3	1031	851.905	150	75.5986
XM_026503135.3	1018	838.905	45	23.031
XM_026503137.3	4296	4116.9	50	5.2145
XM_026503141.3	8461	8281.9	28.0579	1.45458
XM_026503143.3	1238	1058.9	44	17.8406
XM_026503144.3	2393	2213.9	3	0.581803
XM_026503145.3	5400	5220.9	0	0
XM_026503147.3	5373	5193.9	14.7371	1.21824
XM_026503148.2	4928	4748.9	0	0
XM_026503149.3	2747	2567.9	14	2.34079
XM_026503150.3	5441	5261.9	23.9623	1.95523
XM_026503151.3	5236	5056.9	0.0377105	0.00320177
XM_026503152.3	3284	3104.9	0	0
XM_026503153.3	3363	3183.9	0	0
XM_026503154.3	4204	4024.9	0	0
XM_026503156.3	1974	1794.9	61	14.5916
XM_026503160.3	1589	1409.9	0	0
XM_026503161.3	1268	1088.9	675	266.151
XM_026503164.3	1084	904.905	162	76.8645
XM_026503165.3	6717	6537.9	13	0.853725
XM_026503166.3	2434	2254.9	6	1.14245
XM_026503169.3	4018	3838.9	24	2.68422
XM_026503175.3	3175	2995.9	2	0.286626
XM_026503176.3	2747	2567.9	185.807	31.0667
XM_026503177.3	2826	2646.9	88.1934	14.3058
XM_026503178.3	9250	9070.9	27.0548	1.28058
XM_026503181.3	1594	1414.9	89	27.007
XM_026503188.3	2515	2335.9	0	0
XM_026503190.3	10420	10240.9	273.774	11.478
XM_026503191.3	5761	5581.9	0	0
XM_026503192.3	4892	4712.9	2	0.182203
XM_026503193.3	4471	4291.9	176	17.6066
XM_026503195.3	12506	12326.9	8.0902	0.281785
XM_026503196.3	12500	12320.9	0	0
XM_026503197.3	5303	5123.9	1.49909	0.125615
XM_026503198.3	1737	1557.9	3	0.826787
XM_026503203.3	1410	1230.9	0	0
XM_026503204.3	3446	3266.9	29.3235	3.85383
XM_026503205.3	1004	824.905	6.05009	3.14899
XM_026503206.3	6878	6698.9	287.165	18.4052
XM_026503207.3	3060	2880.9	0	0
XM_026503208.3	2312	2132.9	14.1076	2.83985
XM_026503210.3	3444	3264.9	65	8.54784
XM_026503211.3	2126	1946.9	0	0
XM_026503213.2	612	432.98	0	0
XM_026503214.3	4861	4681.9	2	0.183409
XM_026503215.3	3466	3286.9	41.1137	5.37048
XM_026503219.3	8201	8021.9	0	0
XM_026503220.3	626	446.98	0	0
XM_026503221.3	2693	2513.9	0	0
XM_026503222.3	3723	3543.9	4.2235	0.511687
XM_026503223.3	1804	1624.9	14.1072	3.72758
XM_026503224.3	2647	2467.9	0	0
XM_026503225.3	1679	1499.9	10.6693	3.05411
XM_026503227.3	1654	1474.9	0	0
XM_026503228.3	3313	3133.9	31	4.24707
XM_026503229.3	831	651.98	0	0
XM_026503230.3	839	659.98	0	0
XM_026503231.3	719	539.98	1.10411e-05	8.77905e-06
XM_026503232.3	819	639.98	6.14345	4.12154
XM_026503237.3	8176	7996.9	0	0
XM_026503239.3	7075	6895.9	10.5795	0.658697
XM_026503240.3	3230	3050.9	0	0
XM_026503241.3	3328	3148.9	38.4205	5.23862
XM_026503243.3	6046	5866.9	0	0
XM_026503245.3	3704	3524.9	0	0
XM_026503246.3	3693	3513.9	0	0
XM_026503248.3	861	681.98	0	0
XM_026503249.3	5555	5375.9	0	0
XM_026503250.2	1386	1206.9	0	0
XM_026503251.3	1923	1743.9	37	9.10946
XM_026503252.3	4738	4558.9	0	0
XM_026503254.3	2088	1908.9	0	0
XM_026503255.3	2085	1905.9	0	0
XM_026503256.3	5865	5685.9	94	7.09809
XM_026503257.3	3765	3585.9	5.7189	0.684742
XM_026503258.3	3300	3120.9	4.28838	0.589965
XM_026503259.3	6251	6071.9	13.8456	0.979042
XM_026503260.3	6218	6038.9	7.15437	0.508659
XM_026503261.3	5918	5738.9	0	0
XM_026503262.3	5151	4971.9	10	0.863556
XM_026503264.3	6754	6574.9	1.32863e-05	8.67614e-07
XM_026503265.3	6752	6572.9	1.97619e-05	1.29087e-06
XM_026503266.3	6688	6508.9	6.93944	0.457752
XM_026503267.3	6685	6505.9	12.665	0.835818
XM_026503268.3	6601	6421.9	1.73144e-05	1.1576e-06
XM_026503269.3	6157	5977.9	0	0
XM_026503270.3	6535	6355.9	12.3955	0.837336
XM_026503272.3	1949	1769.9	0	0
XM_026503273.3	2177	1997.9	0	0
XM_026503281.3	4084	3904.9	0	0
XM_026503283.3	4810	4630.9	599	55.536
XM_026503284.3	18744	18564.9	22.9719	0.531272
XM_026503285.3	19176	18996.9	20.7354	0.468644
XM_026503286.3	10051	9871.9	135	5.87146
XM_026503287.3	10153	9973.9	0	0
XM_026503288.2	1860	1680.9	0	0
XM_026503289.3	768	588.98	0	0
XM_026503293.3	2202	2022.9	0	0
XM_026503296.3	2164	1984.9	437.531	94.6418
XM_026503297.3	2155	1975.9	154.469	33.5651
XM_026503300.3	8211	8031.9	58.0819	3.10482
XM_026503302.3	2133	1953.9	0	0
XM_026503303.2	738	558.98	0	0
XM_026503304.3	4093	3913.9	28	3.07158
XM_026503305.3	3975	3795.9	0	0
XM_026503307.3	5466	5286.9	12	0.974525
XM_026503308.3	5265	5085.9	0	0
XM_026503310.3	5539	5359.9	0	0
XM_026503311.3	981	801.905	144	77.0998
XM_026503312.3	1305	1125.9	0	0
XM_026503313.3	1380	1200.9	0	0
XM_026503314.3	1257	1077.9	258.12	102.814
XM_026503315.3	2637	2457.9	318	55.5489
XM_026503317.3	4592	4412.9	695	67.6198
XM_026503321.3	11204	11024.9	0	0
XM_026503323.3	11116	10936.9	0	0
XM_026503324.3	7972	7792.9	248	13.6636
XM_026503325.3	5730	5550.9	7.93995	0.61414
XM_026503326.3	5548	5368.9	83.06	6.64232
XM_026503327.3	1686	1506.9	22.4911	6.40824
XM_026503329.3	1521	1341.9	1.44021e-08	4.60804e-09
XM_026503331.3	9030	8850.9	0.25024	0.012139
XM_026503332.3	9000	8820.9	8.56623	0.416956
XM_026503333.3	8997	8817.9	13.3529	0.650166
XM_026503334.3	9033	8853.9	0.0655321	0.00317785
XM_026503337.3	2695	2515.9	16.552	2.82468
XM_026503342.3	3671	3491.9	0	0
XM_026503343.2	1906	1726.9	0	0
XM_026503344.3	6586	6406.9	0	0
XM_026503346.3	6315	6135.9	2.7876	0.195059
XM_026503347.3	3189	3009.9	258	36.8028
XM_026503348.3	3167	2987.9	0	0
XM_026503349.3	2857	2677.9	221.175	35.4612
XM_026503350.3	2942	2762.9	19.8255	3.08086
XM_026503351.3	1977	1797.9	41.4264	9.8929
XM_026503352.3	1985	1805.9	0	0
XM_026503355.3	1760	1580.9	10.5736	2.87165
XM_026503357.3	5343	5163.9	31.1838	2.59277
XM_026503358.3	3240	3060.9	0	0
XM_026503359.3	1165	985.905	21.8843	9.53041
XM_026503360.3	1136	956.905	72.1157	32.3575
XM_026503361.3	5068	4888.9	0	0
XM_026503362.3	750	570.98	21	15.7911
XM_026503363.3	10684	10504.9	0	0
XM_026503364.3	4215	4035.9	0	0
XM_026503365.3	3896	3716.9	2	0.231027
XM_026503366.3	1512	1332.9	213.976	68.9253
XM_026503367.3	1376	1196.9	10.0244	3.59595
XM_026503368.3	7359	7179.9	10.5851	0.632977
XM_026503369.3	8119	7939.9	23.9406	1.29459
XM_026503379.3	8064	7884.9	0.00135961	7.40338e-05
XM_026503382.3	10576	10396.9	68.0013	2.80819
XM_026503383.3	1371	1191.9	79	28.4576
XM_026503384.3	1274	1094.9	0	0
XM_026503386.3	3354	3174.9	1.08616	0.146885
XM_026503387.3	3551	3371.9	0	0
XM_026503395.3	2396	2216.9	10.6655	2.0656
XM_026503396.3	2456	2276.9	0	0
XM_026503397.3	2440	2260.9	35.9076	6.81895
XM_026503398.3	2387	2207.9	0	0
XM_026503399.3	4555	4375.9	148.661	14.5862
XM_026503400.3	4514	4334.9	42.6561	4.22489
XM_026503401.3	4462	4282.9	22.7156	2.27719
XM_026503402.3	4596	4416.9	0	0
XM_026503404.3	4445	4265.9	0.00373492	0.00037591
XM_026503405.3	2460	2280.9	111	20.8944
XM_026503406.3	2299	2119.9	0	0
XM_026503407.3	426	247.808	161	278.949
XM_026503408.3	5668	5488.9	136	10.6382
XM_026503409.3	4700	4520.9	0	0
XM_026503411.3	5783	5603.9	0	0
XM_026503412.3	879	699.98	44	26.9886
XM_026503424.3	4083	3903.9	21	2.30958
XM_026503426.3	3802	3622.9	20.6686	2.44944
XM_026503427.3	9725	9545.9	1.33509	0.0600492
XM_026503429.3	3807	3627.9	162	19.1722
XM_026503431.3	3481	3301.9	1	0.130032
XM_026503436.3	5943	5763.9	1.46216	0.108916
XM_026503437.3	5938	5758.9	4.53784	0.338316
XM_026503438.3	6288	6108.9	0	0
XM_026503439.3	2118	1938.9	114	25.2442
XM_026503440.3	4050	3870.9	0.000309061	3.42803e-05
XM_026503441.3	4017	3837.9	21.9997	2.46114
XM_026503442.3	4011	3831.9	0	0
XM_026503443.3	3977	3797.9	0	0
XM_026503446.3	12344	12164.9	16	0.564709
XM_026503447.3	1928	1748.9	35.4072	8.69237
XM_026503448.3	8281	8101.9	24.0497	1.27449
XM_026503450.3	657	477.98	0	0
XM_026503455.3	4992	4812.9	15.5768	1.38958
XM_026503456.3	3948	3768.9	6.39343	0.728337
XM_026503457.3	3328	3148.9	0	0
XM_026503462.3	2352	2172.9	3	0.592781
XM_026503463.3	2376	2196.9	115.13	22.5005
XM_026503465.3	2477	2297.9	70.8697	13.2417
XM_026503466.3	1232	1052.9	26.3226	10.7338
XM_026503467.3	1297	1117.9	0	0
XM_026503469.3	2686	2506.9	310.533	53.1843
XM_026503471.3	4402	4222.9	0	0
XM_026503472.3	4459	4279.9	0	0
XM_026503473.3	4237	4057.9	5	0.529032
XM_026503474.3	1957	1777.9	594	143.447
XM_026503476.3	1269	1089.9	2.35972	0.929578
XM_026503477.3	1190	1010.9	2.64028	1.12138
XM_026503478.3	1265	1085.9	0	0
XM_026503479.3	2215	2035.9	0	0
XM_026503480.3	1909	1729.9	35	8.68679
XM_026503482.3	615	435.98	0	0
XM_026503483.3	3942	3762.9	2	0.228202
XM_026503485.3	3565	3385.9	99.1589	12.5739
XM_026503486.3	3979	3799.9	176	19.8863
XM_026503487.3	4304	4124.9	0	0
XM_026503488.3	1852	1672.9	2	0.513301
XM_026503489.3	4863	4683.9	2	0.183331
XM_026503491.3	2640	2460.9	0	0
XM_026503493.3	2326	2146.9	0	0
XM_026503494.3	9343	9163.9	0.00129256	6.05595e-05
XM_026503495.3	9331	9151.9	201.994	9.47633
XM_026503496.3	1581	1401.9	0	0
XM_026503497.3	7902	7722.9	30.065	1.67145
XM_026503499.3	1985	1805.9	17.1081	4.06744
XM_026503500.3	6677	6497.9	0	0
XM_026503501.3	3754	3574.9	2	0.240203
XM_026503502.3	6833	6653.9	30	1.93579
XM_026503505.3	5318	5138.9	103	8.60558
XM_026503506.3	3792	3612.9	47	5.58541
XM_026503507.3	4136	3956.9	5.15045	0.55886
XM_026503508.3	4134	3954.9	9.96278	1.08158
XM_026503509.3	1573	1393.9	18.8919	5.8191
XM_026503510.3	14629	14449.9	6.97752e-07	2.07324e-08
XM_026503511.3	14426	14246.9	72.8159	2.19442
XM_026503512.3	14468	14288.9	1.56274	0.0469572
XM_026503514.3	3106	2926.9	7	1.02684
XM_026503515.3	3150	2970.9	2.44634e-08	3.53542e-09
XM_026503516.3	4042	3862.9	6	0.666885
XM_026503520.3	10213	10033.9	5.34697e-06	2.28798e-07
XM_026503522.3	4322	4142.9	29	3.00543
XM_026503524.3	13084	12904.9	167	5.55616
XM_026503525.3	7615	7435.9	1.50579e-05	8.69448e-07
XM_026503526.3	6275	6095.9	0	0
XM_026503527.3	6073	5893.9	65	4.73504
XM_026503528.3	5783	5603.9	0	0
XM_026503529.3	2184	2004.9	0	0
XM_026503530.3	2009	1829.9	0	0
XM_026503531.3	1855	1675.9	0	0
XM_026503532.3	1782	1602.9	0	0
XM_026503533.3	4220	4040.9	0	0
XM_026503534.3	1956	1776.9	2	0.483258
XM_026503535.3	2021	1841.9	0	0
XM_026503538.3	2133	1953.9	0	0
XM_026503542.3	4702	4522.9	124	11.7711
XM_026503546.3	12299	12119.9	3.32175	0.117674
XM_026503555.3	1158	978.905	0	0
XM_026503556.3	1136	956.905	0	0
XM_026503559.3	1095	915.905	0	0
XM_026503561.3	4612	4432.9	0	0
XM_026503564.3	4578	4398.9	0	0
XM_026503566.3	4536	4356.9	0	0
XM_026503567.3	12301	12121.9	2.67825	0.0948622
XM_026503568.3	13227	13047.9	169.574	5.57998
XM_026503569.2	759	579.98	1	0.740287
XM_026503570.3	2470	2290.9	154	28.862
XM_026503572.3	2156	1976.9	0	0
XM_026503573.3	2079	1899.9	0	0
XM_026503577.3	1854	1674.9	22.47	5.76004
XM_026503578.3	4467	4287.9	0	0
XM_026503580.3	5014	4834.9	1.53003	0.135871
XM_026503584.3	1120	940.905	8.38696	3.82712
XM_026503585.3	2618	2438.9	0	0
XM_026503586.3	2564	2384.9	16.1771	2.91234
XM_026503587.3	3058	2878.9	0	0
XM_026503588.3	1163	983.905	5.83029	2.5442
XM_026503589.3	4740	4560.9	310.981	29.2749
XM_026503590.3	990	810.905	0	0
XM_026503591.3	2427	2247.9	73.3808	14.0158
XM_026503593.3	2095	1915.9	0	0
XM_026503597.3	1792	1612.9	2	0.532396
XM_026503598.3	5598	5418.9	17	1.34695
XM_026503600.2	963	783.905	0	0
XM_026503602.3	11959	11779.9	0	0
XM_026503603.3	2584	2404.9	0	0
XM_026503604.3	1554	1374.9	0	0
XM_026503605.3	2593	2413.9	91	16.1858
XM_026503606.2	960	780.905	432	237.519
XM_026503609.2	376	198.962	9.77227	21.0882
XM_026503610.3	2907	2727.9	0	0
XM_026503611.3	5127	4947.9	31.2277	2.70977
XM_026503612.3	4130	3950.9	19.5374	2.12317
XM_026503613.2	529	350.091	1	1.2264
XM_026503615.3	1796	1616.9	44	11.6837
XM_026503616.3	1214	1034.9	10	4.14871
XM_026503618.3	2809	2629.9	1	0.163258
XM_026503619.3	2180	2000.9	2	0.429158
XM_026503620.3	4808	4628.9	0	0
XM_026503622.3	1145	965.905	39.3679	17.4993
XM_026503623.3	1488	1308.9	7.6321	2.50351
XM_026503624.3	6027	5847.9	49	3.59757
XM_026503625.3	1045	865.905	20	9.91684
XM_026503627.3	729	549.98	2	1.56134
XM_026503628.3	1526	1346.9	135	43.0339
XM_026503629.3	1676	1496.9	7	2.00779
XM_026503630.3	1284	1104.9	129	50.1278
XM_026503631.3	4318	4138.9	34	3.52701
XM_026503634.3	3087	2907.9	26.3578	3.89173
XM_026503635.3	2368	2188.9	0	0
XM_026503636.2	3366	3186.9	0	0
XM_026503637.3	3936	3756.9	0	0
XM_026503638.3	3852	3672.9	0	0
XM_026503639.3	3938	3758.9	53	6.0538
XM_026503642.3	1297	1117.9	0	0
XM_026503644.3	1315	1135.9	0	0
XM_026503646.2	2481	2301.9	0	0
XM_026503647.3	2376	2196.9	21	4.10413
XM_026503648.3	2248	2068.9	0	0
XM_026503651.3	3655	3475.9	75.9993	9.38761
XM_026503653.3	3913	3733.9	0	0
XM_026503657.3	2383	2203.9	9	1.75333
XM_026503660.3	2402	2222.9	0.289824	0.0559792
XM_026503662.3	5247	5067.9	0	0
XM_026503663.3	5314	5134.9	0	0
XM_026503664.3	5172	4992.9	0	0
XM_026503665.3	5239	5059.9	0	0
XM_026503667.3	5467	5287.9	0	0
XM_026503668.3	5126	4946.9	0	0
XM_026503669.3	5407	5227.9	0	0
XM_026503670.3	5345	5165.9	0	0
XM_026503676.3	5013	4833.9	0	0
XM_026503678.3	4740	4560.9	0	0
XM_026503682.3	8229	8049.9	57.6573	3.07523
XM_026503683.3	7971	7791.9	0	0
XM_026503684.3	8101	7921.9	0	0
XM_026503685.3	3679	3499.9	32	3.92561
XM_026503686.3	3854	3674.9	0	0
XM_026503688.3	6697	6517.9	44	2.8984
XM_026503689.3	8953	8773.9	119	5.82328
XM_026503690.3	3182	3002.9	238.085	34.0411
XM_026503691.3	3421	3241.9	24.9152	3.29972
XM_026503692.3	3066	2886.9	512.786	76.2636
XM_026503693.3	10410	10230.9	38.6649	1.62262
XM_026503694.3	11030	10850.9	0	0
XM_026503695.3	10175	9995.9	0	0
XM_026503701.3	2801	2621.9	53	8.67905
XM_026503702.3	8483	8303.9	216	11.1682
XM_026503703.3	3292	3112.9	19	2.6206
XM_026503704.3	3531	3351.9	0.861124	0.110303
XM_026503705.3	4809	4629.9	64	5.93501
XM_026503706.3	4884	4704.9	63	5.74914
XM_026503707.3	8499	8319.9	41.9727	2.16602
XM_026503708.3	8456	8276.9	53.3231	2.76606
XM_026503711.3	7453	7273.9	29	1.71176
XM_026503712.3	1908	1728.9	2	0.496675
XM_026503714.3	13841	13661.9	118.646	3.7287
XM_026503715.3	2277	2097.9	43	8.80027
XM_026503716.3	5411	5231.9	71	5.82656
XM_026503717.3	5285	5105.9	0	0
XM_026503718.3	5351	5171.9	0	0
XM_026503719.3	5554	5374.9	0	0
XM_026503721.3	4128	3948.9	43.5643	4.73661
XM_026503724.3	3966	3786.9	0	0
XM_026503725.3	4556	4376.9	0	0
XM_026503729.3	5030	4850.9	5	0.442548
XM_026503731.3	954	774.905	0	0
XM_026503733.3	11049	10869.9	0	0
XM_026503734.3	9557	9377.9	5.84994	0.26783
XM_026503736.3	9629	9449.9	0.000270673	1.22979e-05
XM_026503738.3	7954	7774.9	69.927	3.86156
XM_026503740.3	3511	3331.9	17	2.19063
XM_026503743.3	4458	4278.9	98	9.83347
XM_026503744.3	1554	1374.9	1	0.312278
XM_026503745.3	7374	7194.9	0	0
XM_026503746.3	7462	7282.9	40.7317	2.40127
XM_026503749.2	7537	7357.9	168	9.80322
XM_026503751.3	7541	7361.9	0	0
XM_026503752.3	7424	7244.9	0	0
XM_026503753.3	9285	9105.9	0	0
XM_026503754.3	3792	3612.9	8.22985	0.978023
XM_026503755.3	3788	3608.9	3.84283	0.457182
XM_026503756.3	4060	3880.9	3.06845	0.339469
XM_026503757.3	2871	2691.9	0	0
XM_026503758.3	10687	10507.9	25	1.0215
XM_026503760.3	8262	8082.9	0	0
XM_026503763.3	1545	1365.9	0	0
XM_026503765.3	4232	4052.9	3.56263	0.377414
XM_026503766.3	884	704.98	43.4374	26.4545
XM_026503767.3	2102	1922.9	25.7762	5.75539
XM_026503768.2	972	792.905	0	0
XM_026503769.3	1618	1438.9	1	0.298388
XM_026503770.3	2793	2613.9	77	12.6478
XM_026503771.3	12656	12476.9	0	0
XM_026503772.3	3633	3453.9	0	0
XM_026503773.3	4865	4685.9	10.5459	0.966283
XM_026503774.3	3568	3388.9	2.43122e-05	3.0802e-06
XM_026503776.3	2043	1863.9	0	0
XM_026503777.3	2019	1839.9	6.67125	1.55677
XM_026503778.3	1931	1751.9	9.32875	2.28627
XM_026503779.3	3278	3098.9	2	0.277099
XM_026503781.3	12537	12357.9	0	0
XM_026503782.3	10872	10692.9	0	0
XM_026503784.3	2014	1834.9	50.0429	11.7096
XM_026503785.3	1574	1394.9	38.9571	11.991
XM_026503786.3	513	334.091	0	0
XM_026503787.3	1670	1490.9	1	0.287981
XM_026503788.3	3642	3462.9	2	0.247972
XM_026503791.3	3150	2970.9	55	7.94854
XM_026503792.3	2283	2103.9	201.685	41.1586
XM_026503793.3	3821	3641.9	0	0
XM_026503794.3	7772	7592.9	0.0774406	0.00437899
XM_026503795.3	11123	10943.9	0	0
XM_026503797.3	4549	4369.9	43	4.22484
XM_026503798.3	4538	4358.9	0	0
XM_026503800.3	4506	4326.9	0	0
XM_026503802.3	5392	5212.9	31	2.55326
XM_026503804.3	1202	1022.9	73	30.6409
XM_026503806.3	9958	9778.9	158.988	6.98051
XM_026503807.3	6879	6699.9	0	0
XM_026503808.3	6867	6687.9	0	0
XM_026503809.3	6827	6647.9	27.1895	1.75602
XM_026503810.3	6816	6636.9	0	0
XM_026503811.3	6030	5850.9	0.00206965	0.000151876
XM_026503812.3	5266	5086.9	33.8072	2.85344
XM_026503813.3	5306	5126.9	0.00122988	0.000102997
XM_026503817.3	6723	6543.9	0	0
XM_026503819.3	3289	3109.9	1136	156.836
XM_026503820.3	2229	2049.9	161.089	33.7401
XM_026503821.3	2195	2015.9	39.9739	8.51374
XM_026503823.3	9463	9283.9	10.0218	0.463478
XM_026503824.3	1445	1265.9	21	7.12249
XM_026503825.3	3767	3587.9	0	0
XM_026503826.3	2352	2172.9	63.4108	12.5296
XM_026503827.3	2285	2105.9	13.5892	2.77057
XM_026503828.3	424	245.832	639	1116.03
XM_026503829.3	5229	5049.9	0	0
XM_026503830.2	597	417.98	0	0
XM_026503833.3	2066	1886.9	0	0
XM_026503834.3	5118	4938.9	4	0.34773
XM_026503835.3	3546	3366.9	104	13.2622
XM_026503836.3	3624	3444.9	0.335415	0.0418041
XM_026503837.3	4440	4260.9	15.6646	1.57845
XM_026503839.3	1991	1811.9	68	16.1134
XM_026503840.3	1918	1738.9	0	0
XM_026503841.3	1877	1697.9	0	0
XM_026503842.3	4599	4419.9	96.0162	9.32707
XM_026503843.3	971	791.905	345	187.051
XM_026503851.3	4888	4708.9	0	0
XM_026503852.3	4595	4415.9	0	0
XM_026503855.3	4320	4140.9	0	0
XM_026503858.3	2445	2265.9	27	5.11606
XM_026503859.3	11636	11456.9	26	0.97436
XM_026503860.3	2702	2522.9	0	0
XM_026503861.3	2877	2697.9	74.3162	11.8269
XM_026503862.3	2728	2548.9	55.6002	9.36562
XM_026503863.3	2875	2695.9	0	0
XM_026503864.3	2831	2651.9	194.512	31.4921
XM_026503865.3	1480	1300.9	285.572	94.2503
XM_026503866.3	477	298.277	2	2.87888
XM_026503868.3	370	193.318	402	892.826
XM_026503870.3	1488	1308.9	1	0.328024
XM_026503871.3	3780	3600.9	4	0.476938
XM_026503872.3	1996	1816.9	4	0.945238
XM_026503873.3	2593	2413.9	7	1.24506
XM_026503874.3	8405	8225.9	102	5.3239
XM_026503875.3	8491	8311.9	0	0
XM_026503876.3	8464	8284.9	0	0
XM_026503877.3	7392	7212.9	0.434769	0.0258798
XM_026503878.3	5466	5286.9	64.1375	5.20863
XM_026503879.3	8620	8440.9	0	0
XM_026503880.3	6299	6119.9	0	0
XM_026503881.3	6346	6166.9	0	0
XM_026503882.3	2381	2201.9	0	0
XM_026503883.3	2362	2182.9	0	0
XM_026503888.3	2099	1919.9	2	0.447264
XM_026503889.2	3032	2852.9	115	17.3071
XM_026503890.3	1728	1548.9	42.3567	11.7412
XM_026503891.3	1672	1492.9	0	0
XM_026503892.3	6320	6140.9	0	0
XM_026503893.3	1664	1484.9	7.3092	2.11341
XM_026503897.3	821	641.98	1072.22	717.096
XM_026503898.3	800	620.98	132.115	91.3456
XM_026503902.3	760	580.98	0	0
XM_026503903.3	2694	2514.9	11.8333	2.02021
XM_026503912.3	5283	5103.9	0	0
XM_026503914.3	5842	5662.9	4.09296	0.310322
XM_026503918.3	1988	1808.9	48	11.393
XM_026503919.3	1998	1818.9	0	0
XM_026503920.3	2002	1822.9	0	0
XM_026503921.3	1162	982.905	1	0.43682
XM_026503922.3	2061	1881.9	0	0
XM_026503923.3	2601	2421.9	53.3123	9.45113
XM_026503925.3	2451	2271.9	144.367	27.2829
XM_026503927.3	1836	1656.9	198	51.3075
XM_026503929.3	2380	2200.9	12.5411	2.44652
XM_026503930.3	2320	2140.9	1.59875e-05	3.20624e-06
XM_026503931.3	2205	2025.9	50.5854	10.7206
XM_026503933.3	2186	2006.9	6.26611	1.34056
XM_026503934.3	2146	1966.9	1.21824e-05	2.65927e-06
XM_026503935.3	2103	1923.9	11.3807	2.5398
XM_026503936.3	4270	4090.9	7.8545	0.824352
XM_026503939.3	5994	5814.9	60.3833	4.45849
XM_026503943.3	1857	1677.9	0.559584	0.14319
XM_026503944.3	1854	1674.9	0.000211764	5.42846e-05
XM_026503945.3	1850	1670.9	130.989	33.6588
XM_026503946.2	1840	1660.9	12.1083	3.13006
XM_026503949.3	4548	4368.9	2.10885	0.207246
XM_026503950.3	4548	4368.9	6.87775	0.675908
XM_026503954.3	2021	1841.9	0	0
XM_026503955.3	3074	2894.9	3	0.444939
XM_026503958.3	3574	3394.9	1	0.12647
XM_026503959.3	1210	1030.9	13	5.41425
XM_026503962.3	2294	2114.9	0	0
XM_026503963.3	2443	2263.9	0	0
XM_026503967.2	1113	933.905	0	0
XM_026503970.3	7744	7564.9	45.0087	2.5545
XM_026503972.3	9784	9604.9	0	0
XM_026503975.3	6992	6812.9	7.743	0.487967
XM_026503976.3	7074	6894.9	43.0089	2.67821
XM_026503977.3	2669	2489.9	41	7.06992
XM_026503979.3	7681	7501.9	0	0
XM_026503984.3	1143	963.905	0	0
XM_026503987.2	1653	1473.9	0	0
XM_026503988.3	11693	11513.9	22	0.820377
XM_026503989.2	1707	1527.9	0	0
XM_026503991.3	1172	992.905	0	0
XM_026503992.3	1568	1388.9	0	0
XM_026503993.3	1188	1008.9	0	0
XM_026503994.2	1218	1038.9	0	0
XM_026503995.2	1119	939.905	0	0
XM_026503999.1	648	468.98	0	0
XM_026504000.3	7865	7685.9	0	0
XM_026504002.3	2493	2313.9	11.4641	2.1272
XM_026504003.1	1128	948.905	1	0.452471
XM_026504005.3	1199	1019.9	0	0
XM_026504006.3	787	607.98	0	0
XM_026504007.2	534	355.091	0	0
XM_026504008.3	531	352.091	0	0
XM_026504009.3	2611	2431.9	3	0.529649
XM_026504010.3	2767	2587.9	0	0
XM_026504011.2	1869	1689.9	0	0
XM_026504012.3	1455	1275.9	0	0
XM_026504013.3	1422	1242.9	0	0
XM_026504014.3	1386	1206.9	0	0
XM_026504015.3	1708	1528.9	22	6.17811
XM_026504016.3	2564	2384.9	18	3.24052
XM_026504018.3	2296	2116.9	0	0
XM_026504021.3	6611	6431.9	0.158716	0.0105948
XM_026504022.3	6581	6401.9	70.8413	4.75106
XM_026504023.3	1735	1555.9	0	0
XM_026504024.3	1697	1517.9	0	0
XM_026504025.3	1618	1438.9	16	4.77421
XM_026504026.3	8453	8273.9	2.1508e-05	1.1161e-06
XM_026504029.3	4676	4496.9	29185	2786.5
XM_026504033.3	5368	5188.9	24.71	2.04461
XM_026504034.3	9416	9236.9	70.29	3.26724
XM_026504038.3	2078	1898.9	0	0
XM_026504039.3	8715	8535.9	0	0
XM_026504040.3	8692	8512.9	0	0
XM_026504041.3	8708	8528.9	0	0
XM_026504042.3	8709	8529.9	0	0
XM_026504044.3	8740	8560.9	0	0
XM_026504045.3	8779	8599.9	0	0
XM_026504047.3	1501	1321.9	415	134.791
XM_026504049.3	8397	8217.9	11.5149	0.601605
XM_026504050.3	5359	5179.9	0	0
XM_026504053.3	5314	5134.9	10.579	0.884557
XM_026504054.3	5188	5008.9	0	0
XM_026504055.3	5194	5014.9	0	0
XM_026504058.3	2130	1950.9	115	25.309
XM_026504063.3	6427	6247.9	0	0
XM_026504064.3	6048	5868.9	8.10622	0.593027
XM_026504066.3	5947	5767.9	0	0
XM_026504067.3	6020	5840.9	0	0
XM_026504070.3	2879	2699.9	14.9994	2.38528
XM_026504071.3	4725	4545.9	11	1.03893
XM_026504072.3	4824	4644.9	0	0
XM_026504074.3	11983	11803.9	40.4611	1.47172
XM_026504075.3	11684	11504.9	0.18789	0.00701186
XM_026504077.3	2091	1911.9	113	25.3761
XM_026504079.3	1666	1486.9	373	107.706
XM_026504081.3	3565	3385.9	8	1.01445
XM_026504082.3	4708	4528.9	0	0
XM_026504083.3	2628	2448.9	23	4.03245
XM_026504084.3	2547	2367.9	1	0.181321
XM_026504086.3	1428	1248.9	382	131.325
XM_026504087.3	4423	4243.9	30	3.03507
XM_026504089.2	4343	4163.9	3.29071e-08	3.39314e-09
XM_026504090.3	4294	4114.9	0	0
XM_026504092.3	1560	1380.9	0	0
XM_026504098.3	4472	4292.9	254.491	25.4528
XM_026504099.3	6995	6815.9	0.160191	0.0100909
XM_026504100.3	6980	6800.9	2.83981	0.179282
XM_026504101.3	4792	4612.9	23	2.14075
XM_026504114.3	1306	1126.9	55	20.9551
XM_026504115.3	10564	10384.9	0	0
XM_026504116.3	10540	10360.9	0	0
XM_026504117.3	1841	1661.9	4	1.0334
XM_026504119.3	5182	5002.9	0	0
XM_026504120.3	4727	4547.9	0	0
XM_026504121.3	3785	3605.9	0	0
XM_026504126.3	1258	1078.9	22	8.75494
XM_026504127.3	10090	9910.9	43.8736	1.90066
XM_026504128.3	228	75.9499	0	0
XM_026504131.3	1755	1575.9	159	43.3192
XM_026504132.3	5466	5286.9	0.000345536	2.80612e-05
XM_026504133.3	5304	5124.9	15.1624	1.27027
XM_026504134.3	5424	5244.9	11.4514	0.937419
XM_026504135.3	5297	5117.9	46.3858	3.89141
XM_026504136.3	5327	5147.9	0	0
XM_026504137.3	7470	7290.9	0	0
XM_026504138.3	7295	7115.9	9.15576	0.552431
XM_026504140.3	1441	1261.9	63.1832	21.4975
XM_026504142.3	2863	2683.9	1210	193.567
XM_026504143.3	2496	2316.9	0	0
XM_026504144.3	2995	2815.9	83.6481	12.7542
XM_026504145.3	2947	2767.9	34.3519	5.32859
XM_026504147.3	5181	5001.9	84.5002	7.2533
XM_026504152.3	6139	5959.9	16.6017	1.19599
XM_026504153.3	6159	5979.9	0	0
XM_026504154.3	6172	5992.9	7.98004	0.571717
XM_026504155.3	6120	5940.9	8.4993	0.614249
XM_026504157.3	1340	1160.9	1	0.369843
XM_026504158.3	2055	1875.9	0	0
XM_026504159.3	5866	5686.9	8	0.603987
XM_026504160.3	6425	6245.9	2	0.137483
XM_026504161.3	3831	3651.9	87	10.2285
XM_026504170.3	6584	6404.9	0	0
XM_026504174.3	4482	4302.9	131	13.0714
XM_026504175.3	2692	2512.9	57	9.73895
XM_026504178.3	13771	13591.9	389.365	12.2996
XM_026504180.3	5804	5624.9	6.57371	0.501775
XM_026504181.3	3697	3517.9	31	3.78348
XM_026504182.3	5516	5336.9	60.0022	4.82716
XM_026504183.3	2661	2481.9	307	53.1088
XM_026504184.3	3007	2827.9	0	0
XM_026504185.3	2827	2647.9	1	0.162148
XM_026504187.3	1467	1287.9	13	4.33384
XM_026504189.3	6724	6544.9	6.43559	0.422181
XM_026504190.3	6721	6541.9	10.9861	0.721032
XM_026504191.3	6632	6452.9	0	0
XM_026504192.3	6614	6434.9	0.00446307	0.000297786
XM_026504193.3	6564	6384.9	12.3055	0.827484
XM_026504194.3	6562	6382.9	17.2407	1.15971
XM_026504196.3	1501	1321.9	28	9.09434
XM_026504199.3	5155	4975.9	52	4.48688
XM_026504200.3	2874	2694.9	0	0
XM_026504201.3	2796	2616.9	0	0
XM_026504202.3	2685	2505.9	0	0
XM_026504203.3	3539	3359.9	142	18.1457
XM_026504205.3	6060	5880.9	22	1.60617
XM_026504206.3	2950	2770.9	89.2775	13.8336
XM_026504207.3	3520	3340.9	11.7225	1.5065
XM_026504208.3	1563	1383.9	0	0
XM_026504210.3	10504	10324.9	0	0
XM_026504211.3	10571	10391.9	25	1.0329
XM_026504212.3	4473	4293.9	0	0
XM_026504214.3	5031	4851.9	49.2374	4.35708
XM_026504215.3	4980	4800.9	0	0
XM_026504216.3	4699	4519.9	4.76264	0.452409
XM_026504217.3	4193	4013.9	110.005	11.7668
XM_026504220.3	2992	2812.9	12.2248	1.86596
XM_026504221.3	6137	5957.9	106	7.63881
XM_026504222.3	1634	1454.9	99484.4	29358.5
XM_026504223.3	6206	6026.9	2.15018e-08	1.53177e-09
XM_026504224.3	11724	11544.9	0	0
XM_026504225.3	10952	10772.9	6.15152	0.245168
XM_026504226.3	2806	2626.9	0	0
XM_026504227.3	11837	11657.9	17.5995	0.648176
XM_026504228.3	7808	7628.9	0	0
XM_026504229.3	7806	7626.9	65	3.65914
XM_026504232.3	2229	2049.9	157.338	32.9544
XM_026504233.3	6459	6279.9	35.9053	2.45482
XM_026504235.3	6779	6599.9	145.261	9.44982
XM_026504239.3	8808	8628.9	5.97669	0.297385
XM_026504240.3	1927	1747.9	0	0
XM_026504241.3	1924	1744.9	0	0
XM_026504242.3	1864	1684.9	82.396	20.9964
XM_026504243.3	1861	1681.9	7.92045	2.02191
XM_026504245.3	1911	1731.9	0	0
XM_026504246.3	4747	4567.9	0	0
XM_026504247.3	2411	2231.9	64	12.3117
XM_026504249.3	3637	3457.9	23.549	2.92397
XM_026504260.3	5331	5151.9	10	0.833385
XM_026504269.3	3075	2895.9	0	0
XM_026504288.3	2700	2520.9	79.3572	13.5158
XM_026504291.3	1120	940.905	0	0
XM_026504292.3	2084	1904.9	0	0
XM_026504293.3	10527	10347.9	96.8985	4.02048
XM_026504294.3	22323	22143.9	16.3047	0.316135
XM_026504296.3	12245	12065.9	31	1.1031
XM_026504297.3	7974	7794.9	112	6.16908
XM_026504298.3	2953	2773.9	0	0
XM_026504299.3	2851	2671.9	4	0.642765
XM_026504300.3	31274	31094.9	0	0
XM_026504301.3	13470	13290.9	0.00948202	0.000306309
XM_026504302.3	12798	12618.9	0	0
XM_026504305.3	2550	2370.9	0	0
XM_026504306.3	2124	1944.9	48.4185	10.6887
XM_026504307.3	2142	1962.9	77.5815	16.9696
XM_026504309.3	1479	1299.9	30	9.90885
XM_026504310.3	11004	10824.9	0	0
XM_026504311.3	2547	2367.9	0	0
XM_026504312.3	1196	1016.9	0	0
XM_026504313.3	3717	3537.9	0	0
XM_026504314.3	3903	3723.9	67.159	7.74318
XM_026504315.3	3527	3347.9	7.96233	1.02113
XM_026504316.3	3079	2899.9	15.9513	2.36171
XM_026504318.3	2479	2299.9	30.6831	5.728
XM_026504319.3	1607	1427.9	11.3169	3.40283
XM_026504320.3	12631	12451.9	1.05669e-05	3.64355e-07
XM_026504322.3	2189	2009.9	0	0
XM_026504323.3	2882	2702.9	0	0
XM_026504324.3	2716	2536.9	0	0
XM_026504325.3	2747	2567.9	0	0
XM_026504326.3	2437	2257.9	14.8604	2.82578
XM_026504328.3	2722	2542.9	0.172222	0.0290784
XM_026504329.3	2945	2765.9	0	0
XM_026504330.3	1645	1465.9	0	0
XM_026504331.3	1242	1062.9	80.9489	32.6987
XM_026504332.3	1235	1055.9	0	0
XM_026504333.3	1325	1145.9	0	0
XM_026504334.3	1194	1014.9	0	0
XM_026504335.3	974	794.905	0	0
XM_026504336.3	2434	2254.9	15.1396	2.8827
XM_026504337.3	6081	5901.9	0	0
XM_026504338.3	5015	4835.9	55.2737	4.90743
XM_026504342.3	4838	4658.9	27.7485	2.55723
XM_026504343.3	4811	4631.9	0	0
XM_026504344.3	4740	4560.9	65.2515	6.14261
XM_026504347.3	6364	6184.9	4	0.277677
XM_026504348.3	604	424.98	0	0
XM_026504349.3	3581	3401.9	75	9.4657
XM_026504351.3	9717	9537.9	15.0125	0.675791
XM_026504352.2	2390	2210.9	34.5201	6.70371
XM_026504353.3	4730	4550.9	121	11.4157
XM_026504354.3	2616	2436.9	72	12.6855
XM_026504355.3	623	443.98	0	0
XM_026504356.3	4228	4048.9	6.84472	0.725824
XM_026504357.3	5007	4827.9	18.3396	1.63097
XM_026504358.3	4741	4561.9	0	0
XM_026504359.3	2521	2341.9	67	12.2834
XM_026504360.3	2754	2574.9	0	0
XM_026504361.3	4221	4041.9	30	3.18675
XM_026504362.3	1155	975.905	0	0
XM_026504363.3	1021	841.905	2	1.01995
XM_026504365.3	1582	1402.9	23.6481	7.23739
XM_026504366.3	1550	1370.9	4.96931	1.55633
XM_026504367.3	1606	1426.9	16.3826	4.92948
XM_026504371.3	1905	1725.9	4	0.995077
XM_026504372.3	4281	4101.9	19	1.98876
XM_026504373.3	2988	2808.9	249	38.0606
XM_026504374.3	1301	1121.9	165	63.1454
XM_026504379.3	2893	2713.9	34	5.37895
XM_026504381.3	4326	4146.9	0	0
XM_026504395.3	7765	7585.9	0	0
XM_026504396.3	4399	4219.9	310.988	31.6413
XM_026504398.3	6931	6751.9	1020	64.8615
XM_026504399.3	4661	4481.9	0	0
XM_026504400.3	7755	7575.9	0	0
XM_026504401.3	1731	1551.9	0	0
XM_026504402.3	5793	5613.9	49.0068	3.74805
XM_026504405.3	6688	6508.9	0.0131428	0.00086695
XM_026504410.3	11097	10917.9	8	0.314604
XM_026504412.3	2786	2606.9	1131.56	186.366
XM_026504413.3	2783	2603.9	46.7874	7.71467
XM_026504414.3	2795	2615.9	83.6527	13.73
XM_026504415.3	2441	2261.9	27	5.12511
XM_026504416.3	7613	7433.9	15.8824	0.917305
XM_026504417.3	8642	8462.9	0	0
XM_026504422.3	5602	5422.9	5.25614	0.416148
XM_026504425.3	1754	1574.9	152.604	41.6029
XM_026504426.3	3842	3662.9	37	4.337
XM_026504427.3	9161	8981.9	114	5.44941
XM_026504429.3	3081	2901.9	0	0
XM_026504430.3	3046	2866.9	0	0
XM_026504431.3	3097	2917.9	90	13.243
XM_026504432.3	3688	3508.9	0	0
XM_026504434.3	2940	2760.9	896.5	139.416
XM_026504436.3	2758	2578.9	3	0.499458
XM_026504437.3	746	566.98	0	0
XM_026504438.3	743	563.98	0	0
XM_026504439.3	714	534.98	0	0
XM_026504440.3	7057	6877.9	79.3885	4.95581
XM_026504441.3	7055	6875.9	50.6115	3.16033
XM_026504443.3	2429	2249.9	41.7697	7.97097
XM_026504444.3	2557	2377.9	0	0
XM_026504445.3	2343	2163.9	10.4582	2.07506
XM_026504446.3	4044	3864.9	30.6595	3.40596
XM_026504447.3	2309	2129.9	5.04437	1.01686
XM_026504448.3	1901	1721.9	42.4251	10.5786
XM_026504449.3	1453	1273.9	0	0
XM_026504450.3	1313	1133.9	15	5.67974
XM_026504452.3	1222	1042.9	0	0
XM_026504455.3	4918	4738.9	15	1.35902
XM_026504458.3	1087	907.905	15.4488	7.30579
XM_026504459.3	2657	2477.9	236	40.8922
XM_026504460.3	3796	3616.9	0.505928	0.0600572
XM_026504466.3	6462	6282.9	0	0
XM_026504469.3	6298	6118.9	0	0
XM_026504470.3	6782	6602.9	0	0
XM_026504471.3	9406	9226.9	38.6583	1.79887
XM_026504472.3	9397	9217.9	54.0425	2.51719
XM_026504473.3	9374	9194.9	2.68051	0.125165
XM_026504474.3	9370	9190.9	0	0
XM_026504477.3	5326	5146.9	495.438	41.3292
XM_026504478.3	5295	5115.9	111.444	9.35292
XM_026504479.3	5260	5080.9	90.1176	7.61522
XM_026504480.3	2318	2138.9	9.47576e-06	1.90211e-06
XM_026504481.3	2298	2118.9	1.99999	0.405256
XM_026504482.2	295	126.038	0	0
XM_026504485.2	4581	4401.9	84.3145	8.22385
XM_026504487.3	4541	4361.9	206.685	20.3445
XM_026504488.3	4056	3876.9	10	1.10746
XM_026504489.3	2044	1864.9	105.107	24.1984
XM_026504491.3	5418	5238.9	0	0
XM_026504492.3	5368	5188.9	0	0
XM_026504493.3	3824	3644.9	20.3301	2.39478
XM_026504494.3	3728	3548.9	204.597	24.7525
XM_026504495.3	3656	3476.9	132.56	16.3695
XM_026504496.3	1546	1366.9	64	20.1027
XM_026504497.3	5449	5269.9	32.9577	2.68514
XM_026504498.3	5463	5283.9	58.4978	4.75333
XM_026504499.3	3664	3484.9	93.2633	11.4904
XM_026504500.3	2827	2647.9	10.7367	1.74093
XM_026504501.3	2618	2438.9	0	0
XM_026504502.3	7892	7712.9	58.0211	3.22984
XM_026504503.3	8076	7896.9	27.0999	1.47341
XM_026504504.3	7812	7632.9	12.879	0.724445
XM_026504505.3	7911	7731.9	0	0
XM_026504506.3	7782	7602.9	0	0
XM_026504507.3	6833	6653.9	3.28421	0.211918
XM_026504508.3	7021	6841.9	16.2987	1.0228
XM_026504512.3	4539	4359.9	225.526	22.2092
XM_026504514.3	5012	4832.9	129.781	11.5297
XM_026504515.3	8050	7870.9	53.4602	2.91621
XM_026504517.3	2354	2174.9	0	0
XM_026504518.3	1432	1252.9	48.5225	16.628
XM_026504519.3	3036	2856.9	11.4775	1.7249
XM_026504521.2	1733	1553.9	3112	859.862
XM_026504522.3	9935	9755.9	28	1.23226
XM_026504523.3	4130	3950.9	0	0
XM_026504526.3	4500	4320.9	3.37537e-08	3.35397e-09
XM_026504527.3	4507	4327.9	24.099	2.39075
XM_026504530.3	6100	5920.9	0	0
XM_026504531.3	7677	7497.9	38	2.17599
XM_026504532.3	10120	9940.9	42.5202	1.83647
XM_026504536.3	563	383.98	1664.91	1861.64
XM_026504537.3	560	380.98	42.8283	48.2661
XM_026504540.3	8381	8201.9	14.3504	0.751215
XM_026504541.3	8474	8294.9	5.8438e-06	3.0248e-07
XM_026504542.3	8378	8198.9	23.1315	1.21133
XM_026504543.3	9192	9012.9	0	0
XM_026504548.3	1585	1405.9	44	13.4372
XM_026504549.3	1065	885.905	2	0.969296
XM_026504552.3	5873	5693.9	290.92	21.937
XM_026504555.3	6432	6252.9	465.996	31.9973
XM_026504557.3	5185	5005.9	0	0
XM_026504558.3	5090	4910.9	23.0009	2.01093
XM_026504559.3	2633	2453.9	0	0
XM_026504560.3	5519	5339.9	10	0.804044
XM_026504561.3	3062	2882.9	270.556	40.2939
XM_026504562.3	6519	6339.9	1.00487	0.068052
XM_026504566.2	1435	1255.9	21	7.1792
XM_026504567.3	1414	1234.9	0	0
XM_026504570.3	11409	11229.9	10.8517	0.414891
XM_026504571.3	2728	2548.9	180.581	30.418
XM_026504573.3	1139	959.905	0	0
XM_026504578.2	1266	1086.9	0	0
XM_026504580.3	4237	4057.9	709	75.0167
XM_026504583.2	876	696.98	0	0
XM_026504584.3	9026	8846.9	65.2654	3.16741
XM_026504585.3	9189	9009.9	0	0
XM_026504586.3	9153	8973.9	0	0
XM_026504587.3	9076	8896.9	195.6	9.43937
XM_026504590.3	6979	6799.9	597	37.6951
XM_026504591.3	3030	2850.9	1	0.150602
XM_026504592.3	8875	8695.9	139.827	6.90382
XM_026504594.3	8857	8677.9	0	0
XM_026504603.3	6108	5928.9	151	10.9349
XM_026504604.3	6218	6038.9	0	0
XM_026504606.3	4952	4772.9	0	0
XM_026504607.3	4721	4541.9	0	0
XM_026504608.3	4910	4730.9	0	0
XM_026504609.3	4852	4672.9	33	3.03208
XM_026504610.3	785	605.98	3	2.12557
XM_026504611.2	414	236.073	0	0
XM_026504614.3	400	222.371	22	42.4774
XM_026504616.3	9242	9062.9	17.0328	0.806921
XM_026504617.3	4707	4527.9	0	0
XM_026504618.3	2993	2813.9	28.7088	4.38046
XM_026504622.3	3111	2931.9	607	88.8899
XM_026504638.3	3514	3334.9	0	0
XM_026504639.3	4858	4678.9	9.37935	0.860681
XM_026504640.3	8026	7846.9	0	0
XM_026504642.3	501	322.091	0	0
XM_026504644.3	8011	7831.9	0	0
XM_026504645.1	477	298.277	0	0
XM_026504647.2	2334	2154.9	0	0
XM_026504654.3	4495	4315.9	0	0
XM_026504655.3	16098	15918.9	2	0.0539424
XM_026504656.3	6541	6361.9	1	0.067488
XM_026504659.3	5974	5794.9	0	0
XM_026504660.3	5976	5796.9	74	5.48086
XM_026504661.3	9623	9443.9	6	0.27278
XM_026504662.3	5106	4926.9	31	2.70148
XM_026504664.2	1401	1221.9	0	0
XM_026504666.3	7508	7328.9	6	0.3515
XM_026504667.3	951	771.905	0	0
XM_026504669.2	1047	867.905	0	0
XM_026504670.3	1038	858.905	0	0
XM_026504671.1	1038	858.905	0	0
XM_026504672.2	1014	834.905	0	0
XM_026504673.3	1044	864.905	0	0
XM_026504674.2	1032	852.905	0	0
XM_026504675.3	981	801.905	0	0
XM_026504676.2	1269	1089.9	0	0
XM_026504677.3	1596	1416.9	0	0
XM_026504678.2	819	639.98	0	0
XM_026504679.2	1173	993.905	0	0
XM_026504680.3	890	710.98	0	0
XM_026504681.3	513	334.091	0	0
XM_026504682.2	978	798.905	0	0
XM_026504683.2	1308	1128.9	0	0
XM_026504684.2	1134	954.905	0	0
XM_026504685.3	1261	1081.9	0	0
XM_026504686.3	2238	2058.9	37.8585	7.8948
XM_026504687.3	2350	2170.9	107.478	21.2566
XM_026504689.3	4478	4298.9	15	1.49812
XM_026504691.3	8604	8424.9	145	7.38952
XM_026504692.3	8579	8399.9	0	0
XM_026504693.3	1955	1775.9	0	0
XM_026504694.3	5078	4898.9	52	4.55741
XM_026504696.3	9844	9664.9	32.666	1.45115
XM_026504698.3	6503	6323.9	8655.94	587.682
XM_026504700.3	8637	8457.9	24.0613	1.22143
XM_026504703.3	4701	4521.9	43	4.08282
XM_026504704.3	5029	4849.9	0	0
XM_026504705.3	4872	4692.9	7	0.640427
XM_026504714.3	9438	9258.9	41	1.90124
XM_026504717.3	11892	11712.9	6.86804	0.251757
XM_026504718.3	11898	11718.9	3.52034	0.128977
XM_026504719.3	11607	11427.9	11.6116	0.436254
XM_026504720.3	3644	3464.9	50	6.19573
XM_026504721.3	3886	3706.9	140.429	16.2652
XM_026504722.3	3794	3614.9	11.1488	1.32417
XM_026504723.3	1541	1361.9	67.4224	21.2555
XM_026504725.3	2966	2786.9	948	146.049
XM_026504726.3	2201	2021.9	0	0
XM_026504729.3	2178	1998.9	0	0
XM_026504732.3	2159	1979.9	0	0
XM_026504734.3	1871	1691.9	20	5.07537
XM_026504735.2	399	221.393	0	0
XM_026504736.3	984	804.905	0	0
XM_026504737.3	10303	10123.9	182	7.71857
XM_026504740.3	1358	1178.9	0	0
XM_026504741.3	1309	1129.9	0	0
XM_026504742.3	706	526.98	38.4754	31.3474
XM_026504743.3	926	746.98	97	55.754
XM_026504744.2	2724	2544.9	0	0
XM_026504745.3	4887	4707.9	0.111501	0.0101687
XM_026504746.3	4361	4181.9	26.132	2.68295
XM_026504750.3	8234	8054.9	14.6453	0.78064
XM_026504751.3	9250	9070.9	0	0
XM_026504754.3	12791	12611.9	13.5347	0.460766
XM_026504755.3	5856	5676.9	239	18.0759
XM_026504756.3	2269	2089.9	0	0
XM_026504758.3	3646	3466.9	44.1956	5.47332
XM_026504759.3	2215	2035.9	5.83354	1.23023
XM_026504761.3	468	289.277	0	0
XM_026504762.3	3267	3087.9	49	6.81311
XM_026504763.3	1986	1806.9	293.699	69.7879
XM_026504764.3	2691	2511.9	0	0
XM_026504767.3	1422	1242.9	81.9506	28.3092
XM_026504768.3	1361	1181.9	13.9258	5.05884
XM_026504769.3	1002	822.905	7.59517	3.96279
XM_026504771.3	2432	2252.9	6.94453	1.32347
XM_026504775.3	2304	2124.9	0	0
XM_026504778.3	6505	6325.9	0.399171	0.0270925
XM_026504780.3	6484	6304.9	30.6008	2.08386
XM_026504781.3	11240	11060.9	162	6.28837
XM_026504782.3	11235	11055.9	1.31988e-05	5.12571e-07
XM_026504783.3	11229	11049.9	0	0
XM_026504784.3	9286	9106.9	93.0296	4.38595
XM_026504788.3	4196	4016.9	0	0
XM_026504789.3	4295	4115.9	0	0
XM_026504792.3	1618	1438.9	0	0
XM_026504794.3	6415	6235.9	5	0.344258
XM_026504795.3	5948	5768.9	0	0
XM_026504796.3	6114	5934.9	11	0.795779
XM_026504797.3	3598	3418.9	1.59723e-08	2.00583e-09
XM_026504798.3	3371	3191.9	0	0
XM_026504799.3	3269	3089.9	0	0
XM_026504800.3	3215	3035.9	39.9072	5.64386
XM_026504801.3	3004	2824.9	0	0
XM_026504804.3	2194	2014.9	0	0
XM_026504805.3	5359	5179.9	35.1427	2.91291
XM_026504806.3	7393	7213.9	0	0
XM_026504807.3	5354	5174.9	17.8573	1.48158
XM_026504808.3	3508	3328.9	0	0
XM_026504809.3	9415	9235.9	148.004	6.88031
XM_026504811.3	2157	1977.9	404	87.698
XM_026504812.3	4488	4308.9	3	0.298929
XM_026504813.3	2532	2352.9	105	19.1601
XM_026504814.3	4466	4286.9	0	0
XM_026504815.3	2605	2425.9	0	0
XM_026504816.3	2431	2251.9	7.57484	1.44423
XM_026504817.3	2454	2274.9	0	0
XM_026504818.3	2494	2314.9	6.42516	1.19169
XM_026504822.3	2315	2135.9	0	0
XM_026504825.3	2125	1945.9	0	0
XM_026504826.3	1020	840.905	0	0
XM_026504827.3	2605	2425.9	0	0
XM_026504828.3	2493	2313.9	21.1138	3.91774
XM_026504829.3	2532	2352.9	12.2162	2.22918
XM_026504831.3	2417	2237.9	42.4982	8.15347
XM_026504832.3	2425	2245.9	0	0
XM_026504833.3	4350	4170.9	0	0
XM_026504834.3	540	361.056	1298.36	1543.95
XM_026504835.3	549	370.056	364.645	423.074
XM_026504836.3	1261	1081.9	0	0
XM_026504838.3	4621	4441.9	62.2275	6.01487
XM_026504839.3	1952	1772.9	10.9609	2.65445
XM_026504840.3	18633	18453.9	16.2793	0.378757
XM_026504841.3	2096	1916.9	0.0188195	0.00421523
XM_026504842.3	4163	3983.9	15	1.61657
XM_026504843.3	3199	3019.9	0	0
XM_026504844.3	2444	2264.9	127	24.0751
XM_026504845.3	2487	2307.9	0	0
XM_026504846.3	334	160.109	49.0115	131.43
XM_026504847.3	13942	13762.9	0	0
XM_026504848.3	2086	1906.9	17.3364	3.90341
XM_026504849.3	2732	2552.9	333.547	56.0966
XM_026504850.3	20896	20716.9	35.4593	0.734885
XM_026504851.3	2046	1866.9	0	0
XM_026504852.3	1935	1755.9	2.96542	0.725103
XM_026504853.3	2409	2229.9	0	0
XM_026504854.3	6644	6464.9	0	0
XM_026504856.3	6578	6398.9	33.0814	2.21969
XM_026504857.3	6557	6377.9	0	0
XM_026504859.3	4319	4139.9	0	0
XM_026504863.3	6380	6200.9	5.17893	0.35859
XM_026504865.3	4047	3867.9	0	0
XM_026504867.3	5805	5625.9	55.2914	4.21967
XM_026504868.3	5177	4997.9	13.7469	1.18095
XM_026504869.3	5398	5218.9	251.709	20.7077
XM_026504871.3	1466	1286.9	0	0
XM_026504873.3	7979	7799.9	0	0
XM_026504874.3	7301	7121.9	81.7329	4.92736
XM_026504875.3	7832	7652.9	0	0
XM_026504876.3	7154	6974.9	6.78322	0.417552
XM_026504878.3	4631	4451.9	38	3.66481
XM_026504883.3	1575	1395.9	124	38.1399
XM_026504884.3	1644	1464.9	0	0
XM_026504885.3	5320	5140.9	0	0
XM_026504886.3	5041	4861.9	87	7.68292
XM_026504888.3	3070	2890.9	0	0
XM_026504889.3	2081	1901.9	1	0.225748
XM_026504890.3	14062	13882.9	4	0.123707
XM_026504891.3	2762	2582.9	8	1.32983
XM_026504892.3	22760	22580.9	0.00162738	3.09429e-05
XM_026504893.3	22628	22448.9	3.42181	0.0654447
XM_026504894.3	21727	21547.9	0	0
XM_026504895.3	9451	9271.9	7.58605	0.351285
XM_026504899.3	1310	1130.9	0	0
XM_026504901.3	2792	2612.9	0	0
XM_026504902.3	4101	3921.9	29.2184	3.19869
XM_026504903.3	3785	3605.9	15.0118	1.78745
XM_026504904.3	3725	3545.9	34.6382	4.19413
XM_026504905.3	4574	4394.9	0	0
XM_026504906.3	3697	3517.9	202.919	24.7657
XM_026504907.3	3697	3517.9	32.213	3.93152
XM_026504908.3	917	737.98	0	0
XM_026504910.3	2493	2313.9	907	168.297
XM_026504912.3	2734	2554.9	381	64.0271
XM_026504913.3	4395	4215.9	12	1.22209
XM_026504914.3	5577	5397.9	63.9061	5.08312
XM_026504915.3	6941	6761.9	0	0
XM_026504916.3	6857	6677.9	0	0
XM_026504918.3	3995	3815.9	0	0
XM_026504919.3	9651	9471.9	604	27.3787
XM_026504923.3	1234	1054.9	4.44585	1.80949
XM_026504924.3	2389	2209.9	2.61075	0.507231
XM_026504925.2	923	743.98	12.8304	7.40446
XM_026504927.3	4154	3974.9	1.86494	0.201443
XM_026504928.3	1330	1150.9	6.60304	2.4633
XM_026504929.3	852	672.98	0	0
XM_026504930.2	1221	1041.9	0	0
XM_026504932.3	770	590.98	0	0
XM_026504934.3	3451	3271.9	18.6632	2.44906
XM_026504935.3	3728	3548.9	11.9514	1.44589
XM_026504936.3	757	577.98	0	0
XM_026504939.3	682	502.98	0	0
XM_026504940.3	577	397.98	0	0
XM_026504941.3	3314	3134.9	33.7086	4.61668
XM_026504942.3	1469	1289.9	37.9265	12.6241
XM_026504943.3	2137	1957.9	52	11.4032
XM_026504945.3	3677	3497.9	0	0
XM_026504946.3	9051	8871.9	32.4593	1.57085
XM_026504947.3	2112	1932.9	0.981925	0.218113
XM_026504948.3	9210	9030.9	0	0
XM_026504949.3	8811	8631.9	44.3009	2.20353
XM_026504951.3	14419	14239.9	75.0554	2.26302
XM_026504953.3	3581	3401.9	0	0
XM_026504958.3	773	593.98	72	52.0444
XM_026504961.3	3530	3350.9	0	0
XM_026504964.3	4351	4171.9	16.1977	1.66699
XM_026504966.3	15108	14928.9	0	0
XM_026504968.3	13094	12914.9	42.7646	1.4217
XM_026504971.3	15081	14901.9	17.5385	0.505318
XM_026504972.3	15078	14898.9	0	0
XM_026504975.3	14783	14603.9	63.9894	1.88127
XM_026504978.3	28689	28509.9	5.28224e-05	7.95493e-07
XM_026504979.3	28590	28410.9	350.61	5.2985
XM_026504983.3	737	557.98	11.1141	8.55206
XM_026504984.3	9990	9810.9	274	11.991
XM_026504985.3	14595	14415.9	20.4544	0.609197
XM_026504986.3	11959	11779.9	0	0
XM_026504988.3	9169	8989.9	0.000556731	2.65891e-05
XM_026504989.3	3573	3393.9	0	0
XM_026504990.3	2727	2547.9	0	0
XM_026504991.3	2721	2541.9	0	0
XM_026504992.3	11163	10983.9	8.00019	0.312721
XM_026504993.3	5174	4994.9	0	0
XM_026504996.3	11489	11309.9	38.1159	1.44697
XM_026504997.3	2488	2308.9	0	0
XM_026504998.3	11486	11306.9	53.8841	2.04612
XM_026504999.3	11441	11261.9	0	0
XM_026505000.3	11380	11200.9	0	0
XM_026505001.3	7831	7651.9	0	0
XM_026505002.3	7777	7597.9	0	0
XM_026505003.3	7342	7162.9	0	0
XM_026505004.3	7295	7115.9	0.836713	0.0504847
XM_026505005.3	10650	10470.9	3.49687	0.143387
XM_026505006.3	2446	2266.9	6	1.1364
XM_026505007.3	7644	7464.9	5.24063	0.301421
XM_026505008.3	8328	8148.9	0	0
XM_026505009.3	7825	7645.9	0	0
XM_026505010.3	4766	4586.9	1	0.0936038
XM_026505011.3	4199	4019.9	9	0.961258
XM_026505016.3	11560	11380.9	0	0
XM_026505017.3	3590	3410.9	3	0.377629
XM_026505018.3	5194	5014.9	43	3.68145
XM_026505019.3	1273	1093.9	132.05	51.8291
XM_026505020.3	1282	1102.9	52.9496	20.6129
XM_026505021.3	1937	1757.9	99	24.1798
XM_026505024.3	7521	7341.9	0	0
XM_026505025.3	7427	7247.9	59.9146	3.54923
XM_026505026.3	7604	7424.9	0	0
XM_026505030.3	2119	1939.9	8	1.77061
XM_026505031.3	2726	2546.9	0	0
XM_026505034.3	3387	3207.9	17.1316	2.29292
XM_026505035.3	2497	2317.9	287.868	53.3227
XM_026505036.3	5280	5100.9	64.9182	5.46428
XM_026505040.3	1323	1143.9	0	0
XM_026505041.3	11451	11271.9	1.20969e-08	4.60777e-10
XM_026505043.3	1011	831.905	208	107.35
XM_026505044.3	7361	7181.9	0	0
XM_026505052.3	8445	8265.9	20.5619	1.06804
XM_026505053.3	8251	8071.9	38.8072	2.06419
XM_026505054.3	3664	3484.9	0	0
XM_026505055.3	3549	3369.9	0	0
XM_026505057.3	11427	11247.9	1.95293e-07	7.45469e-09
XM_026505059.3	2589	2409.9	122	21.7357
XM_026505060.3	2470	2290.9	0	0
XM_026505061.3	2155	1975.9	0.340599	0.0740102
XM_026505062.3	2154	1974.9	0.659401	0.143356
XM_026505066.3	11339	11159.9	0.00552367	0.000212511
XM_026505067.3	22445	22265.9	0	0
XM_026505074.3	8160	7980.9	0	0
XM_026505075.3	21930	21750.9	3.14192	0.0620199
XM_026505077.3	27669	27489.9	1.17461e-08	1.83456e-10
XM_026505078.3	27632	27452.9	0.159464	0.00249394
XM_026505079.3	27615	27435.9	8.13936e-06	1.27375e-07
XM_026505080.3	27618	27438.9	1.32534e-07	2.07383e-09
XM_026505081.3	27549	27369.9	0.000254743	3.99616e-06
XM_026505082.3	27546	27366.9	0.0154479	0.000242357
XM_026505084.3	27477	27297.9	0.706485	0.0111119
XM_026505085.3	27471	27291.9	0.00188722	2.96894e-05
XM_026505086.3	27462	27282.9	4.79192	0.0754105
XM_026505092.3	1239	1059.9	28	11.3424
XM_026505094.3	2840	2660.9	18.4431	2.9759
XM_026505095.3	7657	7477.9	20	1.14832
XM_026505096.3	7201	7021.9	0	0
XM_026505097.3	7245	7065.9	0	0
XM_026505099.3	2680	2500.9	0	0
XM_026505101.3	1573	1393.9	0	0
XM_026505102.3	12307	12127.9	14.5404	0.514759
XM_026505103.2	1467	1287.9	0	0
XM_026505104.3	4475	4295.9	9	0.8995
XM_026505107.3	6462	6282.9	0	0
XM_026505110.3	5796	5616.9	12.1731	0.930503
XM_026505111.3	4767	4587.9	130.833	12.2438
XM_026505112.3	3935	3755.9	0	0
XM_026505113.3	4696	4516.9	0.00446502	0.00042442
XM_026505114.3	1136	956.905	19	8.52508
XM_026505117.2	1701	1521.9	0	0
XM_026505119.3	8692	8512.9	0	0
XM_026505121.3	8605	8425.9	1.97731	0.100756
XM_026505122.3	8575	8395.9	0	0
XM_026505124.3	8554	8374.9	0	0
XM_026505126.3	14790	14610.9	4.00487	0.117686
XM_026505127.3	5790	5610.9	136.49	10.4444
XM_026505128.3	7831	7651.9	0.0033237	0.000186494
XM_026505129.3	7786	7606.9	7.31947	0.413129
XM_026505136.3	3544	3364.9	212	27.0506
XM_026505137.3	7597	7417.9	53.9957	3.1253
XM_026505138.3	7505	7325.9	10.0043	0.586325
XM_026505139.2	762	582.98	0	0
XM_026505141.3	2192	2012.9	15	3.1995
XM_026505142.3	8889	8709.9	68	3.35204
XM_026505145.3	736	556.98	15	11.5628
XM_026505146.3	294	125.184	0	0
XM_026505147.3	2924	2744.9	5	0.782089
XM_026505150.3	2779	2599.9	32.7667	5.41114
XM_026505151.3	3195	3015.9	1	0.142363
XM_026505152.3	7611	7431.9	12.1748	0.703354
XM_026505153.3	3630	3450.9	1923	239.254
XM_026505154.3	2092	1912.9	71.7203	16.0976
XM_026505155.3	2212	2032.9	0	0
XM_026505156.3	2257	2077.9	6.88366	1.42235
XM_026505157.3	5408	5228.9	71.396	5.86242
XM_026505158.3	2069	1889.9	1069	242.857
XM_026505159.3	1286	1106.9	22	8.53347
XM_026505160.3	1421	1241.9	70.4938	24.3712
XM_026505161.3	1380	1200.9	44.8485	16.0344
XM_026505162.3	1148	968.905	2.65771	1.17771
XM_026505163.3	965	785.905	0	0
XM_026505164.3	774	594.98	0	0
XM_026505165.3	1749	1569.9	0	0
XM_026505166.3	8467	8287.9	341	17.6654
XM_026505167.3	3456	3276.9	0	0
XM_026505169.3	2200	2020.9	166	35.2676
XM_026505170.3	2742	2562.9	0.000108628	1.8198e-05
XM_026505172.3	9093	8913.9	39.7876	1.91643
XM_026505175.3	3905	3725.9	0	0
XM_026505176.3	2069	1889.9	4	0.908727
XM_026505177.3	1541	1361.9	3	0.945775
XM_026505178.3	7118	6938.9	1713.7	106.037
XM_026505179.3	3724	3544.9	129.883	15.7312
XM_026505180.3	7167	6987.9	597.924	36.7377
XM_026505181.3	3773	3593.9	14.0508	1.6786
XM_026505182.3	1150	970.905	1	0.442218
XM_026505183.3	2527	2347.9	87.9659	16.086
XM_026505185.3	4627	4447.9	9	0.868761
XM_026505186.3	726	546.98	0	0
XM_026505187.3	996	816.905	30	15.7675
XM_026505189.3	904	724.98	352	208.463
XM_026505193.3	5709	5529.9	31.5813	2.45203
XM_026505196.3	5997	5817.9	21.4603	1.58374
XM_026505197.3	1844	1664.9	3	0.773651
XM_026505199.3	6013	5833.9	9.3764	0.690065
XM_026505200.3	3310	3130.9	21	2.8798
XM_026505201.3	3237	3057.9	0	0
XM_026505203.3	2949	2769.9	0	0
XM_026505210.3	1371	1191.9	0	0
XM_026505214.3	3012	2832.9	0	0
XM_026505215.3	4156	3976.9	13.2545	1.43097
XM_026505219.1	897	717.98	0	0
XM_026505220.3	474	295.277	0	0
XM_026505222.2	1035	855.905	0	0
XM_026505223.1	1449	1269.9	0	0
XM_026505227.2	627	447.98	0	0
XM_026505230.3	9179	8999.9	3.24604	0.154857
XM_026505234.3	1527	1347.9	0	0
XM_026505236.3	5333	5153.9	61.1194	5.09162
XM_026505237.3	1290	1110.9	0	0
XM_026505238.2	258	96.6942	0	0
XM_026505240.3	4356	4176.9	0	0
XM_026505241.3	8351	8171.9	0	0
XM_026505242.2	1179	999.905	0	0
XM_026505243.2	945	765.905	0	0
XM_026505244.3	936	756.98	0	0
XM_026505245.2	948	768.905	0	0
XM_026505246.3	930	750.98	0	0
XM_026505247.1	945	765.905	0	0
XM_026505249.3	2627	2447.9	0	0
XM_026505250.2	957	777.905	0	0
XM_026505251.3	933	753.98	0	0
XM_026505252.2	939	759.905	0	0
XM_026505253.3	810	630.98	0	0
XM_026505254.1	942	762.905	0	0
XM_026505257.3	948	768.905	0	0
XM_026505258.3	933	753.98	0	0
XM_026505259.2	933	753.98	0	0
XM_026505260.3	933	753.98	0	0
XM_026505261.2	933	753.98	0	0
XM_026505262.3	936	756.98	0	0
XM_026505263.2	927	747.98	0	0
XM_026505265.2	933	753.98	0	0
XM_026505266.3	933	753.98	0	0
XM_026505267.1	939	759.905	0	0
XM_026505268.3	936	756.98	0	0
XM_026505269.3	939	759.905	0	0
XM_026505270.1	939	759.905	0	0
XM_026505272.3	936	756.98	0	0
XM_026505273.3	969	789.905	0	0
XM_026505274.3	948	768.905	0	0
XM_026505275.3	945	765.905	0	0
XM_026505276.3	948	768.905	0	0
XM_026505277.3	948	768.905	0	0
XM_026505278.3	969	789.905	0	0
XM_026505281.3	3166	2986.9	1	0.143745
XM_026505282.3	687	507.98	0	0
XM_026505283.3	693	513.98	0	0
XM_026505285.3	1431	1251.9	0	0
XM_026505286.3	1401	1221.9	0	0
XM_026505287.2	1434	1254.9	0	0
XM_026505289.2	3255	3075.9	0	0
XM_026505294.2	5403	5223.9	12	0.986278
XM_026505295.3	11853	11673.9	5	0.183894
XM_026505298.3	2763	2583.9	7.18539e-07	1.19395e-07
XM_026505300.3	4743	4563.9	0	0
XM_026505303.3	3947	3767.9	0	0
XM_026505304.3	3714	3534.9	0	0
XM_026505305.3	5423	5243.9	68	5.56759
XM_026505308.3	3925	3745.9	3.90118	0.447149
XM_026505309.3	3922	3742.9	11.0988	1.27316
XM_026505310.3	3119	2939.9	79.9993	11.6833
XM_026505312.3	4974	4794.9	463.252	41.4811
XM_026505313.3	1166	986.905	5.27756	2.296
XM_026505314.3	1097	917.905	11.7665	5.50379
XM_026505316.3	1835	1655.9	0	0
XM_026505318.3	979	799.905	8.0895	4.34207
XM_026505319.3	1002	822.905	3.79148	1.97821
XM_026505321.3	827	647.98	15.3854	10.1944
XM_026505322.3	812	632.98	46.6861	31.6673
XM_026505323.3	8679	8499.9	103.984	5.25248
XM_026505324.3	8513	8333.9	0	0
XM_026505326.3	2559	2379.9	0	0
XM_026505327.3	2654	2474.9	0	0
XM_026505328.3	2455	2275.9	18	3.39572
XM_026505329.3	5493	5313.9	52	4.20149
XM_026505330.3	5497	5317.9	0	0
XM_026505332.3	5202	5022.9	0	0
XM_026505333.3	5053	4873.9	0	0
XM_026505334.3	12904	12724.9	0.141294	0.00476741
XM_026505335.2	1476	1296.9	0	0
XM_026505336.3	5980	5800.9	58	4.29285
XM_026505337.3	4161	3981.9	0	0
XM_026505338.3	3171	2991.9	32	4.59215
XM_026505340.3	2832	2652.9	0	0
XM_026505343.3	8275	8095.9	13.0407	0.691592
XM_026505344.3	8299	8119.9	22.541	1.19189
XM_026505345.3	8272	8092.9	48.8162	2.58984
XM_026505346.3	8263	8083.9	2.74786e-05	1.45944e-06
XM_026505348.3	3351	3171.9	0	0
XM_026505349.3	5941	5761.9	0	0
XM_026505350.3	3877	3697.9	15.3759	1.78525
XM_026505351.3	3658	3478.9	0	0
XM_026505353.3	3407	3227.9	0	0
XM_026505359.3	14626	14446.9	148.542	4.41457
XM_026505360.3	2568	2388.9	1.26649	0.227623
XM_026505364.2	1035	855.905	1	0.501635
XM_026505365.3	2188	2008.9	2	0.427449
XM_026505366.3	844	664.98	0	0
XM_026505367.3	9159	8979.9	46.6184	2.22894
XM_026505372.3	2424	2244.9	41.5426	7.94529
XM_026505373.3	2372	2192.9	15.1462	2.9655
XM_026505375.3	5611	5431.9	10	0.790426
XM_026505376.3	3729	3549.9	32	3.87032
XM_026505378.2	2211	2031.9	0	0
XM_026505383.3	13321	13141.9	75.1418	2.45492
XM_026505384.3	2047	1867.9	41	9.42416
XM_026505385.3	11280	11100.9	0	0
XM_026505386.3	3352	3172.9	53.8582	7.288
XM_026505387.3	5980	5800.9	14	1.03621
XM_026505388.3	2370	2190.9	59.7387	11.707
XM_026505389.3	2319	2139.9	45.3385	9.09674
XM_026505390.3	2153	1973.9	83.2461	18.1072
XM_026505391.3	3073	2893.9	1	0.148364
XM_026505392.3	3825	3645.9	59.5933	7.01787
XM_026505393.3	3805	3625.9	315.572	37.3676
XM_026505394.3	3657	3477.9	0.0144754	0.00178701
XM_026505395.3	3621	3441.9	36.8206	4.5931
XM_026505396.2	2680	2500.9	3	0.515036
XM_026505397.3	7032	6852.9	11	0.689178
XM_026505398.3	4361	4181.9	0	0
XM_026505401.3	5058	4878.9	11.8133	1.03959
XM_026505403.3	1671	1491.9	79	22.7352
XM_026505405.3	6836	6656.9	0	0
XM_026505407.3	8760	8580.9	0	0
XM_026505409.3	4058	3878.9	0	0
XM_026505414.3	5037	4857.9	16.1042	1.42332
XM_026505415.3	4969	4789.9	17.8958	1.60412
XM_026505417.3	831	651.98	9.65931	6.36099
XM_026505419.3	7363	7183.9	0	0
XM_026505421.3	7417	7237.9	0	0
XM_026505422.3	7346	7166.9	82	4.91242
XM_026505424.3	1298	1118.9	0	0
XM_026505427.3	4170	3990.9	0	0
XM_026505429.3	12785	12605.9	14.1459	0.481804
XM_026505432.3	2126	1946.9	15	3.30796
XM_026505435.3	1149	969.905	0	0
XM_026505437.3	796	616.98	0	0
XM_026505438.3	779	599.98	2	1.43122
XM_026505440.3	2121	1941.9	0	0
XM_026505441.3	2001	1821.9	50	11.7831
XM_026505442.3	2161	1981.9	0	0
XM_026505443.3	3086	2906.9	487	71.9303
XM_026505444.3	2004	1824.9	32.5324	7.65402
XM_026505445.3	2033	1853.9	0.648469	0.150181
XM_026505446.3	12767	12587.9	37.0187	1.26264
XM_026505447.3	1947	1767.9	0	0
XM_026505448.3	2136	1956.9	0	0
XM_026505449.3	1861	1681.9	0	0
XM_026505450.3	2406	2226.9	73	14.0746
XM_026505451.3	5141	4961.9	0	0
XM_026505457.3	1452	1272.9	0	0
XM_026505458.3	1886	1706.9	14.9728	3.76624
XM_026505459.3	1957	1777.9	0	0
XM_026505464.3	3615	3435.9	3	0.374881
XM_026505465.3	7199	7019.9	0	0
XM_026505466.2	249	90.2619	0	0
XM_026505470.3	7244	7064.9	0	0
XM_026505471.3	4559	4379.9	0	0
XM_026505472.3	5004	4824.9	161	14.3268
XM_026505473.3	2327	2147.9	30.8719	6.17108
XM_026505475.3	2249	2069.9	89.6849	18.603
XM_026505476.3	2283	2103.9	36.6003	7.46917
XM_026505477.3	1710	1530.9	24	6.73095
XM_026505479.3	7234	7054.9	0	0
XM_026505481.3	3693	3513.9	0	0
XM_026505483.3	2253	2073.9	2	0.414052
XM_026505485.3	6239	6059.9	0	0
XM_026505486.3	6037	5857.9	23.5122	1.72331
XM_026505487.3	5986	5806.9	0	0
XM_026505496.3	4129	3949.9	10.2996	1.11956
XM_026505497.3	1939	1759.9	0	0
XM_026505499.3	4236	4056.9	5.69052	0.602242
XM_026505500.3	4080	3900.9	6.1439	0.676227
XM_026505501.3	2221	2041.9	3.9602	0.832712
XM_026505502.3	5971	5791.9	3.34499	0.247963
XM_026505506.3	2038	1858.9	46	10.6246
XM_026505507.3	2070	1890.9	0	0
XM_026505509.3	1855	1675.9	1	0.256191
XM_026505510.2	682	502.98	0	0
XM_026505511.3	2364	2184.9	21	4.12667
XM_026505512.3	1664	1484.9	57	16.4812
XM_026505515.3	3420	3240.9	0	0
XM_026505518.3	4226	4046.9	0	0
XM_026505519.3	3409	3229.9	0	0
XM_026505521.3	5358	5178.9	0	0
XM_026505522.3	5415	5235.9	16	1.31202
XM_026505523.3	5277	5097.9	0	0
XM_026505524.3	5251	5071.9	19	1.60841
XM_026505525.3	7733	7553.9	32	1.81883
XM_026505528.3	4331	4151.9	11.85	1.22542
XM_026505534.3	2288	2108.9	5694.18	1159.28
XM_026505535.3	1799	1619.9	7	1.85533
XM_026505536.3	770	590.98	0	0
XM_026505537.3	2482	2302.9	0	0
XM_026505538.3	3601	3421.9	0	0
XM_026505540.3	3486	3306.9	3	0.389505
XM_026505541.3	12222	12042.9	0	0
XM_026505542.3	6684	6504.9	0	0
XM_026505543.3	14723	14543.9	47	1.38749
XM_026505544.3	5317	5137.9	17	1.42061
XM_026505548.3	3447	3267.9	0	0
XM_026505549.3	15934	15754.9	291.248	7.93707
XM_026505550.3	15932	15752.9	122.287	3.33298
XM_026505551.3	15877	15697.9	0.00081199	2.22087e-05
XM_026505552.3	15815	15635.9	0	0
XM_026505553.3	3810	3630.9	58.5269	6.92076
XM_026505554.3	3119	2939.9	38	5.54963
XM_026505555.3	3550	3370.9	0	0
XM_026505556.3	2493	2313.9	11	2.04108
XM_026505557.3	2807	2627.9	0	0
XM_026505558.3	5637	5457.9	1	0.0786661
XM_026505561.3	796	616.98	16.0255	11.152
XM_026505562.3	719	539.98	2.97454	2.36513
XM_026505563.3	813	633.98	0	0
XM_026505564.3	896	716.98	14	8.38367
XM_026505565.3	3032	2852.9	50.967	7.67036
XM_026505566.3	3652	3472.9	223.002	27.5695
XM_026505567.3	1387	1207.9	15	5.33178
XM_026505569.3	2014	1834.9	0	0
XM_026505570.3	2897	2717.9	1	0.157972
XM_026505572.3	11225	11045.9	47	1.82688
XM_026505573.3	916	736.98	0	0
XM_026505575.3	2914	2734.9	73.85	11.5937
XM_026505576.3	2778	2598.9	30.15	4.98092
XM_026505577.3	3927	3747.9	121.716	13.9435
XM_026505578.3	4431	4251.9	29.9368	3.02298
XM_026505579.3	4575	4395.9	51.347	5.01511
XM_026505584.3	877	697.98	1	0.615135
XM_026505586.3	1942	1762.9	0	0
XM_026505588.3	4796	4616.9	0	0
XM_026505589.3	4296	4116.9	0	0
XM_026505590.3	4293	4113.9	16	1.66986
XM_026505592.3	2041	1861.9	4.21772	0.972599
XM_026505593.3	1097	917.905	0	0
XM_026505594.3	1266	1086.9	2	0.790045
XM_026505595.3	5172	4992.9	12.7123	1.09316
XM_026505596.3	1954	1774.9	44	10.6437
XM_026505599.3	4604	4424.9	0	0
XM_026505600.3	4555	4375.9	0	0
XM_026505601.3	4602	4422.9	0	0
XM_026505605.3	1126	946.905	0	0
XM_026505606.3	1116	936.905	24.8986	11.4102
XM_026505607.3	1705	1525.9	18	5.06476
XM_026505608.3	847	667.98	2462	1582.48
XM_026505611.3	11621	11441.9	14.9434	0.560745
XM_026505612.3	8341	8161.9	0	0
XM_026505613.3	11670	11490.9	0.0565595	0.00211332
XM_026505614.3	8283	8103.9	1.78893e-06	9.47791e-08
XM_026505615.3	8240	8060.9	0.00185288	9.86906e-05
XM_026505616.3	8181	8001.9	26.9981	1.44862
XM_026505617.3	1125	945.905	0	0
XM_026505618.3	6240	6060.9	1.55277e-05	1.09997e-06
XM_026505619.3	6219	6039.9	628.447	44.6737
XM_026505621.3	6235	6055.9	126.35	8.95794
XM_026505623.3	11796	11616.9	3.73043e-08	1.37874e-09
XM_026505626.3	4454	4274.9	0	0
XM_026505627.3	4307	4127.9	0	0
XM_026505628.3	4241	4061.9	0	0
XM_026505629.3	4143	3963.9	0	0
XM_026505630.3	4097	3917.9	0	0
XM_026505634.3	2086	1906.9	0	0
XM_026505636.3	3433	3253.9	264.117	34.8502
XM_026505637.3	7399	7219.9	0	0
XM_026505638.3	16729	16549.9	0	0
XM_026505639.3	16720	16540.9	0	0
XM_026505640.3	16630	16450.9	23.3652	0.609809
XM_026505641.3	16621	16441.9	47.7217	1.24617
XM_026505642.3	15930	15750.9	78.913	2.15108
XM_026505645.3	1280	1100.9	60	23.4
XM_026505646.3	697	517.98	0	0
XM_026505647.3	6366	6186.9	189.905	13.1788
XM_026505649.3	715	535.98	953	763.409
XM_026505650.3	879	699.98	0	0
XM_026505651.3	819	639.98	1	0.670883
XM_026505653.3	1820	1640.9	0	0
XM_026505654.3	1348	1168.9	0	0
XM_026505655.3	4308	4128.9	0	0
XM_026505656.3	4329	4149.9	0	0
XM_026505657.3	3949	3769.9	0	0
XM_026505658.3	3874	3694.9	6	0.697207
XM_026505660.3	2044	1864.9	0	0
XM_026505662.3	1910	1730.9	1	0.248051
XM_026505664.3	4644	4464.9	1280	123.087
XM_026505666.3	1789	1609.9	39	10.4011
XM_026505667.3	1780	1600.9	0	0
XM_026505669.3	1647	1467.9	0	0
XM_026505673.2	6879	6699.9	2	0.128167
XM_026505680.3	5813	5633.9	2.05004e-08	1.56231e-09
XM_026505681.3	5540	5360.9	0	0
XM_026505682.3	4322	4142.9	33	3.41997
XM_026505683.3	4551	4371.9	0	0
XM_026505684.3	2751	2571.9	1.29558e-05	2.16283e-06
XM_026505685.3	2232	2052.9	9.27573	1.93996
XM_026505686.3	2041	1861.9	0	0
XM_026505687.3	2029	1849.9	12	2.78513
XM_026505690.3	1682	1502.9	0	0
XM_026505691.3	1039	859.905	228	113.841
XM_026505692.3	5293	5113.9	0	0
XM_026505693.3	5232	5052.9	0	0
XM_026505696.3	3839	3659.9	129.998	15.2504
XM_026505698.3	5263	5083.9	12.6658	1.06967
XM_026505699.3	5230	5050.9	0.0195202	0.00165931
XM_026505701.3	5119	4939.9	15.0972	1.31218
XM_026505702.3	5083	4903.9	28.6534	2.50869
XM_026505703.3	4939	4759.9	35.1641	3.17187
XM_026505704.3	1500	1320.9	36	11.7016
XM_026505705.3	577	397.98	0	0
XM_026505706.3	2035	1855.9	0	0
XM_026505707.3	1583	1403.9	0	0
XM_026505709.3	3079	2899.9	16.7283	2.47675
XM_026505710.3	2210	2030.9	119	25.1577
XM_026505712.3	4249	4069.9	0	0
XM_026505713.3	4115	3935.9	35.1168	3.83075
XM_026505715.3	6315	6135.9	0	0
XM_026505716.3	7873	7693.9	52	2.90182
XM_026505717.3	3989	3809.9	44	4.95852
XM_026505719.3	1129	949.905	0	0
XM_026505720.3	1733	1553.9	0	0
XM_026505721.3	3410	3230.9	6.12033	0.813325
XM_026505722.3	7210	7030.9	240.153	14.6653
XM_026505723.3	7246	7066.9	0	0
XM_026505727.3	4659	4479.9	903.167	86.5591
XM_026505728.3	8511	8331.9	4.14523	0.213608
XM_026505729.2	1361	1181.9	1.08047	0.392503
XM_026505731.2	1359	1179.9	0	0
XM_026505738.3	3306	3126.9	0	0
XM_026505739.3	3307	3127.9	0	0
XM_026505740.3	23929	23749.9	100.837	1.82294
XM_026505743.3	3829	3649.9	17.7051	2.08271
XM_026505744.3	9758	9578.9	3.17615	0.142363
XM_026505745.3	10093	9913.9	398.467	17.2569
XM_026505746.3	4490	4310.9	6.94776e-08	6.91974e-09
XM_026505747.3	4486	4306.9	0	0
XM_026505749.3	5589	5409.9	307.417	24.3978
XM_026505750.3	1195	1015.9	397.144	167.845
XM_026505753.3	3655	3475.9	0	0
XM_026505756.3	3258	3078.9	22	3.06789
XM_026505759.3	924	744.98	3.78927	2.18386
XM_026505760.3	946	766.905	0	0
XM_026505761.3	12898	12718.9	19.3435	0.652977
XM_026505762.3	305	134.315	47	150.24
XM_026505763.3	2023	1843.9	2	0.465699
XM_026505764.3	5104	4924.9	0	0
XM_026505769.3	2995	2815.9	28.6316	4.36557
XM_026505770.3	2401	2221.9	1.23961	0.239538
XM_026505771.3	2241	2061.9	3.7893	0.789048
XM_026505772.3	9246	9066.9	0	0
XM_026505773.2	1290	1110.9	0	0
XM_026505776.3	8360	8180.9	6.06217	0.318156
XM_026505777.3	1122	942.905	375	170.756
XM_026505779.3	1002	822.905	0	0
XM_026505780.3	1006	826.905	3	1.55768
XM_026505781.3	4950	4770.9	5	0.449969
XM_026505783.3	4687	4507.9	0	0
XM_026505784.3	4582	4402.9	14	1.36522
XM_026505785.3	7335	7155.9	115	6.89996
XM_026505787.3	2160	1980.9	11.4566	2.48316
XM_026505788.3	5687	5507.9	45.7529	3.56653
XM_026505789.3	12093	11913.9	0	0
XM_026505790.3	1752	1572.9	8.33055	2.27397
XM_026505791.3	2104	1924.9	15.46	3.44836
XM_026505795.3	1897	1717.9	0	0
XM_026505796.3	12072	11892.9	0	0
XM_026505797.3	6229	6049.9	54	3.83229
XM_026505798.3	11398	11218.9	112.258	4.29616
XM_026505799.3	3071	2891.9	372.53	55.3083
XM_026505802.2	2318	2138.9	50.4705	10.1312
XM_026505803.3	8980	8800.9	9.92272	0.484079
XM_026505805.3	8965	8785.9	91.9208	4.49201
XM_026505806.3	8971	8791.9	37.714	1.84176
XM_026505807.3	410	232.143	0	0
XM_026505808.3	5954	5774.9	0	0
XM_026505809.3	10788	10608.9	63	2.54967
XM_026505810.3	9628	9448.9	0	0
XM_026505811.3	9630	9450.9	0	0
XM_026505814.3	9707	9527.9	0	0
XM_026505816.3	9991	9811.9	0	0
XM_026505817.3	4610	4430.9	40.5266	3.927
XM_026505819.3	3626	3446.9	69.4734	8.65372
XM_026505820.3	16320	16140.9	4.86828e-08	1.29497e-09
XM_026505822.2	838	658.98	0	0
XM_026505823.3	7220	7040.9	7.85792	0.479173
XM_026505824.3	3297	3117.9	38	5.2328
XM_026505825.3	1603	1423.9	394	118.803
XM_026505827.3	2189	2009.9	0	0
XM_026505835.3	5219	5039.9	74.3875	6.33711
XM_026505836.3	727	547.98	226.33	177.334
XM_026505837.3	1550	1370.9	28	8.76929
XM_026505838.3	2313	2133.9	0	0
XM_026505839.3	2224	2044.9	1	0.209962
XM_026505851.3	4859	4679.9	289	26.5139
XM_026505853.3	3137	2957.9	0	0
XM_026505854.3	3282	3102.9	0	0
XM_026505860.3	4272	4092.9	137.483	14.4222
XM_026505861.3	6215	6035.9	1.1535	0.0820519
XM_026505862.3	3898	3718.9	143	16.5095
XM_026505864.3	8054	7874.9	12.8465	0.700411
XM_026505865.3	7449	7269.9	0	0
XM_026505867.3	1878	1698.9	29	7.32896
XM_026505868.3	3249	3069.9	0	0
XM_026505869.3	3202	3022.9	2	0.284066
XM_026505870.3	3449	3269.9	0	0
XM_026505875.3	1942	1762.9	4.67199	1.13785
XM_026505876.3	2563	2383.9	0	0
XM_026505877.3	9162	8982.9	0	0
XM_026505878.3	5871	5691.9	0	0
XM_026505879.3	1993	1813.9	6.99937	1.65675
XM_026505880.3	2006	1826.9	0.00062762	0.000147501
XM_026505886.3	13562	13382.9	0	0
XM_026505887.3	13541	13361.9	43	1.3817
XM_026505888.3	10221	10041.9	54.5344	2.33167
XM_026505889.3	9752	9572.9	0	0
XM_026505891.3	1431	1251.9	0	0
XM_026505892.3	2171	1991.9	0	0
XM_026505893.3	2426	2246.9	0	0
XM_026505894.3	2370	2190.9	0	0
XM_026505896.3	1428	1248.9	0	0
XM_026505897.3	2009	1829.9	0	0
XM_026505899.3	1850	1670.9	0	0
XM_026505900.2	1452	1272.9	0	0
XM_026505901.3	1213	1033.9	0	0
XM_026505902.3	3949	3769.9	54	6.15002
XM_026505903.3	7730	7550.9	214.974	12.2236
XM_026505904.3	5175	4995.9	0	0
XM_026505906.3	2714	2534.9	7.14111	1.20953
XM_026505907.3	3504	3324.9	0	0
XM_026505908.3	1454	1274.9	3	1.01032
XM_026505909.3	4661	4481.9	3	0.28739
XM_026505912.3	840	660.98	0	0
XM_026505913.3	1852	1672.9	0	0
XM_026505914.3	3624	3444.9	7	0.872437
XM_026505915.1	432	253.732	0	0
XM_026505917.3	2109	1929.9	0	0
XM_026505919.3	4353	4173.9	1	0.102866
XM_026505920.1	654	474.98	0	0
XM_026505925.2	1875	1695.9	0	0
XM_026505926.3	933	753.98	0	0
XM_026505927.2	1572	1392.9	0	0
XM_026505930.3	951	771.905	0	0
XM_026505931.3	984	804.905	0	0
XM_026505933.3	939	759.905	0	0
XM_026505934.2	933	753.98	0	0
XM_026505935.3	1478	1298.9	0	0
XM_026505936.3	1741	1561.9	8	2.19912
XM_026505937.3	984	804.905	0	0
XM_026505938.2	963	783.905	0	0
XM_026505940.3	936	756.98	0	0
XM_026505941.3	948	768.905	0	0
XM_026505942.1	948	768.905	0	0
XM_026505946.3	6690	6510.9	16	1.0551
XM_026505947.3	1833	1653.9	0	0
XM_026505948.1	303	132.581	0	0
XM_026505949.3	1569	1389.9	1	0.308907
XM_026505950.2	1274	1094.9	0	0
XM_026505951.3	1337	1157.9	2	0.741602
XM_026505952.1	2298	2118.9	1	0.202629
XM_026505959.3	10465	10285.9	0	0
XM_026505972.3	750	570.98	1	0.751956
XM_026505973.3	1404	1224.9	0	0
XM_026505975.3	1544	1364.9	3	0.943697
XM_026505977.1	1113	933.905	0	0
XM_026505978.2	1767	1587.9	0	0
XM_026505979.3	1075	895.905	0	0
XM_026505980.3	957	777.905	0	0
XM_026505982.2	957	777.905	0	0
XM_026505983.2	957	777.905	0	0
XM_026505984.2	960	780.905	0	0
XM_026505985.3	5463	5283.9	6	0.487539
XM_026505986.2	945	765.905	0	0
XM_026505987.1	4011	3831.9	0	0
XM_026505989.3	761	581.98	0	0
XM_026505990.1	723	543.98	0	0
XM_026505991.1	705	525.98	0	0
XM_026505992.3	10425	10245.9	0	0
XM_026505994.3	615	435.98	0	0
XM_026505996.3	564	384.98	0	0
XM_026505998.3	567	387.98	0	0
XM_026505999.1	552	373.018	0	0
XM_026506001.1	561	381.98	0	0
XM_026506003.2	1614	1434.9	0	0
XM_026506004.2	357	181.036	0	0
XM_026506005.2	732	552.98	0	0
XM_026506009.3	8979	8799.9	3.34601	0.163254
XM_026506014.3	14206	14026.9	0	0
XM_026506015.2	4521	4341.9	0	0
XM_026506016.3	4526	4346.9	19	1.87667
XM_026506017.3	1431	1251.9	0	0
XM_026506018.3	1018	838.905	125	63.9751
XM_026506019.3	4568	4388.9	13.8709	1.35694
XM_026506020.3	3675	3495.9	0	0
XM_026506022.3	8612	8432.9	228.285	11.6229
XM_026506023.3	8789	8609.9	63.3064	3.15691
XM_026506024.3	8675	8495.9	591.462	29.8903
XM_026506025.3	1256	1076.9	0	0
XM_026506026.2	966	786.905	0	0
XM_026506030.3	16761	16581.9	16.4472	0.425865
XM_026506031.3	663	483.98	224	198.716
XM_026506032.3	9946	9766.9	0	0
XM_026506033.3	7375	7195.9	0	0
XM_026506036.3	6883	6703.9	36.6583	2.34779
XM_026506038.3	6289	6109.9	0	0
XM_026506039.3	5935	5755.9	115.695	8.6301
XM_026506044.3	6458	6278.9	69.503	4.75262
XM_026506046.3	6021	5841.9	0.76786	0.056434
XM_026506048.3	9740	9560.9	9.26992	0.416285
XM_026506049.3	7501	7321.9	0.000213886	1.25421e-05
XM_026506050.3	11573	11393.9	1.25651e-07	4.73486e-09
XM_026506051.3	11572	11392.9	133	5.01222
XM_026506052.3	2458	2278.9	471	88.7377
XM_026506053.3	2461	2281.9	0.000109585	2.06189e-05
XM_026506054.3	3229	3049.9	14.5079	2.04236
XM_026506055.3	3123	2943.9	56.4921	8.23905
XM_026506056.3	9842	9662.9	1200.52	53.3429
XM_026506057.3	9638	9458.9	8.47557	0.384717
XM_026506066.3	1643	1463.9	37	10.8518
XM_026506069.3	9149	8969.9	93.8636	4.49286
XM_026506071.3	7672	7492.9	4.84528	0.27764
XM_026506072.3	6613	6433.9	0	0
XM_026506078.3	7850	7670.9	0	0
XM_026506079.3	2447	2267.9	0	0
XM_026506080.3	2493	2313.9	0	0
XM_026506081.3	3904	3724.9	69.354	7.9941
XM_026506082.2	2896	2716.9	7.64599	1.20829
XM_026506083.3	3688	3508.9	0	0
XM_026506085.3	9856	9676.9	35.0612	1.55562
XM_026506088.3	7060	6880.9	0	0
XM_026506089.3	984	804.905	0	0
XM_026506090.3	1729	1549.9	0	0
XM_026506092.3	7885	7705.9	112.482	6.26718
XM_026506095.3	1325	1145.9	0	0
XM_026506096.3	3126	2946.9	0	0
XM_026506099.3	936	756.98	0	0
XM_026506100.2	921	741.98	0	0
XM_026506101.3	2091	1911.9	16.8708	3.78864
XM_026506102.3	1964	1784.9	0	0
XM_026506103.3	1786	1606.9	7.82052	2.08958
XM_026506104.3	3953	3773.9	7256.93	825.611
XM_026506105.3	1715	1535.9	3	0.83863
XM_026506107.3	3163	2983.9	1	0.143889
XM_026506108.3	5393	5213.9	1	0.0823475
XM_026506109.3	7980	7800.9	0	0
XM_026506110.3	754	574.98	0	0
XM_026506111.3	2681	2501.9	12.0728	2.07181
XM_026506112.3	4242	4062.9	123	12.9982
XM_026506113.3	7681	7501.9	74.8769	4.28538
XM_026506114.3	7844	7664.9	29.1231	1.63134
XM_026506115.3	1782	1602.9	0	0
XM_026506117.3	11116	10936.9	0	0
XM_026506118.3	11074	10894.9	52.2925	2.06077
XM_026506119.3	2068	1888.9	8.92724	2.02918
XM_026506120.3	11035	10855.9	0	0
XM_026506121.3	1079	899.905	95	45.3253
XM_026506122.3	8865	8685.9	0	0
XM_026506123.2	1266	1086.9	0	0
XM_026506124.3	6177	5997.9	0	0
XM_026506125.3	2811	2631.9	0	0
XM_026506126.3	2001	1821.9	5	1.17831
XM_026506128.3	3724	3544.9	1000	121.118
XM_026506129.3	7335	7155.9	77.1382	4.62827
XM_026506130.3	5028	4848.9	30.3886	2.69079
XM_026506131.3	4683	4503.9	0.86637	0.0825901
XM_026506134.3	3811	3631.9	37	4.37402
XM_026506137.3	1535	1355.9	42.0139	13.3039
XM_026506140.3	6114	5934.9	0	0
XM_026506144.3	5491	5311.9	4.1613	0.336351
XM_026506145.3	2938	2758.9	7.8387	1.21989
XM_026506146.3	602	422.98	25	25.3766
XM_026506147.3	6351	6171.9	92.6726	6.44682
XM_026506148.3	6329	6149.9	50.3274	3.51358
XM_026506149.3	5573	5393.9	47	3.74117
XM_026506150.3	5420	5240.9	5.41173e-08	4.43347e-09
XM_026506152.3	2079	1899.9	8	1.80789
XM_026506155.3	5087	4907.9	5.07539	0.444004
XM_026506157.3	25713	25533.9	0.00115901	1.94888e-05
XM_026506158.3	3856	3676.9	0	0
XM_026506159.3	6868	6688.9	2	0.128377
XM_026506160.3	1171	991.905	38	16.4485
XM_026506161.3	2389	2209.9	23	4.46856
XM_026506163.3	8614	8434.9	0	0
XM_026506164.3	25710	25530.9	125.999	2.11891
XM_026506165.3	8605	8425.9	0	0
XM_026506167.3	6665	6485.9	0	0
XM_026506169.3	8701	8521.9	0	0
XM_026506170.3	8400	8220.9	0	0
XM_026506171.3	3589	3409.9	11.659	1.46803
XM_026506172.3	2828	2648.9	2.46298e-06	3.99216e-07
XM_026506173.3	2795	2615.9	31.3634	5.14772
XM_026506174.3	2452	2272.9	12.9775	2.45146
XM_026506175.3	2779	2599.9	43	7.10108
XM_026506179.3	7402	7222.9	187	11.1159
XM_026506180.3	1270	1090.9	115	45.261
XM_026506181.3	2384	2204.9	0	0
XM_026506182.3	946	766.905	13	7.27806
XM_026506183.3	3714	3534.9	17.8855	2.17238
XM_026506186.3	3437	3257.9	0	0
XM_026506187.3	3501	3321.9	8.9122	1.15189
XM_026506189.3	4689	4509.9	0	0
XM_026506190.3	2681	2501.9	4	0.68644
XM_026506191.3	828	648.98	0	0
XM_026506193.3	3733	3553.9	2	0.241623
XM_026506194.3	2809	2629.9	0	0
XM_026506198.3	2767	2587.9	0	0
XM_026506200.3	2622	2442.9	0	0
XM_026506201.3	2543	2363.9	0	0
XM_026506202.3	2477	2297.9	0.219204	0.0409572
XM_026506204.3	2387	2207.9	0	0
XM_026506205.3	2390	2210.9	0	0
XM_026506206.3	8452	8272.9	120	6.22783
XM_026506207.3	2839	2659.9	1.57826	0.254757
XM_026506208.3	2737	2557.9	0	0
XM_026506209.3	2873	2693.9	0	0
XM_026506210.3	2543	2363.9	6.28366	1.14129
XM_026506211.3	522	343.091	44	55.0626
XM_026506213.3	868	688.98	5	3.11585
XM_026506214.3	4925	4745.9	0	0
XM_026506216.3	4265	4085.9	77	8.09126
XM_026506219.3	1287	1107.9	74	28.6776
XM_026506220.3	2088	1908.9	0.00294753	0.00066296
XM_026506221.3	2075	1895.9	21.9971	4.98151
XM_026506224.3	1954	1774.9	0	0
XM_026506225.3	5136	4956.9	0	0
XM_026506226.3	4861	4681.9	0	0
XM_026506227.3	5065	4885.9	0.000242087	2.12735e-05
XM_026506228.3	5018	4838.9	72.8217	6.4614
XM_026506229.3	4978	4798.9	0	0
XM_026506230.3	4963	4783.9	5.21957e-05	4.68453e-06
XM_026506231.3	4915	4735.9	0	0
XM_026506232.3	4916	4736.9	20.5735	1.86478
XM_026506233.3	5091	4911.9	60.6045	5.29747
XM_026506235.3	4336	4156.9	49.0004	5.06108
XM_026506236.3	799	619.98	33.0608	22.8954
XM_026506238.3	2057	1877.9	17	3.88677
XM_026506240.2	281	114.597	0	0
XM_026506241.3	4386	4206.9	2.54106e-07	2.59338e-08
XM_026506242.3	4330	4150.9	10	1.03436
XM_026506245.3	3964	3784.9	0	0
XM_026506247.3	3889	3709.9	16	1.8517
XM_026506250.3	3815	3635.9	7.39297	0.873011
XM_026506251.3	3817	3637.9	3.60703	0.425709
XM_026506252.3	3307	3127.9	0	0
XM_026506259.2	1045	865.905	0	0
XM_026506260.3	664	484.98	38	33.6413
XM_026506261.3	556	377.018	0	0
XM_026506263.3	9574	9394.9	0.328962	0.0150337
XM_026506264.3	3162	2982.9	39	5.61356
XM_026506265.3	2585	2405.9	31.6431	5.64694
XM_026506266.3	2651	2471.9	13.3569	2.32
XM_026506267.3	2629	2449.9	0	0
XM_026506268.2	1468	1288.9	51	16.9888
XM_026506269.3	615	435.98	0	0
XM_026506270.3	4510	4330.9	7	0.693957
XM_026506273.3	15519	15339.9	51	1.42745
XM_026506274.3	1043	863.905	1637.56	813.852
XM_026506275.3	1305	1125.9	41570.4	15852.5
XM_026506278.3	1419	1239.9	0	0
XM_026506279.2	827	647.98	4	2.6504
XM_026506280.3	825	645.98	0	0
XM_026506281.3	15761	15581.9	0	0
XM_026506282.3	3157	2977.9	27	3.89284
XM_026506283.3	1309	1129.9	0	0
XM_026506285.3	1227	1047.9	0	0
XM_026506286.3	4948	4768.9	83.2663	7.4966
XM_026506287.3	7950	7770.9	2.45047	0.135392
XM_026506290.3	2643	2463.9	32.7094	5.69983
XM_026506291.3	15409	15229.9	1.16801e-06	3.29279e-08
XM_026506295.3	966	786.905	0	0
XM_026506298.3	2096	1916.9	4	0.895928
XM_026506300.3	7841	7661.9	25.6333	1.43642
XM_026506301.3	7805	7625.9	0	0
XM_026506304.3	7527	7347.9	94.9979	5.5509
XM_026506306.3	3264	3084.9	0	0
XM_026506307.3	3267	3087.9	22.8831	3.18174
XM_026506309.3	3106	2926.9	0	0
XM_026506311.3	3064	2884.9	2.84697e-06	4.23707e-07
XM_026506312.3	1424	1244.9	92	31.7296
XM_026506313.3	5181	5001.9	0	0
XM_026506314.3	5198	5018.9	0	0
XM_026506315.3	5388	5208.9	46.9293	3.86822
XM_026506319.3	3347	3167.9	1634	221.459
XM_026506320.3	4277	4097.9	0	0
XM_026506321.3	3261	3081.9	0	0
XM_026506325.3	925	745.98	12	6.90665
XM_026506327.3	1300	1120.9	8.62666	3.30436
XM_026506328.3	1218	1038.9	2.37334	0.980838
XM_026506329.3	8550	8370.9	15.3341	0.786503
XM_026506330.3	1240	1060.9	0	0
XM_026506331.3	1488	1308.9	0	0
XM_026506332.3	363	186.702	12	27.596
XM_026506333.3	3088	2908.9	15	2.21399
XM_026506335.3	1746	1566.9	0	0
XM_026506336.3	839	659.98	90	58.5497
XM_026506337.3	8480	8300.9	8.56736e-08	4.43134e-09
XM_026506338.3	3689	3509.9	24	2.93582
XM_026506339.3	2017	1837.9	0	0
XM_026506340.3	2024	1844.9	0	0
XM_026506341.3	2041	1861.9	2.96029	0.682638
XM_026506342.3	1364	1184.9	2.03971	0.739091
XM_026506344.3	899	719.98	5	2.98169
XM_026506349.3	3998	3818.9	79	8.88181
XM_026506350.3	573	393.98	0	0
XM_026506351.3	973	793.905	0	0
XM_026506352.3	4165	3985.9	17.8837	1.92639
XM_026506353.3	4166	3986.9	5.95977	0.641811
XM_026506354.3	4113	3933.9	25.6532	2.79982
XM_026506355.3	4114	3934.9	8.50336	0.927833
XM_026506356.3	874	694.98	26	16.0625
XM_026506357.3	3442	3262.9	9	1.18427
XM_026506358.3	2740	2560.9	133.749	22.4239
XM_026506359.3	5084	4904.9	71	6.215
XM_026506361.3	4319	4139.9	0	0
XM_026506363.3	3856	3676.9	0	0
XM_026506364.3	4233	4053.9	0	0
XM_026506365.3	3157	2977.9	0	0
XM_026506366.3	4130	3950.9	116	12.6059
XM_026506367.3	4782	4602.9	65	6.0631
XM_026506368.3	4078	3898.9	319.169	35.1473
XM_026506369.3	749	569.98	36	27.1179
XM_026506371.3	4207	4027.9	73.789	7.86549
XM_026506373.3	1800	1620.9	4	1.05954
XM_026506375.3	8225	8045.9	29.084	1.55201
XM_026506376.3	8235	8055.9	0	0
XM_026506377.3	6535	6355.9	150	10.1327
XM_026506378.3	4625	4445.9	67	6.47035
XM_026506379.3	1483	1303.9	0	0
XM_026506380.3	1376	1196.9	0	0
XM_026506381.3	3983	3803.9	34	3.83763
XM_026506382.3	1288	1108.9	0	0
XM_026506383.3	1400	1220.9	0	0
XM_026506385.3	1245	1065.9	0	0
XM_026506390.3	939	759.905	0	0
XM_026506391.3	885	705.98	0	0
XM_026506392.3	3479	3299.9	0	0
XM_026506395.3	620	440.98	0	0
XM_026506396.3	2109	1929.9	113	25.1395
XM_026506397.3	1303	1123.9	85.0352	32.485
XM_026506400.3	9914	9734.9	3.63473e-05	1.60308e-06
XM_026506401.3	9887	9707.9	0.00136321	6.02908e-05
XM_026506403.3	9720	9540.9	4.27713	0.192476
XM_026506404.3	9957	9777.9	1.54617e-08	6.7893e-10
XM_026506406.3	3604	3424.9	0	0
XM_026506407.3	3470	3290.9	7	0.913264
XM_026506409.3	3566	3386.9	67.561	8.56459
XM_026506411.3	778	598.98	265.786	190.516
XM_026506412.3	620	440.98	32.2143	31.3648
XM_026506413.3	750	570.98	21	15.7911
XM_026506415.3	3105	2925.9	0	0
XM_026506418.3	3567	3387.9	0	0
XM_026506419.3	3364	3184.9	17.7438	2.39202
XM_026506420.3	3170	2990.9	36.2562	5.20467
XM_026506421.3	9903	9723.9	2.12775e-05	9.39494e-07
XM_026506424.3	7335	7155.9	0	0
XM_026506427.3	9814	9634.9	3.4605	0.154207
XM_026506428.3	4867	4687.9	0	0
XM_026506429.3	4870	4690.9	43.3197	3.96499
XM_026506431.3	2215	2035.9	4	0.84356
XM_026506433.3	2477	2297.9	0	0
XM_026506434.3	3005	2825.9	155	23.5498
XM_026506435.3	9876	9696.9	0.000801301	3.54794e-05
XM_026506436.3	2895	2715.9	0	0
XM_026506437.3	11806	11626.9	30	1.10782
XM_026506438.3	9872	9692.9	0.00137288	6.08122e-05
XM_026506439.3	51167	50987.9	0	0
XM_026506442.3	2200	2020.9	5	1.06228
XM_026506445.2	900	720.98	0	0
XM_026506446.3	1059	879.905	0	0
XM_026506447.3	2165	1985.9	30.712	6.63993
XM_026506449.3	4025	3845.9	104	11.6104
XM_026506450.3	1732	1552.9	7.84542	2.16913
XM_026506451.3	3077	2897.9	2.15458	0.319221
XM_026506452.3	1448	1268.9	0	0
XM_026506454.3	5935	5755.9	42	3.13292
XM_026506456.3	6666	6486.9	52	3.44175
XM_026506457.3	6699	6519.9	0	0
XM_026506459.3	2638	2458.9	3	0.523833
XM_026506460.3	4748	4568.9	0	0
XM_026506463.3	9529	9349.9	32.2796	1.4823
XM_026506466.3	9773	9593.9	0	0
XM_026506468.3	9376	9196.9	64.7203	3.02143
XM_026506469.2	865	685.98	3636	2275.76
XM_026506471.3	1745	1565.9	99.4584	27.2703
XM_026506472.3	1794	1614.9	0	0
XM_026506474.3	9066	8886.9	114.71	5.54198
XM_026506477.3	3169	2989.9	118	16.9449
XM_026506478.3	1380	1200.9	0	0
XM_026506479.3	8097	7917.9	4.44351e-06	2.40952e-07
XM_026506484.3	2578	2398.9	0	0
XM_026506485.3	7802	7622.9	21.8707	1.23184
XM_026506486.3	7771	7591.9	0	0
XM_026506488.3	7717	7537.9	0	0
XM_026506490.3	12825	12645.9	0	0
XM_026506500.3	6590	6410.9	0	0
XM_026506501.3	7044	6864.9	0	0
XM_026506502.3	4208	4028.9	96.1374	10.2452
XM_026506504.3	2516	2336.9	1.65835	0.304683
XM_026506505.3	1387	1207.9	4.31122	1.53243
XM_026506506.3	1376	1196.9	8.89307	3.19011
XM_026506508.3	1850	1670.9	6.79217	1.7453
XM_026506509.3	4081	3901.9	3.49022	0.384051
XM_026506512.3	9974	9794.9	23	1.00819
XM_026506519.3	8273	8093.9	43.4483	2.30478
XM_026506520.3	8246	8066.9	101.304	5.39181
XM_026506521.3	8184	8004.9	0	0
XM_026506523.3	8101	7921.9	0.00443274	0.000240246
XM_026506524.3	8024	7844.9	0	0
XM_026506525.3	7935	7755.9	389.826	21.58
XM_026506528.3	9079	8899.9	36.5201	1.76182
XM_026506535.3	8979	8799.9	1.21151e-05	5.91103e-07
XM_026506538.3	4854	4674.9	5.05267	0.464047
XM_026506539.3	5296	5116.9	102.785	8.62452
XM_026506547.3	4627	4447.9	0	0
XM_026506549.3	5248	5068.9	1.92222	0.162818
XM_026506550.3	2611	2431.9	10.0778	1.77923
XM_026506551.3	4438	4258.9	0	0
XM_026506552.3	6298	6118.9	0	0
XM_026506553.3	4515	4335.9	0	0
XM_026506556.3	4844	4664.9	61.9627	5.70297
XM_026506557.3	3790	3610.9	6.03732	0.717863
XM_026506558.3	12023	11843.9	73.7139	2.67219
XM_026506564.3	5481	5301.9	0	0
XM_026506565.3	5475	5295.9	0	0
XM_026506568.3	2668	2488.9	3.08636	0.532417
XM_026506569.3	977	797.905	1	0.538099
XM_026506570.3	543	364.056	937	1105.06
XM_026506572.3	9004	8824.9	15	0.729785
XM_026506578.3	5611	5431.9	5	0.395213
XM_026506584.3	3821	3641.9	1	0.117892
XM_026506585.1	816	636.98	0	0
XM_026506586.3	5608	5428.9	0	0
XM_026506591.3	3569	3389.9	4	0.506624
XM_026506592.2	1563	1383.9	0	0
XM_026506595.3	4770	4590.9	189.706	17.7417
XM_026506600.3	7373	7193.9	79.0586	4.71844
XM_026506602.2	447	268.446	1	1.5994
XM_026506604.2	897	717.98	0	0
XM_026506605.3	828	648.98	0	0
XM_026506606.3	1050	870.905	0	0
XM_026506608.3	4834	4654.9	3	0.276709
XM_026506613.3	2293	2113.9	41	8.32745
XM_026506614.3	4016	3836.9	887.398	99.3004
XM_026506615.3	3993	3813.9	497.602	56.0177
XM_026506616.3	1471	1291.9	34.0248	11.3078
XM_026506617.3	6630	6450.9	0	0
XM_026506618.3	1526	1346.9	28.9752	9.2364
XM_026506621.3	3835	3655.9	191.797	22.5247
XM_026506623.2	2508	2328.9	0	0
XM_026506624.3	2837	2657.9	0	0
XM_026506627.3	7830	7650.9	134	7.51979
XM_026506628.3	2547	2367.9	74.243	13.4619
XM_026506629.3	2523	2343.9	101.401	18.5745
XM_026506632.3	8873	8693.9	2	0.0987708
XM_026506634.3	2110	1930.9	4	0.889432
XM_026506636.3	5784	5604.9	0	0
XM_026506637.3	5721	5541.9	12.4953	0.968056
XM_026506642.3	1905	1725.9	0	0
XM_026506644.3	2091	1911.9	1	0.224568
XM_026506645.3	3354	3174.9	0	0
XM_026506646.3	9062	8882.9	1.30404	0.0630303
XM_026506647.3	2078	1898.9	41.5434	9.39318
XM_026506648.3	2268	2088.9	7.26422	1.49308
XM_026506650.3	2162	1982.9	0	0
XM_026506652.3	519	340.091	137.433	173.504
XM_026506653.3	465	286.306	2.65445	3.98069
XM_026506654.3	2982	2802.9	6	0.919086
XM_026506655.3	1852	1672.9	0	0
XM_026506656.3	1472	1292.9	0	0
XM_026506658.3	4912	4732.9	7.18532	0.651826
XM_026506660.3	13640	13460.9	123	3.92323
XM_026506662.3	6510	6330.9	3.68132	0.249661
XM_026506668.3	3100	2920.9	52.5535	7.72499
XM_026506669.3	8854	8674.9	6.34788	0.314179
XM_026506672.3	6505	6325.9	10.3226	0.700617
XM_026506673.2	3939	3759.9	402	45.9053
XM_026506674.3	2740	2560.9	21.856	3.6643
XM_026506675.3	2076	1896.9	12.144	2.74871
XM_026506676.3	5335	5155.9	24	1.99857
XM_026506681.3	6568	6388.9	0	0
XM_026506688.3	2087	1907.9	302	67.9616
XM_026506689.3	5437	5257.9	0	0
XM_026506690.3	5299	5119.9	9	0.754734
XM_026506691.3	1689	1509.9	424.264	120.643
XM_026506692.3	1622	1442.9	99.9121	29.7299
XM_026506695.3	3320	3140.9	484.178	66.1857
XM_026506696.3	871	691.98	0	0
XM_026506698.3	1843	1663.9	2.85309	0.736207
XM_026506702.3	2641	2461.9	13	2.26718
XM_026506705.3	13875	13695.9	0.360815	0.0113112
XM_026506706.3	11129	10949.9	183.74	7.20453
XM_026506707.3	24120	23940.9	7.40651	0.132827
XM_026506709.3	2736	2556.9	13	2.18294
XM_026506710.3	6417	6237.9	58	3.99211
XM_026506711.3	6414	6234.9	0	0
XM_026506712.3	7157	6977.9	204	12.5522
XM_026506713.3	4977	4797.9	10	0.894874
XM_026506714.3	1221	1041.9	0	0
XM_026506715.3	3304	3124.9	91	12.5031
XM_026506716.3	7684	7504.9	0	0
XM_026506717.3	5234	5054.9	103.081	8.75548
XM_026506718.3	5199	5019.9	996.779	85.2544
XM_026506720.3	5825	5645.9	0.0172409	0.00131111
XM_026506721.3	5133	4953.9	0	0
XM_026506724.3	2484	2304.9	0	0
XM_026506725.3	2385	2205.9	0	0
XM_026506726.3	2265	2085.9	0	0
XM_026506727.3	5798	5618.9	8.98276	0.686391
XM_026506728.3	2367	2187.9	0	0
XM_026506729.3	2361	2181.9	0	0
XM_026506730.3	2383	2203.9	0	0
XM_026506732.3	4331	4151.9	5	0.517054
XM_026506733.3	5628	5448.9	0	0
XM_026506736.3	5421	5241.9	0	0
XM_026506737.3	5355	5175.9	0	0
XM_026506738.3	5389	5209.9	0	0
XM_026506740.3	5323	5143.9	0	0
XM_026506741.3	5257	5077.9	0	0
XM_026506742.3	5239	5059.9	0	0
XM_026506743.3	5601	5421.9	0	0
XM_026506745.3	4021	3841.9	138	15.4222
XM_026506746.3	1461	1281.9	0	0
XM_026506747.3	3871	3691.9	0	0
XM_026506750.3	16193	16013.9	220.503	5.91194
XM_026506756.3	1414	1234.9	90	31.2912
XM_026506757.3	4789	4609.9	16.6998	1.55536
XM_026506758.3	4596	4416.9	12.3002	1.19566
XM_026506759.3	4512	4332.9	163.715	16.2227
XM_026506760.3	5236	5056.9	0	0
XM_026506761.3	4501	4321.9	44.8737	4.4579
XM_026506763.3	13721	13541.9	884.611	28.047
XM_026506764.3	8158	7978.9	64.9497	3.495
XM_026506765.3	8156	7976.9	87.0503	4.68543
XM_026506766.3	4469	4289.9	202	20.217
XM_026506767.3	9400	9220.9	0	0
XM_026506768.3	1607	1427.9	2	0.601373
XM_026506769.3	790	610.98	0	0
XM_026506771.2	1431	1251.9	0	0
XM_026506772.3	4904	4724.9	372.44	33.8436
XM_026506773.3	684	504.98	24.195	20.5715
XM_026506774.3	3196	3016.9	0	0
XM_026506775.3	2966	2786.9	10	1.54061
XM_026506776.3	6666	6486.9	0	0
XM_026506777.3	5179	4999.9	0	0
XM_026506778.3	5089	4909.9	0	0
XM_026506779.3	5092	4912.9	0	0
XM_026506780.3	4885	4705.9	0	0
XM_026506782.2	2261	2081.9	25	5.15576
XM_026506785.3	3197	3017.9	39	5.54846
XM_026506786.3	2069	1889.9	30	6.81545
XM_026506787.3	2053	1873.9	190.532	43.655
XM_026506788.3	2590	2410.9	0	0
XM_026506789.3	2593	2413.9	0	0
XM_026506790.3	2543	2363.9	0	0
XM_026506792.3	11105	10925.9	0	0
XM_026506797.3	4484	4304.9	1	0.0997355
XM_026506799.3	627	447.98	0	0
XM_026506801.3	9511	9331.9	77.0941	3.54702
XM_026506802.3	9468	9288.9	50.3254	2.32614
XM_026506803.3	9523	9343.9	200.569	9.21612
XM_026506804.3	9465	9285.9	1.0119	0.0467873
XM_026506807.3	4024	3844.9	0	0
XM_026506810.3	5015	4835.9	0	0
XM_026506812.3	1837	1657.9	0	0
XM_026506815.3	5320	5140.9	0	0
XM_026506819.3	9033	8853.9	4	0.193972
XM_026506820.3	4745	4565.9	5	0.470172
XM_026506821.3	3623	3443.9	37.9981	4.73723
XM_026506822.3	3557	3377.9	23.0496	2.92974
XM_026506823.3	3460	3280.9	0	0
XM_026506825.3	3555	3375.9	0	0
XM_026506826.3	4461	4281.9	5.42281	0.543752
XM_026506827.3	12583	12403.9	153	5.29597
XM_026506828.3	12587	12407.9	0	0
XM_026506829.3	15069	14889.9	0	0
XM_026506830.3	15095	14915.9	0	0
XM_026506831.3	11299	11119.9	68.7033	2.65271
XM_026506832.3	14991	14811.9	0	0
XM_026506833.3	14919	14739.9	0	0
XM_026506834.3	14886	14706.9	0	0
XM_026506835.3	14841	14661.9	0	0
XM_026506836.3	14536	14356.9	0	0
XM_026506838.3	4474	4294.9	48	4.79845
XM_026506840.3	4759	4579.9	40.9987	3.8435
XM_026506841.3	2162	1982.9	54	11.6924
XM_026506842.3	752	572.98	0	0
XM_026506843.3	15183	15003.9	0	0
XM_026506848.3	10285	10105.9	167.733	7.12618
XM_026506849.3	10272	10092.9	7.46761e-05	3.17672e-06
XM_026506851.3	3824	3644.9	0	0
XM_026506852.3	3524	3344.9	5	0.6418
XM_026506855.3	10369	10189.9	212	8.93262
XM_026506856.3	10295	10115.9	1.95714e-05	8.30675e-07
XM_026506857.3	10240	10060.9	3.73679e-05	1.59468e-06
XM_026506861.3	10168	9988.9	0	0
XM_026506862.3	4808	4628.9	0	0
XM_026506864.3	3064	2884.9	1	0.148827
XM_026506866.3	7691	7511.9	0	0
XM_026506869.3	9757	9577.9	13.0184	0.583578
XM_026506870.3	6512	6332.9	10.5291	0.71384
XM_026506871.3	6381	6201.9	2.26641	0.156901
XM_026506874.3	5456	5276.9	0	0
XM_026506875.3	5423	5243.9	58.8132	4.81541
XM_026506876.3	5632	5452.9	14.6589	1.15422
XM_026506877.3	5488	5308.9	0	0
XM_026506881.3	6759	6579.9	12.0045	0.783315
XM_026506882.3	425	246.808	1913	3327.9
XM_026506883.3	4037	3857.9	19.9994	2.22576
XM_026506884.3	4780	4600.9	0	0
XM_026506886.3	5107	4927.9	0	0
XM_026506887.3	7633	7453.9	3	0.172803
XM_026506888.3	7225	7045.9	47	2.86401
XM_026506889.3	5428	5248.9	10	0.817984
XM_026506890.3	2546	2366.9	4.11318	0.746123
XM_026506892.3	3416	3236.9	15.6035	2.0697
XM_026506893.3	7268	7088.9	26.017	1.57577
XM_026506894.3	6522	6342.9	122.767	8.3101
XM_026506895.3	6658	6478.9	212.14	14.0584
XM_026506896.3	4901	4721.9	225.871	20.5379
XM_026506897.3	792	612.98	0	0
XM_026506898.3	3817	3637.9	49.2522	5.81283
XM_026506899.3	3783	3603.9	10.7478	1.28045
XM_026506900.3	3612	3432.9	0	0
XM_026506901.3	3708	3528.9	0	0
XM_026506902.3	3684	3504.9	0	0
XM_026506906.3	2364	2184.9	1	0.196508
XM_026506908.3	5128	4948.9	100.385	8.70913
XM_026506909.3	2948	2768.9	53	8.21829
XM_026506910.3	1951	1771.9	0	0
XM_026506920.3	2462	2282.9	0	0
XM_026506922.3	6954	6774.9	125.877	7.97731
XM_026506923.3	6951	6771.9	142.542	9.03744
XM_026506924.3	6791	6611.9	22.5811	1.46633
XM_026506925.3	3999	3819.9	63.3511	7.12057
XM_026506926.3	3647	3467.9	757.722	93.8115
XM_026506927.3	3635	3455.9	238.002	29.5687
XM_026506929.3	3835	3655.9	127.491	14.9726
XM_026506930.3	6219	6039.9	6	0.426515
XM_026506931.3	2069	1889.9	91	20.6735
XM_026506932.3	1818	1638.9	4	1.0479
XM_026506933.3	6162	5982.9	4.00759	0.287597
XM_026506934.3	7834	7654.9	6	0.336531
XM_026506937.3	684	504.98	0	0
XM_026506938.3	1757	1577.9	1	0.272103
XM_026506939.3	1897	1717.9	0	0
XM_026506940.3	471	292.277	0	0
XM_026506941.2	351	175.486	0	0
XM_026506942.3	8446	8266.9	9.86035	0.512109
XM_026506943.2	204	61.3817	0	0
XM_026506945.1	249	90.2619	0	0
XM_026506946.1	204	61.3817	0	0
XM_026506947.3	1254	1074.9	0	0
XM_026506948.3	1509	1329.9	415.789	134.235
XM_026506949.3	744	564.98	0	0
XM_026506950.3	768	588.98	0	0
XM_026506951.2	594	414.98	0	0
XM_026506952.1	1500	1320.9	1	0.325044
XM_026506953.2	881	701.98	0	0
XM_026506955.3	1181	1001.9	0	0
XM_026506956.2	741	561.98	0	0
XM_026506957.3	2111	1931.9	49	10.8899
XM_026506958.2	618	438.98	0	0
XM_026506959.3	548	369.056	0	0
XM_026506960.3	2379	2199.9	0	0
XM_026506962.3	975	795.905	0	0
XM_026506963.3	2395	2215.9	3	0.581278
XM_026506964.3	7967	7787.9	35	1.92957
XM_026506966.2	615	435.98	0	0
XM_026506971.3	18853	18673.9	242.334	5.57177
XM_026506972.3	18850	18670.9	7.32321e-08	1.68403e-09
XM_026506973.3	2507	2327.9	101.778	18.7717
XM_026506974.3	2264	2084.9	14.4535	2.97647
XM_026506975.3	8843	8663.9	28.474	1.41107
XM_026506976.3	3046	2866.9	67.8537	10.1619
XM_026506977.3	3050	2870.9	53.2395	7.96212
XM_026506978.3	3037	2857.9	81.2048	12.1997
XM_026506979.3	3023	2843.9	0	0
XM_026506980.3	2065	1885.9	104.315	23.7488
XM_026506981.3	1821	1641.9	23.6846	6.19342
XM_026506982.3	7136	6956.9	15.623	0.964187
XM_026506983.3	5718	5538.9	1.6513	0.128002
XM_026506984.3	5715	5535.9	3.3487	0.259717
XM_026506985.3	2188	2008.9	24	5.12939
XM_026506987.3	2024	1844.9	0	0
XM_026506988.3	1635	1455.9	0	0
XM_026506989.3	4238	4058.9	0	0
XM_026506990.3	3662	3482.9	2	0.246548
XM_026506993.3	5546	5366.9	0	0
XM_026506994.3	7600	7420.9	0	0
XM_026506998.3	2076	1896.9	4.14853	0.938992
XM_026506999.3	2039	1859.9	8.85147	2.04333
XM_026507001.3	5282	5102.9	47.5931	4.00442
XM_026507002.3	2846	2666.9	4	0.64397
XM_026507003.3	2907	2727.9	0	0
XM_026507004.3	7539	7359.9	77.4277	4.51687
XM_026507005.3	7536	7356.9	89.5716	5.22744
XM_026507007.3	6831	6651.9	0.000531833	3.43275e-05
XM_026507008.3	6776	6596.9	26.9995	1.75723
XM_026507011.3	1686	1506.9	0	0
XM_026507012.3	1622	1442.9	0	0
XM_026507015.3	1572	1392.9	42	12.9462
XM_026507023.3	2596	2416.9	0	0
XM_026507024.3	3288	3108.9	0	0
XM_026507025.3	11501	11321.9	5	0.189611
XM_026507027.3	4618	4438.9	9	0.870523
XM_026507028.3	899	719.98	0	0
XM_026507029.3	9728	9548.9	23.1229	1.03969
XM_026507030.3	1546	1366.9	0	0
XM_026507033.3	11341	11161.9	253.515	9.75168
XM_026507034.3	11338	11158.9	3.75187e-05	1.44358e-06
XM_026507035.3	3574	3394.9	136.657	17.283
XM_026507037.3	1718	1538.9	10	2.78998
XM_026507038.3	4057	3877.9	0	0
XM_026507039.3	1161	981.905	0	0
XM_026507040.3	6116	5936.9	11	0.795511
XM_026507041.3	3412	3232.9	0	0
XM_026507042.3	2358	2178.9	0	0
XM_026507043.3	2124	1944.9	0	0
XM_026507044.3	5752	5572.9	0	0
XM_026507046.3	5725	5545.9	0	0
XM_026507049.3	5656	5476.9	0	0
XM_026507050.3	5629	5449.9	0	0
XM_026507051.3	11131	10951.9	1.52995	0.0599794
XM_026507052.3	3009	2829.9	0	0
XM_026507054.3	426	247.808	0	0
XM_026507055.3	5602	5422.9	0	0
XM_026507056.3	5574	5394.9	0	0
XM_026507057.3	5504	5324.9	0	0
XM_026507058.3	5490	5310.9	0	0
XM_026507059.3	5487	5307.9	0	0
XM_026507060.3	5497	5317.9	0	0
XM_026507061.3	5403	5223.9	101.86	8.37189
XM_026507062.3	5382	5202.9	0	0
XM_026507063.3	4956	4776.9	0	0
XM_026507064.3	4779	4599.9	102.163	9.5358
XM_026507066.3	7160	6980.9	700.044	43.0553
XM_026507067.3	5757	5577.9	220	16.9342
XM_026507068.3	501	322.091	201	267.936
XM_026507069.3	11413	11233.9	17.2809	0.660462
XM_026507071.3	11931	11751.9	93.0517	3.39961
XM_026507072.3	7919	7739.9	2.67995	0.148664
XM_026507073.3	9668	9488.9	50	2.26239
XM_026507078.3	2855	2675.9	16	2.56722
XM_026507080.3	3881	3701.9	3784.98	438.987
XM_026507081.3	3759	3579.9	27.4359	3.2905
XM_026507082.3	2522	2342.9	28.9906	5.31272
XM_026507083.3	1636	1456.9	0	0
XM_026507085.2	1950	1770.9	0	0
XM_026507086.3	7345	7165.9	0	0
XM_026507096.3	5061	4881.9	0	0
XM_026507097.3	4959	4779.9	0	0
XM_026507099.3	1885	1705.9	0	0
XM_026507101.3	7575	7395.9	0.000902046	5.23662e-05
XM_026507103.3	7572	7392.9	123.425	7.16804
XM_026507104.3	5068	4888.9	24.6599	2.16567
XM_026507105.3	5004	4824.9	6.34011	0.564185
XM_026507115.3	990	810.905	0	0
XM_026507120.3	1107	927.905	32	14.8068
XM_026507122.3	9505	9325.9	0	0
XM_026507123.3	9351	9171.9	0	0
XM_026507124.3	9468	9288.9	0	0
XM_026507126.3	8916	8736.9	0	0
XM_026507128.3	8828	8648.9	0	0
XM_026507129.3	8149	7969.9	0	0
XM_026507130.3	8160	7980.9	0	0
XM_026507133.3	2775	2595.9	0	0
XM_026507134.3	10610	10430.9	148	6.09191
XM_026507135.3	5911	5731.9	1	0.0749056
XM_026507140.3	16915	16735.9	0	0
XM_026507141.3	16766	16586.9	355.666	9.20641
XM_026507142.3	16912	16732.9	0	0
XM_026507143.3	16551	16371.9	28.3341	0.743061
XM_026507144.3	16326	16146.9	0	0
XM_026507145.3	5231	5051.9	232.396	19.7509
XM_026507146.2	519	340.091	0	0
XM_026507147.3	5215	5035.9	7.81944e-07	6.66671e-08
XM_026507150.3	4304	4124.9	24	2.49811
XM_026507153.3	13379	13199.9	40	1.30108
XM_026507154.3	890	710.98	37.1944	22.4612
XM_026507155.3	903	723.98	187.806	111.377
XM_026507156.3	5827	5647.9	69.84	5.30921
XM_026507159.3	7047	6867.9	24.2219	1.51425
XM_026507161.3	1756	1576.9	1	0.272275
XM_026507164.3	24304	24124.9	21.1092	0.375682
XM_026507167.3	4960	4780.9	100.135	8.9927
XM_026507170.3	24408	24228.9	156.818	2.77892
XM_026507172.3	24208	24028.9	0.0403937	0.000721761
XM_026507174.3	24097	23917.9	152.184	2.73186
XM_026507181.3	17983	17803.9	0	0
XM_026507182.3	17959	17779.9	0	0
XM_026507183.3	17887	17707.9	0	0
XM_026507185.3	17848	17668.9	1.4614e-07	3.55119e-09
XM_026507186.3	19320	19140.9	0	0
XM_026507187.3	12017	11837.9	3.85271	0.139735
XM_026507188.3	5113	4933.9	3.05127	0.265524
XM_026507189.3	4742	4562.9	0	0
XM_026507190.3	3504	3324.9	0	0
XM_026507191.3	7001	6821.9	0.00046343	2.9167e-05
XM_026507192.3	7903	7723.9	7	0.389112
XM_026507193.3	6943	6763.9	31.9995	2.03123
XM_026507194.3	4106	3926.9	0	0
XM_026507196.3	3999	3819.9	0	0
XM_026507199.3	3918	3738.9	0	0
XM_026507200.2	1289	1109.9	0	0
XM_026507202.2	1335	1155.9	0	0
XM_026507203.3	3393	3213.9	0	0
XM_026507207.3	2002	1822.9	0	0
XM_026507212.2	1829	1649.9	0	0
XM_026507218.3	5274	5094.9	6	0.505625
XM_026507220.3	9793	9613.9	1202.5	53.703
XM_026507221.3	9744	9564.9	384.677	17.2675
XM_026507222.3	6671	6491.9	0	0
XM_026507223.3	2780	2600.9	22.0133	3.6339
XM_026507230.3	1890	1710.9	0	0
XM_026507231.3	2180	2000.9	141.056	30.2676
XM_026507232.3	2075	1895.9	0	0
XM_026507233.3	1797	1617.9	11.9441	3.16966
XM_026507234.3	5911	5731.9	0.0765708	0.00573559
XM_026507235.3	5883	5703.9	45.6465	3.43596
XM_026507236.3	1266	1086.9	42	16.591
XM_026507237.3	4579	4399.9	110	10.734
XM_026507238.3	419	240.905	0	0
XM_026507239.3	1101	921.905	0	0
XM_026507243.3	1468	1288.9	0	0
XM_026507244.3	1131	951.905	0	0
XM_026507245.3	1141	961.905	5	2.23178
XM_026507246.3	1285	1105.9	0	0
XM_026507247.3	2794	2614.9	0	0
XM_026507249.3	2588	2408.9	0	0
XM_026507251.3	6469	6289.9	32	2.18434
XM_026507252.1	3768	3588.9	0	0
XM_026507253.3	6396	6216.9	0	0
XM_026507256.3	4632	4452.9	4	0.385683
XM_026507257.3	3770	3590.9	12	1.4348
XM_026507258.3	788	608.98	0	0
XM_026507269.2	1383	1203.9	0	0
XM_026507271.2	1329	1149.9	0	0
XM_026507272.2	1359	1179.9	0	0
XM_026507273.3	1248	1068.9	0	0
XM_026507274.3	3141	2961.9	6	0.869748
XM_026507275.3	6826	6646.9	0	0
XM_026507278.3	3095	2915.9	6	0.883469
XM_026507280.2	855	675.98	0	0
XM_026507281.3	4181	4001.9	2	0.214574
XM_026507282.2	1062	882.905	0	0
XM_026507285.3	5837	5657.9	92.0692	6.9867
XM_026507290.3	9127	8947.9	49	2.35119
XM_026507292.3	8355	8175.9	30	1.57543
XM_026507297.3	1751	1571.9	0	0
XM_026507301.3	8490	8310.9	1.71428	0.0885617
XM_026507302.3	8563	8383.9	63.4004	3.24683
XM_026507306.3	1728	1548.9	0.0501943	0.0139137
XM_026507307.3	6919	6739.9	0	0
XM_026507308.3	5245	5065.9	0	0
XM_026507309.3	5101	4921.9	0	0
XM_026507310.3	5102	4922.9	12.6888	1.10666
XM_026507311.3	4958	4778.9	9.33075	0.838304
XM_026507312.3	7029	6849.9	0	0
XM_026507315.3	1728	1548.9	0	0
XM_026507316.3	8644	8464.9	2.26949	0.115112
XM_026507319.2	1164	984.905	3.73594	1.62862
XM_026507320.3	1137	957.905	154.03	69.0392
XM_026507322.3	3913	3733.9	43	4.94446
XM_026507323.3	4736	4556.9	172	16.2059
XM_026507324.3	1722	1542.9	7.94981	2.21223
XM_026507325.3	4157	3977.9	0	0
XM_026507326.3	4076	3896.9	1327.67	146.279
XM_026507327.3	5541	5361.9	0	0
XM_026507332.3	3774	3594.9	0	0
XM_026507333.3	2653	2473.9	17	2.95039
XM_026507335.3	6575	6395.9	0	0
XM_026507336.3	6560	6380.9	180	12.1117
XM_026507339.3	4686	4506.9	6	0.571592
XM_026507340.3	3088	2908.9	4535	669.362
XM_026507341.3	1601	1421.9	0	0
XM_026507342.3	2423	2243.9	34	6.50561
XM_026507343.3	2340	2160.9	0	0
XM_026507344.3	3864	3684.9	0	0
XM_026507345.3	4063	3883.9	0	0
XM_026507346.3	3768	3588.9	119.682	14.318
XM_026507347.3	3837	3657.9	35.7536	4.19663
XM_026507348.3	1587	1407.9	0	0
XM_026507349.3	2100	1920.9	0	0
XM_026507350.3	3340	3160.9	0	0
XM_026507352.3	3270	3090.9	42.9521	5.9664
XM_026507354.3	741	561.98	72.9707	55.7495
XM_026507355.3	6747	6567.9	12.0293	0.786369
XM_026507357.3	940	760.905	0	0
XM_026507358.3	1711	1531.9	49	13.7334
XM_026507359.3	3805	3625.9	23	2.72348
XM_026507360.3	2937	2757.9	44.7573	6.96783
XM_026507361.3	2739	2559.9	12.2427	2.05337
XM_026507362.3	2510	2330.9	6.52821	1.20249
XM_026507363.3	2545	2365.9	0	0
XM_026507364.3	2649	2469.9	0	0
XM_026507367.3	1764	1584.9	0	0
XM_026507370.3	5401	5221.9	23.451	1.92818
XM_026507371.3	5374	5194.9	26.549	2.19424
XM_026507372.3	1861	1681.9	24.0319	6.1348
XM_026507373.3	2156	1976.9	6.96808	1.51335
XM_026507374.3	1573	1393.9	66	20.3294
XM_026507375.3	1180	1000.9	0	0
XM_026507383.3	4933	4753.9	1.99518	0.180196
XM_026507386.3	1323	1143.9	0	0
XM_026507387.3	14781	14601.9	104	3.058
XM_026507388.3	2563	2383.9	0	0
XM_026507398.3	1540	1360.9	0	0
XM_026507400.3	1402	1222.9	0	0
XM_026507406.2	3972	3792.9	0	0
XM_026507407.3	7822	7642.9	3.85219	0.216403
XM_026507408.3	7819	7639.9	6.43005	0.36136
XM_026507409.3	610	430.98	2	1.99244
XM_026507411.3	4212	4032.9	241.212	25.68
XM_026507412.3	4193	4013.9	9	0.962695
XM_026507413.3	5569	5389.9	97.2249	7.74479
XM_026507414.3	2497	2317.9	0	0
XM_026507415.2	2399	2219.9	48.8488	9.44786
XM_026507416.3	1053	873.905	64	31.4434
XM_026507417.3	2060	1880.9	94.623	21.5995
XM_026507418.3	3451	3271.9	69.5077	9.12106
XM_026507419.3	2996	2816.9	74	11.2791
XM_026507421.3	861	681.98	0	0
XM_026507422.3	678	498.98	0	0
XM_026507423.2	862	682.98	23.5971	14.8342
XM_026507424.2	804	624.98	33.2726	22.8578
XM_026507425.3	3005	2825.9	50	7.59672
XM_026507426.3	1104	924.905	0	0
XM_026507427.3	3732	3552.9	9	1.08761
XM_026507429.3	3919	3739.9	81	9.29904
XM_026507430.3	3652	3472.9	0	0
XM_026507431.3	3642	3462.9	0	0
XM_026507433.3	10570	10390.9	0	0
XM_026507434.3	9180	9000.9	49.998	2.38495
XM_026507436.3	7726	7546.9	63.3751	3.60548
XM_026507437.3	7718	7538.9	34.894	1.98727
XM_026507438.3	7715	7535.9	14.823	0.844531
XM_026507439.3	7715	7535.9	220.319	12.5525
XM_026507441.3	4027	3847.9	0	0
XM_026507443.3	2615	2435.9	0	0
XM_026507444.3	3106	2926.9	0	0
XM_026507445.3	7976	7796.9	0	0
XM_026507447.3	7721	7541.9	0.00143175	8.1508e-05
XM_026507448.3	3896	3716.9	182	21.0234
XM_026507449.3	5778	5598.9	2	0.15337
XM_026507453.3	8643	8463.9	7.69475	0.390335
XM_026507454.3	936	756.98	3.47059	1.96849
XM_026507459.3	3909	3729.9	1.87095e-08	2.15366e-09
XM_026507460.3	3852	3672.9	10	1.16897
XM_026507461.3	3621	3441.9	0	0
XM_026507462.3	1756	1576.9	30	8.16825
XM_026507463.3	1389	1209.9	0	0
XM_026507464.3	1224	1044.9	0	0
XM_026507465.3	502	323.091	262	348.169
XM_026507467.3	1135	955.905	0	0
XM_026507469.3	1562	1382.9	256	79.4806
XM_026507470.3	1476	1296.9	0	0
XM_026507471.3	2041	1861.9	12.2494	2.82468
XM_026507473.3	1889	1709.9	6.75063	1.69506
XM_026507475.3	2837	2657.9	165	26.6537
XM_026507476.3	4284	4104.9	7.12325e-06	7.45055e-07
XM_026507477.3	4281	4101.9	1.84941e-05	1.9358e-06
XM_026507478.3	4248	4068.9	0.699899	0.0738535
XM_026507479.3	4245	4065.9	1.83255	0.193514
XM_026507481.3	1011	831.905	0	0
XM_026507482.2	2168	1988.9	1	0.215874
XM_026507483.3	4629	4449.9	0	0
XM_026507487.3	917	737.98	1	0.581793
XM_026507488.3	1428	1248.9	0	0
XM_026507489.3	3972	3792.9	0	0
XM_026507490.3	3946	3766.9	0	0
XM_026507491.3	4259	4079.9	0	0
XM_026507498.3	3610	3430.9	30.0429	3.75964
XM_026507499.3	3695	3515.9	25.9571	3.16981
XM_026507500.3	3594	3414.9	0	0
XM_026507502.3	1099	919.905	1408	657.163
XM_026507503.3	3124	2944.9	2	0.29159
XM_026507505.3	624	444.98	2	1.92976
XM_026507507.3	937	757.905	76	43.0539
XM_026507508.3	8865	8685.9	0	0
XM_026507509.2	1077	897.905	1	0.478171
XM_026507510.3	3758	3578.9	0	0
XM_026507512.3	1502	1322.9	4.89042	1.5872
XM_026507515.3	6830	6650.9	40.7038	2.62765
XM_026507517.2	264	101.148	0	0
XM_026507519.3	1472	1292.9	2	0.664166
XM_026507520.3	4164	3984.9	217.216	23.4039
XM_026507521.3	4131	3951.9	0	0
XM_026507522.3	4003	3823.9	0	0
XM_026507523.2	945	765.905	0	0
XM_026507524.3	933	753.98	0	0
XM_026507525.3	945	765.905	0	0
XM_026507526.2	945	765.905	0	0
XM_026507527.3	2521	2341.9	20	3.66669
XM_026507528.1	957	777.905	0	0
XM_026507529.2	945	765.905	0	0
XM_026507530.3	921	741.98	0	0
XM_026507532.3	939	759.905	0	0
XM_026507533.2	939	759.905	0	0
XM_026507534.2	939	759.905	0	0
XM_026507535.3	939	759.905	0	0
XM_026507536.2	936	756.98	0	0
XM_026507537.2	939	759.905	0	0
XM_026507538.2	945	765.905	1	0.560581
XM_026507539.1	966	786.905	0	0
XM_026507540.3	921	741.98	0	0
XM_026507541.2	945	765.905	0	0
XM_026507542.3	972	792.905	0	0
XM_026507544.3	936	756.98	0	0
XM_026507545.3	939	759.905	0	0
XM_026507546.3	918	738.98	0	0
XM_026507547.3	939	759.905	0	0
XM_026507548.3	2923	2743.9	18.942	2.96394
XM_026507549.3	939	759.905	0	0
XM_026507550.2	939	759.905	0	0
XM_026507551.2	927	747.98	0	0
XM_026507552.2	993	813.905	0	0
XM_026507553.2	996	816.905	0	0
XM_026507554.3	996	816.905	0	0
XM_026507556.3	5391	5211.9	0	0
XM_026507557.2	996	816.905	0	0
XM_026507558.2	939	759.905	0	0
XM_026507559.2	939	759.905	0	0
XM_026507560.2	936	756.98	0	0
XM_026507561.2	939	759.905	0	0
XM_026507562.1	930	750.98	0	0
XM_026507563.2	996	816.905	0	0
XM_026507564.2	945	765.905	0	0
XM_026507565.2	930	750.98	0	0
XM_026507566.2	939	759.905	0	0
XM_026507567.3	1080	900.905	96	45.7516
XM_026507568.3	936	756.98	0	0
XM_026507569.3	948	768.905	0	0
XM_026507570.2	963	783.905	0	0
XM_026507571.2	963	783.905	0	0
XM_026507572.2	1092	912.905	0	0
XM_026507573.2	954	774.905	0	0
XM_026507574.1	954	774.905	0	0
XM_026507575.1	966	786.905	0	0
XM_026507576.1	966	786.905	0	0
XM_026507577.1	963	783.905	0	0
XM_026507578.3	2256	2076.9	0	0
XM_026507579.2	936	756.98	0	0
XM_026507580.2	963	783.905	0	0
XM_026507581.2	936	756.98	0	0
XM_026507584.3	2080	1900.9	0	0
XM_026507585.2	951	771.905	0	0
XM_026507586.1	948	768.905	0	0
XM_026507587.2	948	768.905	0	0
XM_026507588.1	780	600.98	0	0
XM_026507589.2	780	600.98	0	0
XM_026507590.2	969	789.905	0	0
XM_026507591.1	780	600.98	0	0
XM_026507592.2	771	591.98	0	0
XM_026507593.3	6500	6320.9	0	0
XM_026507595.3	6157	5977.9	0	0
XM_026507596.3	732	552.98	0	0
XM_026507597.3	1101	921.905	0	0
XM_026507599.3	1402	1222.9	0	0
XM_026507600.3	6038	5858.9	0	0
XM_026507601.2	2457	2277.9	0	0
XM_026507602.2	1953	1773.9	0	0
XM_026507604.2	700	520.98	0	0
XM_026507605.3	1693	1513.9	18	5.1049
XM_026507607.3	6289	6109.9	3.10915	0.218484
XM_026507610.3	1824	1644.9	31	8.0916
XM_026507612.3	2606	2426.9	0	0
XM_026507623.3	6676	6496.9	5.89618	0.389653
XM_026507627.3	610	430.98	2.02062	2.01299
XM_026507629.3	6602	6422.9	24.9947	1.67082
XM_026507630.3	5834	5654.9	10.066	0.764267
XM_026507631.3	939	759.905	0	0
XM_026507632.3	993	813.905	0	0
XM_026507633.3	3512	3332.9	28.2168	3.63495
XM_026507634.3	4024	3844.9	0	0
XM_026507635.3	4000	3820.9	0.22701	0.025509
XM_026507636.3	3992	3812.9	0	0
XM_026507637.3	3989	3809.9	9.77299	1.10135
XM_026507641.3	2288	2108.9	155.923	31.7444
XM_026507642.3	2330	2150.9	64.9328	12.9615
XM_026507645.3	3150	2970.9	1	0.144519
XM_026507647.3	2226	2046.9	0	0
XM_026507649.3	7650	7470.9	287	16.4939
XM_026507651.3	5747	5567.9	4.72671	0.364486
XM_026507653.3	3391	3211.9	99.4469	13.2936
XM_026507654.3	3404	3224.9	0.510876	0.0680162
XM_026507658.3	5353	5173.9	0	0
XM_026507659.3	1419	1239.9	5.40359	1.87115
XM_026507660.3	4261	4081.9	16	1.68295
XM_026507661.3	4312	4132.9	0	0
XM_026507665.3	3176	2996.9	0	0
XM_026507666.3	5532	5352.9	0	0
XM_026507667.3	998	818.905	21.5964	11.323
XM_026507668.3	3070	2890.9	0	0
XM_026507669.3	7614	7434.9	261.671	15.111
XM_026507670.3	7591	7411.9	55.6465	3.22345
XM_026507671.3	1393	1213.9	6331	2239.24
XM_026507672.3	8261	8081.9	0	0
XM_026507673.3	10131	9951.9	18	0.776568
XM_026507674.3	9767	9587.9	0	0
XM_026507675.3	4892	4712.9	0	0
XM_026507676.3	1308	1128.9	0	0
XM_026507677.3	3630	3450.9	6.78732	0.844459
XM_026507678.3	6374	6194.9	610.465	42.3097
XM_026507679.3	6394	6214.9	73.5351	5.08012
XM_026507680.3	2257	2077.9	162.976	33.6754
XM_026507681.3	1927	1747.9	0	0
XM_026507682.3	3428	3248.9	0	0
XM_026507687.3	4536	4356.9	100.4	9.8939
XM_026507688.3	4505	4325.9	0	0
XM_026507689.3	4155	3975.9	24.7396	2.67159
XM_026507690.3	4503	4323.9	34.7301	3.4486
XM_026507692.3	2049	1869.9	0	0
XM_026507693.3	2116	1936.9	0	0
XM_026507695.3	1999	1819.9	0	0
XM_026507696.3	2118	1938.9	0	0
XM_026507698.3	1889	1709.9	1	0.251097
XM_026507699.2	780	600.98	0	0
XM_026507700.3	6063	5883.9	11	0.802676
XM_026507701.3	11694	11514.9	36	1.34232
XM_026507703.3	11680	11500.9	0	0
XM_026507704.3	3250	3070.9	40	5.59251
XM_026507705.3	5564	5384.9	0.000793836	6.32945e-05
XM_026507706.3	5569	5389.9	40.4247	3.22018
XM_026507708.3	5196	5016.9	0	0
XM_026507709.3	5565	5385.9	0	0
XM_026507710.2	1401	1221.9	0	0
XM_026507712.3	1404	1224.9	7	2.45363
XM_026507714.3	2163	1983.9	43	9.30596
XM_026507715.3	2070	1890.9	1093	248.178
XM_026507717.3	685	505.98	1	0.848555
XM_026507718.3	6671	6491.9	24	1.58728
XM_026507719.3	3851	3671.9	1601	187.203
XM_026507722.2	2421	2241.9	61	11.6822
XM_026507723.3	1622	1442.9	0	0
XM_026507724.3	1616	1436.9	26.8115	8.01138
XM_026507726.3	1562	1382.9	0	0
XM_026507727.3	1535	1355.9	207.261	65.63
XM_026507731.3	1055	875.905	12.7048	6.22763
XM_026507732.3	9146	8966.9	1	0.0478818
XM_026507733.3	2661	2481.9	0	0
XM_026507734.3	4999	4819.9	17.4018	1.55014
XM_026507735.3	4886	4706.9	0	0
XM_026507740.3	6331	6151.9	0	0
XM_026507741.3	5136	4956.9	4	0.346468
XM_026507742.3	5824	5644.9	0	0
XM_026507744.3	2107	1927.9	0	0
XM_026507745.3	1989	1809.9	0	0
XM_026507747.3	2120	1940.9	0	0
XM_026507748.3	515	336.091	0	0
XM_026507749.3	681	501.98	1	0.855316
XM_026507751.3	2167	1987.9	21.6916	4.685
XM_026507753.3	2054	1874.9	0	0
XM_026507755.3	1462	1282.9	11	3.68139
XM_026507760.3	1341	1161.9	46.5121	17.1874
XM_026507761.3	1194	1014.9	39.4879	16.7052
XM_026507762.3	1977	1797.9	8.44087	2.01574
XM_026507763.3	2036	1856.9	0	0
XM_026507764.3	1793	1613.9	0	0
XM_026507766.3	1063	883.905	60	29.1447
XM_026507767.3	5846	5666.9	3	0.227294
XM_026507769.3	3497	3317.9	0	0
XM_026507770.3	1506	1326.9	72	23.2973
XM_026507771.2	828	648.98	1	0.661579
XM_026507774.3	7878	7698.9	84.1536	4.69307
XM_026507775.3	1965	1785.9	0	0
XM_026507777.3	3121	2941.9	0	0
XM_026507778.3	2594	2414.9	0	0
XM_026507779.3	8872	8692.9	0	0
XM_026507780.3	3116	2936.9	23	3.36242
XM_026507781.3	3010	2830.9	0	0
XM_026507782.3	1863	1683.9	4.41493	1.12569
XM_026507784.3	7918	7738.9	154	8.54387
XM_026507788.3	1968	1788.9	0	0
XM_026507789.2	9011	8831.9	188	9.13938
XM_026507790.3	1796	1616.9	2	0.531079
XM_026507791.3	4248	4068.9	7.04588	0.743483
XM_026507793.3	4099	3919.9	74	8.10531
XM_026507794.2	543	364.056	0	0
XM_026507795.3	2072	1892.9	0	0
XM_026507796.3	8248	8068.9	8.48317	0.451395
XM_026507798.3	10412	10232.9	0	0
XM_026507799.3	6979	6799.9	12.9979	0.820699
XM_026507803.3	7030	6850.9	0.000756863	4.74333e-05
XM_026507804.3	1862	1682.9	9.58507	2.4454
XM_026507806.3	3685	3505.9	15.409	1.88707
XM_026507807.3	12387	12207.9	64.5362	2.26974
XM_026507808.3	12323	12143.9	93.57	3.3082
XM_026507809.3	2961	2781.9	0	0
XM_026507810.3	3007	2827.9	2.3824	0.361712
XM_026507812.3	2875	2695.9	0	0
XM_026507815.3	2239	2059.9	0	0
XM_026507818.3	16232	16052.9	184.096	4.92385
XM_026507819.3	6097	5917.9	0	0
XM_026507820.3	7864	7684.9	7	0.391087
XM_026507822.3	7685	7505.9	3.97138	0.22717
XM_026507824.3	3036	2856.9	13	1.95371
XM_026507825.3	1611	1431.9	0	0
XM_026507826.3	4637	4457.9	11	1.05944
XM_026507827.3	2631	2451.9	0.646269	0.113168
XM_026507834.3	1781	1601.9	104	27.8747
XM_026507836.3	1609	1429.9	5	1.50133
XM_026507838.3	1849	1669.9	20	5.14223
XM_026507839.3	2513	2333.9	0	0
XM_026507840.3	11968	11788.9	0	0
XM_026507841.3	11726	11546.9	16.4529	0.611773
XM_026507844.3	4752	4572.9	3.97086	0.372826
XM_026507845.3	4749	4569.9	0	0
XM_026507846.3	4728	4548.9	0	0
XM_026507847.3	4725	4545.9	0	0
XM_026507848.3	4656	4476.9	0	0
XM_026507849.3	4653	4473.9	0	0
XM_026507850.3	4632	4452.9	0	0
XM_026507851.3	4629	4449.9	0	0
XM_026507857.3	12295	12115.9	42	1.48836
XM_026507859.2	20861	20681.9	13.3792	0.277749
XM_026507860.3	11966	11786.9	0	0
XM_026507861.3	3241	3061.9	4.21754	0.5914
XM_026507863.3	3486	3306.9	201.782	26.1984
XM_026507864.3	4221	4041.9	73	7.75444
XM_026507865.3	4790	4610.9	1	0.0931166
XM_026507866.3	2993	2813.9	6	0.915494
XM_026507869.3	1834	1654.9	5	1.29721
XM_026507871.3	895	715.98	6.99987	4.19761
XM_026507872.3	3371	3191.9	0	0
XM_026507873.3	1693	1513.9	18	5.1049
XM_026507877.3	6695	6515.9	73.3825	4.83539
XM_026507878.3	10670	10490.9	8	0.327409
XM_026507880.3	2995	2815.9	1	0.152474
XM_026507886.3	6291	6111.9	50	3.51242
XM_026507888.3	746	566.98	0	0
XM_026507889.3	7006	6826.9	0	0
XM_026507890.3	668	488.98	359	315.222
XM_026507891.3	10663	10483.9	69	2.82579
XM_026507892.3	4877	4697.9	0	0
XM_026507896.3	1770	1590.9	0	0
XM_026507897.3	4712	4532.9	0	0
XM_026507898.3	4816	4636.9	22.8674	2.1174
XM_026507899.3	19510	19330.9	7.7515	0.172166
XM_026507900.3	19486	19306.9	39.2165	0.872106
XM_026507902.3	19195	19015.9	6.04345	0.136452
XM_026507903.3	6663	6483.9	69.1183	4.57689
XM_026507904.3	5819	5639.9	284	21.6202
XM_026507905.3	5733	5553.9	0	0
XM_026507907.3	5782	5602.9	32	2.45217
XM_026507908.3	1343	1163.9	795.984	293.63
XM_026507914.3	496	317.123	0	0
XM_026507917.3	1373	1193.9	58.0156	20.8636
XM_026507922.2	456	277.419	2	3.09534
XM_026507928.3	2684	2504.9	0	0
XM_026507929.3	2668	2488.9	0	0
XM_026507930.3	2840	2660.9	18.2572	2.94591
XM_026507932.2	594	414.98	0	0
XM_026507935.3	1184	1004.9	4.22229	1.804
XM_026507936.3	946	766.905	0.777712	0.435402
XM_026507943.3	8560	8380.9	21.4045	1.09655
XM_026507944.3	9825	9645.9	6.02938	0.268376
XM_026507945.3	6040	5860.9	8.42037e-05	6.16851e-06
XM_026507947.3	2771	2591.9	8	1.32521
XM_026507948.3	9291	9111.9	9.13009	0.430209
XM_026507949.3	4673	4493.9	71.1709	6.79974
XM_026507950.3	399	221.393	0	0
XM_026507951.3	555	376.018	0	0
XM_026507952.3	5713	5533.9	0	0
XM_026507953.3	5778	5598.9	0	0
XM_026507956.3	1819	1639.9	20.9536	5.48597
XM_026507957.3	1790	1610.9	24.9511	6.65018
XM_026507958.3	2271	2091.9	0	0
XM_026507959.3	2103	1923.9	24.0916	5.37646
XM_026507960.2	2115	1935.9	0	0
XM_026507961.3	3711	3531.9	1	0.121564
XM_026507962.3	2941	2761.9	0	0
XM_026507964.3	1851	1671.9	8	2.05443
XM_026507965.3	4766	4586.9	94.9951	8.8919
XM_026507967.3	7075	6895.9	362.204	22.5515
XM_026507968.3	7167	6987.9	188.796	11.6001
XM_026507972.3	2374	2194.9	53	10.3675
XM_026507973.3	7217	7037.9	1069	65.215
XM_026507974.3	3305	3125.9	1	0.137353
XM_026507975.2	2227	2047.9	73	15.3048
XM_026507977.3	1845	1665.9	2524.58	650.656
XM_026507980.3	1274	1094.9	1	0.392136
XM_026507984.3	9455	9275.9	1287	59.5711
XM_026507985.3	2376	2196.9	978.01	191.137
XM_026507995.3	2927	2747.9	201	31.4057
XM_026507996.3	514	335.091	14	17.9382
XM_026508003.3	4308	4128.9	0	0
XM_026508005.3	4262	4082.9	0	0
XM_026508006.3	3955	3775.9	19.5269	2.22038
XM_026508007.3	3961	3781.9	2.45903	0.279168
XM_026508008.3	2306	2126.9	2	0.403734
XM_026508010.3	5536	5356.9	488.102	39.121
XM_026508011.3	5494	5314.9	156.898	12.6746
XM_026508012.3	7170	6990.9	92	5.65025
XM_026508013.3	1488	1308.9	73	23.9457
XM_026508014.3	3290	3110.9	174	24.0146
XM_026508015.3	8790	8610.9	141	7.03046
XM_026508016.3	5480	5300.9	72	5.83171
XM_026508017.2	573	393.98	79	86.0926
XM_026508022.3	3612	3432.9	1.26519	0.158236
XM_026508023.3	1851	1671.9	8.5636	2.19917
XM_026508024.3	1847	1667.9	6.11252e-08	1.57348e-08
XM_026508025.3	1842	1662.9	11.7285	3.02822
XM_026508026.3	1847	1667.9	95.7079	24.6371
XM_026508027.1	759	579.98	0	0
XM_026508028.3	3055	2875.9	0	0
XM_026508029.3	5435	5255.9	0	0
XM_026508032.3	14874	14694.9	6.46994	0.189037
XM_026508033.3	3010	2830.9	0	0
XM_026508034.3	5399	5219.9	0	0
XM_026508035.3	3165	2985.9	0	0
XM_026508036.3	977	797.905	0	0
XM_026508038.3	6287	6107.9	76	5.34238
XM_026508039.3	9186	9006.9	54.9327	2.6186
XM_026508040.3	14600	14420.9	0	0
XM_026508041.3	9275	9095.9	0	0
XM_026508042.3	2598	2418.9	0	0
XM_026508043.3	4864	4684.9	1	0.0916458
XM_026508046.3	6795	6615.9	14.9919	0.972925
XM_026508050.3	5846	5666.9	149.113	11.2975
XM_026508052.3	2669	2489.9	0	0
XM_026508053.3	8630	8450.9	0.00127418	6.47355e-05
XM_026508055.3	8574	8394.9	8.12112e-07	4.15349e-08
XM_026508057.3	8468	8288.9	12.9247	0.669478
XM_026508059.3	2353	2173.9	0	0
XM_026508060.3	2199	2019.9	12	2.55073
XM_026508061.3	7586	7406.9	206.813	11.9882
XM_026508062.2	1056	876.905	0	0
XM_026508063.3	3555	3375.9	29.1885	3.71223
XM_026508066.3	3338	3158.9	17.7881	2.41772
XM_026508069.3	2686	2506.9	0	0
XM_026508070.3	9874	9694.9	83	3.67577
XM_026508073.3	2459	2279.9	2	0.37664
XM_026508074.3	1227	1047.9	0	0
XM_026508075.3	508	329.091	14.282	18.6331
XM_026508076.3	1908	1728.9	0	0
XM_026508077.3	4389	4209.9	19.7648	2.01574
XM_026508078.3	7053	6873.9	178.737	11.1641
XM_026508079.3	6450	6270.9	70.2633	4.81074
XM_026508080.3	2107	1927.9	0	0
XM_026508081.3	2036	1856.9	1	0.231219
XM_026508082.3	2524	2344.9	78	14.2818
XM_026508083.3	7747	7567.9	482	27.3454
XM_026508084.3	3782	3602.9	446.54	53.2134
XM_026508085.3	6228	6048.9	1309.95	92.9805
XM_026508086.3	40911	40731.9	13.1422	0.138531
XM_026508087.3	2891	2711.9	0	0
XM_026508088.3	9214	9034.9	0	0
XM_026508089.3	9251	9071.9	67	3.17095
XM_026508090.3	9354	9174.9	0	0
XM_026508091.3	3411	3231.9	110.881	14.7304
XM_026508092.3	3452	3272.9	26.6639	3.49787
XM_026508094.3	3455	3275.9	0.0148541	0.00194684
XM_026508095.3	3345	3165.9	0.0154824	0.00209969
XM_026508096.3	2326	2146.9	0	0
XM_026508099.3	3748	3568.9	1	0.120304
XM_026508101.3	1530	1350.9	500.035	158.924
XM_026508102.3	3251	3071.9	65.1539	9.10639
XM_026508103.3	4572	4392.9	560	54.7331
XM_026508107.3	4839	4659.9	28.193	2.59763
XM_026508108.3	1368	1188.9	8.34074	3.01211
XM_026508109.3	863	683.98	17.0336	10.6924
XM_026508110.3	856	676.98	5.96644	3.78402
XM_026508112.3	1010	830.905	16	8.26765
XM_026508113.3	1567	1387.9	1	0.309353
XM_026508116.3	3043	2863.9	58.5859	8.78311
XM_026508118.3	3470	3290.9	15.4141	2.01102
XM_026508119.3	12383	12203.9	167	5.87531
XM_026508120.3	2534	2354.9	2	0.364645
XM_026508123.3	3052	2872.9	0	0
XM_026508124.3	14809	14629.9	0.000396754	1.16438e-05
XM_026508125.3	14668	14488.9	122.257	3.62287
XM_026508127.3	3088	2908.9	0	0
XM_026508129.3	9425	9245.9	430	19.9679
XM_026508131.3	2415	2235.9	260	49.9268
XM_026508133.3	10488	10308.9	45.1811	1.88173
XM_026508134.3	10437	10257.9	50.9099	2.13087
XM_026508136.3	1878	1698.9	22.6392	5.72145
XM_026508141.3	1746	1566.9	0	0
XM_026508142.3	3288	3108.9	51	7.0433
XM_026508143.3	2122	1942.9	29	6.40855
XM_026508144.3	1767	1587.9	0	0
XM_026508145.3	1995	1815.9	227	53.6718
XM_026508146.3	1668	1488.9	3.10229	0.894599
XM_026508147.3	2276	2096.9	6.89771	1.41234
XM_026508148.3	1415	1235.9	0	0
XM_026508149.3	8694	8514.9	0	0
XM_026508150.3	8513	8333.9	12.0027	0.618365
XM_026508152.3	975	795.905	0	0
XM_026508153.3	2943	2763.9	107	16.6217
XM_026508154.3	623	443.98	128	123.783
XM_026508155.3	597	417.98	273	280.427
XM_026508156.3	2000	1820.9	93	21.9285
XM_026508157.3	3130	2950.9	31	4.51045
XM_026508158.3	1478	1298.9	0	0
XM_026508160.3	1769	1589.9	88.7372	23.9634
XM_026508161.3	1573	1393.9	144.157	44.4035
XM_026508162.3	5987	5807.9	0	0
XM_026508163.3	3920	3740.9	0	0
XM_026508164.3	2388	2208.9	260	50.537
XM_026508166.2	927	747.98	0	0
XM_026508167.2	978	798.905	0	0
XM_026508169.2	933	753.98	0	0
XM_026508170.2	939	759.905	0	0
XM_026508171.2	936	756.98	0	0
XM_026508172.2	951	771.905	0	0
XM_026508173.2	933	753.98	0	0
XM_026508174.2	951	771.905	0	0
XM_026508175.2	948	768.905	0	0
XM_026508176.3	930	750.98	0	0
XM_026508177.2	942	762.905	0	0
XM_026508178.2	960	780.905	0	0
XM_026508179.3	933	753.98	0	0
XM_026508180.2	960	780.905	0	0
XM_026508183.2	1188	1008.9	0	0
XM_026508184.2	939	759.905	0	0
XM_026508185.3	2293	2113.9	0	0
XM_026508186.2	942	762.905	0	0
XM_026508187.3	945	765.905	0	0
XM_026508188.2	939	759.905	0	0
XM_026508189.2	939	759.905	0	0
XM_026508190.2	942	762.905	0	0
XM_026508191.2	942	762.905	0	0
XM_026508192.1	921	741.98	0	0
XM_026508193.3	3160	2980.9	0	0
XM_026508194.3	960	780.905	0	0
XM_026508195.3	948	768.905	1	0.558394
XM_026508196.2	969	789.905	0	0
XM_026508197.2	957	777.905	0	0
XM_026508198.2	861	681.98	0	0
XM_026508202.2	954	774.905	0	0
XM_026508204.2	957	777.905	0	0
XM_026508205.2	957	777.905	0	0
XM_026508206.2	960	780.905	0	0
XM_026508207.2	954	774.905	0	0
XM_026508208.2	936	756.98	0	0
XM_026508209.2	969	789.905	0	0
XM_026508210.2	960	780.905	0	0
XM_026508211.2	939	759.905	0	0
XM_026508212.1	996	816.905	0	0
XM_026508213.2	945	765.905	0	0
XM_026508215.2	942	762.905	0	0
XM_026508216.2	996	816.905	0	0
XM_026508217.3	996	816.905	0	0
XM_026508218.2	1062	882.905	0	0
XM_026508220.2	966	786.905	0	0
XM_026508221.1	960	780.905	0	0
XM_026508222.1	969	789.905	0	0
XM_026508223.3	963	783.905	0	0
XM_026508224.2	948	768.905	0	0
XM_026508225.3	930	750.98	0	0
XM_026508227.1	927	747.98	0	0
XM_026508228.1	930	750.98	0	0
XM_026508229.3	933	753.98	0	0
XM_026508231.2	833	653.98	0	0
XM_026508232.3	5164	4984.9	5	0.430652
XM_026508233.3	933	753.98	0	0
XM_026508234.2	957	777.905	0	0
XM_026508235.3	1230	1050.9	0	0
XM_026508238.1	1020	840.905	0	0
XM_026508240.2	978	798.905	0	0
XM_026508241.2	1110	930.905	0	0
XM_026508243.3	933	753.98	0	0
XM_026508247.3	3112	2932.9	32	4.68452
XM_026508253.3	4565	4385.9	20	1.95787
XM_026508254.3	3240	3060.9	2.72444	0.382156
XM_026508257.2	1221	1041.9	0	0
XM_026508258.3	4050	3870.9	0	0
XM_026508261.3	2280	2100.9	72.0718	14.729
XM_026508266.3	6050	5870.9	1	0.0731322
XM_026508268.1	930	750.98	0	0
XM_026508269.2	966	786.905	0	0
XM_026508270.2	945	765.905	0	0
XM_026508271.1	804	624.98	0	0
XM_026508273.3	1153	973.905	4.92818	2.17262
XM_026508274.3	5224	5044.9	47	3.99998
XM_026508277.3	1150	970.905	0	0
XM_026508278.2	636	456.98	0	0
XM_026508279.3	1596	1416.9	0	0
XM_026508280.2	240	83.9035	0	0
XM_026508281.2	201	59.6973	0	0
XM_026508282.3	204	61.3817	0	0
XM_026508283.3	948	768.905	0	0
XM_026508284.3	963	783.905	0	0
XM_026508285.3	2745	2565.9	66	11.0438
XM_026508286.3	999	819.905	0	0
XM_026508287.3	954	774.905	0	0
XM_026508288.2	945	765.905	0	0
XM_026508289.2	963	783.905	0	0
XM_026508290.2	960	780.905	0	0
XM_026508291.2	240	83.9035	0	0
XM_026508292.3	2033	1853.9	18.7923	4.35217
XM_026508293.2	357	181.036	0	0
XM_026508294.2	915	735.98	0	0
XM_026508297.3	5161	4981.9	101	8.70441
XM_026508300.3	5198	5018.9	75.8319	6.48718
XM_026508302.3	1798	1618.9	0	0
XM_026508303.3	5926	5746.9	8	0.597681
XM_026508304.3	2424	2244.9	73	13.9617
XM_026508305.3	9834	9654.9	0	0
XM_026508306.3	9410	9230.9	62.8588	2.92372
XM_026508308.3	9323	9143.9	4.44532	0.20873
XM_026508309.3	9749	9569.9	0	0
XM_026508313.3	8485	8305.9	13.4402	0.694755
XM_026508315.3	4775	4595.9	0	0
XM_026508316.3	4776	4596.9	0	0
XM_026508317.3	4770	4590.9	0	0
XM_026508318.3	5191	5011.9	33.3079	2.85337
XM_026508320.3	4508	4328.9	19.692	1.95311
XM_026508321.3	4502	4322.9	0	0
XM_026508322.3	4497	4317.9	0	0
XM_026508323.3	3208	3028.9	2	0.283503
XM_026508326.3	3988	3808.9	8.83226	0.995601
XM_026508329.3	6920	6740.9	30.799	1.96169
XM_026508331.3	6887	6707.9	0	0
XM_026508332.3	6773	6593.9	0	0
XM_026508333.3	4446	4266.9	38.201	3.84393
XM_026508334.3	4479	4299.9	112	11.1834
XM_026508335.3	12804	12624.9	42.0007	1.42837
XM_026508338.3	5933	5753.9	28.0458	2.09275
XM_026508342.3	878	698.98	0	0
XM_026508344.3	5291	5111.9	71.5807	6.01211
XM_026508346.3	8028	7848.9	207.025	11.3247
XM_026508347.3	1215	1035.9	0	0
XM_026508348.3	6795	6615.9	3.55503	0.23071
XM_026508349.3	4934	4754.9	15.445	1.39463
XM_026508350.3	5598	5418.9	28	2.2185
XM_026508351.3	4807	4627.9	14	1.29884
XM_026508352.3	2117	1937.9	11	2.4371
XM_026508354.3	3229	3049.9	6.73144	0.947622
XM_026508355.3	3407	3227.9	36.2686	4.82417
XM_026508356.3	3616	3436.9	18	2.24863
XM_026508359.3	7949	7769.9	5.09353	0.28146
XM_026508360.3	6929	6749.9	273.274	17.3826
XM_026508361.3	7159	6979.9	98.7255	6.07286
XM_026508362.3	4384	4204.9	148	15.1119
XM_026508363.3	6018	5838.9	0	0
XM_026508364.3	1289	1109.9	213	82.3962
XM_026508366.3	5418	5238.9	92	7.53982
XM_026508367.3	11394	11214.9	0	0
XM_026508368.3	1308	1128.9	0	0
XM_026508371.3	3310	3130.9	0	0
XM_026508373.3	20014	19834.9	489.578	10.5975
XM_026508375.3	1695	1515.9	99.8345	28.2763
XM_026508379.3	1421	1241.9	20.1936	6.98133
XM_026508380.3	1298	1118.9	18.8064	7.2165
XM_026508381.3	1608	1428.9	214	64.3019
XM_026508383.3	1151	971.905	1.56266	0.690325
XM_026508384.3	2911	2731.9	328.023	51.5528
XM_026508385.3	5395	5215.9	0	0
XM_026508387.3	5392	5212.9	0	0
XM_026508388.3	5136	4956.9	10	0.866169
XM_026508394.3	2795	2615.9	214.977	35.2844
XM_026508400.3	11109	10929.9	4.42591e-08	1.7386e-09
XM_026508402.3	2468	2288.9	79	14.8188
XM_026508403.2	6332	6152.9	14	0.976925
XM_026508404.3	3186	3006.9	28	3.99808
XM_026508405.3	878	698.98	39	23.9559
XM_026508413.3	9408	9228.9	82.0251	3.81601
XM_026508419.3	8504	8324.9	24.3928	1.25804
XM_026508437.3	14273	14093.9	19.1914	0.58464
XM_026508438.3	5603	5423.9	7.01339	0.555174
XM_026508441.3	6693	6513.9	0	0
XM_026508443.3	6531	6351.9	0	0
XM_026508444.3	5680	5500.9	156.28	12.1978
XM_026508445.3	4201	4021.9	0	0
XM_026508446.3	6689	6509.9	0	0
XM_026508447.3	6527	6347.9	0	0
XM_026508448.3	11211	11031.9	3.78844	0.147443
XM_026508449.3	3973	3793.9	0	0
XM_026508450.3	2008	1828.9	11	2.58235
XM_026508451.3	6016	5836.9	30.5689	2.24859
XM_026508453.3	7750	7570.9	31.2218	1.77061
XM_026508454.3	6964	6784.9	246.78	15.6163
XM_026508455.3	2676	2496.9	397	68.2656
XM_026508456.3	4619	4439.9	83.3867	8.06374
XM_026508457.3	4984	4804.9	0	0
XM_026508458.3	4317	4137.9	8.46031e-08	8.77848e-09
XM_026508459.3	1720	1540.9	0	0
XM_026508460.3	4269	4089.9	0.346902	0.0364173
XM_026508463.3	2686	2506.9	0	0
XM_026508464.3	5793	5613.9	6	0.458881
XM_026508465.3	2388	2208.9	20.0405	3.89533
XM_026508466.3	8280	8100.9	0	0
XM_026508467.3	1396	1216.9	2.95953	1.04419
XM_026508469.2	1315	1135.9	0	0
XM_026508471.2	1192	1012.9	0	0
XM_026508472.3	2342	2162.9	2	0.397014
XM_026508474.3	2160	1980.9	2	0.433491
XM_026508475.3	26305	26125.9	17.2547	0.283563
XM_026508481.3	2732	2552.9	13	2.18636
XM_026508482.3	5597	5417.9	2.00559	0.158937
XM_026508484.3	1802	1622.9	2	0.529115
XM_026508487.3	6088	5908.9	36	2.61583
XM_026508490.2	351	175.486	0	0
XM_026508491.3	320	147.435	0	0
XM_026508493.3	6087	5907.9	523.024	38.0103
XM_026508495.3	3473	3293.9	5.89249	0.768071
XM_026508497.3	4813	4633.9	8.9881e-05	8.32787e-06
XM_026508498.3	4771	4591.9	12.9999	1.21552
XM_026508500.3	5049	4869.9	4657	410.581
XM_026508505.3	3738	3558.9	0	0
XM_026508506.3	2793	2613.9	16	2.62811
XM_026508508.3	3027	2847.9	0	0
XM_026508509.3	3063	2883.9	1	0.148879
XM_026508510.3	4825	4645.9	19.3282	1.78622
XM_026508511.3	1601	1421.9	6	1.81173
XM_026508512.3	3467	3287.9	0	0
XM_026508513.3	11023	10843.9	0	0
XM_026508514.3	11051	10871.9	0	0
XM_026508516.3	10996	10816.9	21.8572	0.867571
XM_026508518.3	10651	10471.9	0	0
XM_026508519.3	3210	3030.9	9	1.27492
XM_026508522.3	3323	3143.9	0	0
XM_026508526.3	4027	3847.9	34.0341	3.79754
XM_026508534.3	2804	2624.9	14	2.28996
XM_026508539.3	3261	3081.9	9.04131	1.25958
XM_026508540.3	3149	2969.9	6.99215	1.01084
XM_026508543.3	3040	2860.9	0	0
XM_026508545.2	6140	5960.9	0	0
XM_026508549.3	2454	2274.9	2140.25	403.938
XM_026508550.3	8197	8017.9	184	9.85304
XM_026508551.3	1897	1717.9	4	0.999711
XM_026508552.3	2571	2391.9	1.8371	0.329763
XM_026508553.3	1269	1089.9	3.1629	1.24598
XM_026508555.3	945	765.905	1	0.560581
XM_026508557.3	1836	1656.9	75	19.4347
XM_026508558.3	6734	6554.9	24.3074	1.59216
XM_026508563.3	3605	3425.9	22	2.75715
XM_026508564.3	3628	3448.9	0	0
XM_026508565.3	11373	11193.9	12.0248	0.461222
XM_026508566.3	6744	6564.9	12.0901	0.790703
XM_026508568.3	2626	2446.9	94.5673	16.5935
XM_026508569.3	2699	2519.9	15.8876	2.707
XM_026508570.3	2362	2182.9	41.79	8.21961
XM_026508571.3	7055	6875.9	10.0496	0.62753
XM_026508573.3	3324	3144.9	0	0
XM_026508575.3	4691	4511.9	0	0
XM_026508576.3	32154	31974.9	0.000722249	9.69819e-06
XM_026508578.3	5100	4920.9	41.6471	3.63373
XM_026508579.3	5350	5170.9	0	0
XM_026508582.3	5188	5008.9	8	0.685742
XM_026508583.3	5347	5167.9	28	2.32625
XM_026508584.3	3854	3674.9	4.09113	0.477981
XM_026508585.3	3081	2901.9	0	0
XM_026508586.3	2994	2814.9	2.59928	0.396463
XM_026508587.3	3866	3686.9	11.0175	1.28302
XM_026508591.3	3888	3708.9	1.73407	0.20074
XM_026508593.3	4496	4316.9	8	0.795666
XM_026508600.3	1309	1129.9	5343	2030.28
XM_026508601.3	6841	6661.9	0	0
XM_026508604.3	6788	6608.9	94.9985	6.17164
XM_026508605.3	6768	6588.9	0.00145183	9.46054e-05
XM_026508607.3	3816	3636.9	15	1.77081
XM_026508608.3	1501	1321.9	1	0.324798
XM_026508609.3	1667	1487.9	181.162	52.2764
XM_026508610.3	1960	1780.9	11340.4	2734.01
XM_026508611.3	10909	10729.9	28.1991	1.12838
XM_026508612.3	1522	1342.9	67	21.4212
XM_026508614.3	1258	1078.9	2	0.795903
XM_026508615.3	1642	1462.9	17.8184	5.22956
XM_026508616.3	1059	879.905	22.1816	10.8236
XM_026508632.3	4611	4431.9	5.95546	0.57695
XM_026508634.3	6161	5981.9	0	0
XM_026508636.3	5147	4967.9	3	0.259275
XM_026508638.3	7729	7549.9	113	6.42614
XM_026508641.3	6703	6523.9	0.598545	0.0393915
XM_026508644.3	2286	2106.9	0	0
XM_026508647.3	9948	9768.9	10	0.439509
XM_026508649.2	1095	915.905	0	0
XM_026508650.3	18020	17840.9	109	2.62315
XM_026508651.3	14978	14798.9	7.99865	0.23206
XM_026508652.3	14712	14532.9	10.2273	0.30215
XM_026508653.3	14704	14524.9	20.9813	0.6202
XM_026508654.3	14943	14763.9	175.793	5.11226
XM_026508655.3	4289	4109.9	0	0
XM_026508656.3	4184	4004.9	0	0
XM_026508658.2	1407	1227.9	0	0
XM_026508661.3	10254	10074.9	0	0
XM_026508672.3	1297	1117.9	0	0
XM_026508673.2	1251	1071.9	0	0
XM_026508675.3	1437	1257.9	0	0
XM_026508676.2	945	765.905	0	0
XM_026508677.1	243	85.858	0	0
XM_026508678.3	2076	1896.9	0	0
XM_026508679.3	1320	1140.9	0	0
XM_026508680.3	1284	1104.9	0	0
XM_026508681.3	2543	2363.9	178	32.3298
XM_026508682.3	519	340.091	0	0
XM_026508683.3	6646	6466.9	0	0
XM_026508684.3	12677	12497.9	1.90695	0.0655112
XM_026508685.3	25483	25303.9	1.32882	0.0225472
XM_026508686.3	4826	4646.9	25.2819	2.33593
XM_026508687.3	596	416.98	6.73138	6.9311
XM_026508688.3	1974	1794.9	0	0
XM_026508709.3	5296	5116.9	0	0
XM_026508711.3	11692	11512.9	0	0
XM_026508712.3	7725	7545.9	0	0
XM_026508713.3	4088	3908.9	7	0.768876
XM_026508715.3	3441	3261.9	114.741	15.103
XM_026508717.3	5188	5008.9	57	4.88591
XM_026508719.3	8805	8625.9	70.0829	3.48836
XM_026508723.3	8528	8348.9	0	0
XM_026508727.3	6993	6813.9	44.3055	2.79174
XM_026508728.3	15550	15370.9	22.3739	0.624965
XM_026508729.3	3204	3024.9	0	0
XM_026508733.3	5310	5130.9	0	0
XM_026508734.3	5876	5696.9	25.062	1.88882
XM_026508737.3	5196	5016.9	0	0
XM_026508741.3	2888	2708.9	223	35.3447
XM_026508742.3	10716	10536.9	9.14398e-06	3.72594e-07
XM_026508743.3	10616	10436.9	2.32047	0.0954592
XM_026508746.3	6007	5827.9	15.7375	1.15941
XM_026508747.3	4215	4035.9	5	0.531915
XM_026508749.3	17027	16847.9	1.04961e-06	2.67484e-08
XM_026508750.3	17024	16844.9	0	0
XM_026508752.3	5996	5816.9	0	0
XM_026508753.3	1655	1475.9	66	19.1999
XM_026508754.3	1232	1052.9	0	0
XM_026508755.3	748	568.98	2906	2192.86
XM_026508756.3	3061	2881.9	38	5.66132
XM_026508757.3	4900	4720.9	0	0
XM_026508760.3	4720	4540.9	94.148	8.90189
XM_026508761.3	12453	12273.9	37.2654	1.30358
XM_026508763.3	9317	9137.9	37.6612	1.76954
XM_026508765.3	9132	8952.9	155.339	7.44954
XM_026508766.3	11152	10972.9	0	0
XM_026508767.3	14015	13835.9	0	0
XM_026508771.3	11104	10924.9	0	0
XM_026508772.3	11028	10848.9	0	0
XM_026508773.3	7072	6892.9	0	0
XM_026508775.3	5252	5072.9	0	0
XM_026508776.3	2630	2450.9	0	0
XM_026508779.3	9758	9578.9	0	0
XM_026508780.3	9757	9577.9	0	0
XM_026508782.3	7389	7209.9	0	0
XM_026508783.3	7221	7041.9	84.6535	5.16141
XM_026508784.3	7066	6886.9	18.3799	1.14587
XM_026508785.3	7383	7203.9	0	0
XM_026508786.3	7380	7200.9	0	0
XM_026508787.3	7326	7146.9	0	0
XM_026508788.3	7320	7140.9	0	0
XM_026508789.3	7317	7137.9	0	0
XM_026508791.3	1086	906.905	142.413	67.4222
XM_026508792.3	6220	6040.9	0	0
XM_026508794.3	6217	6037.9	7.96187e-05	5.66164e-06
XM_026508797.3	6154	5974.9	0	0
XM_026508798.3	6139	5959.9	16.3067	1.17473
XM_026508800.3	6868	6688.9	0	0
XM_026508802.3	6792	6612.9	0	0
XM_026508803.3	6786	6606.9	0	0
XM_026508806.3	8093	7913.9	2.74902e-07	1.49142e-08
XM_026508807.3	5263	5083.9	278	23.478
XM_026508808.3	905	725.98	21.6202	12.7864
XM_026508809.3	5714	5534.9	120.808	9.37127
XM_026508810.2	1629	1449.9	0	0
XM_026508811.2	1030	850.905	0	0
XM_026508812.3	8379	8199.9	0.000373976	1.95816e-05
XM_026508814.2	4627	4447.9	0	0
XM_026508817.3	2705	2525.9	0	0
XM_026508818.3	8675	8495.9	5.55751	0.280856
XM_026508819.3	6368	6188.9	4	0.277498
XM_026508821.3	2288	2108.9	69	14.0477
XM_026508822.3	1978	1798.9	24	5.72818
XM_026508826.3	1398	1218.9	0	0
XM_026508827.3	4211	4031.9	2.4424	0.260087
XM_026508828.3	1536	1356.9	0	0
XM_026508829.3	1359	1179.9	0	0
XM_026508830.3	1356	1176.9	0	0
XM_026508831.3	1668	1488.9	0	0
XM_026508832.3	4557	4377.9	0	0
XM_026508833.3	2564	2384.9	91	16.3826
XM_026508835.3	11004	10824.9	0	0
XM_026508839.3	7662	7482.9	0	0
XM_026508841.3	7620	7440.9	0	0
XM_026508842.3	15753	15573.9	42.3432	1.16734
XM_026508843.3	7670	7490.9	1.07797e-05	6.17854e-07
XM_026508844.3	4496	4316.9	2	0.198917
XM_026508845.3	2523	2343.9	0	0
XM_026508848.3	8272	8092.9	2	0.106106
XM_026508850.3	11367	11187.9	377.402	14.4833
XM_026508851.3	11104	10924.9	115.598	4.54303
XM_026508863.3	1293	1113.9	0	0
XM_026508865.3	543	364.056	13.9462	16.4475
XM_026508866.3	1445	1265.9	83	28.1508
XM_026508867.3	1167	987.905	3	1.30383
XM_026508869.3	2175	1995.9	0	0
XM_026508870.3	4652	4472.9	0	0
XM_026508871.3	4530	4350.9	13.5388	1.33602
XM_026508872.3	3648	3468.9	10	1.23772
XM_026508874.3	4160	3980.9	493	53.1714
XM_026508875.3	4111	3931.9	0.000259462	2.83324e-05
XM_026508876.3	1816	1636.9	0	0
XM_026508877.3	9690	9510.9	54.8074	2.47418
XM_026508879.3	2056	1876.9	5	1.14378
XM_026508880.3	2424	2244.9	14.5057	2.7743
XM_026508881.3	13681	13501.9	4.53714	0.144278
XM_026508882.3	3842	3662.9	0	0
XM_026508883.3	3782	3602.9	22.6326	2.69709
XM_026508884.3	3924	3744.9	0	0
XM_026508885.3	3849	3669.9	0	0
XM_026508886.3	8037	7857.9	0	0
XM_026508887.3	2857	2677.9	5.08615	0.815469
XM_026508889.3	2678	2498.9	82.9139	14.2459
XM_026508890.3	4510	4330.9	25.5548	2.53342
XM_026508891.3	4485	4305.9	0.106304	0.0105998
XM_026508892.3	4497	4317.9	33.4461	3.32572
XM_026508893.3	4439	4259.9	4.2404e-06	4.27386e-07
XM_026508894.3	4441	4261.9	0.000907674	9.14407e-05
XM_026508896.3	4383	4203.9	0	0
XM_026508897.3	4314	4134.9	0.0658632	0.00683897
XM_026508898.3	4287	4107.9	7.84041	0.819468
XM_026508899.3	4262	4082.9	0	0
XM_026508900.3	4235	4055.9	0	0
XM_026508901.2	1547	1367.9	0	0
XM_026508903.3	8023	7843.9	26.2547	1.4371
XM_026508906.3	5246	5066.9	1.65508	0.140245
XM_026508909.3	5244	5064.9	2.77058	0.234862
XM_026508910.3	5284	5104.9	9.64316e-05	8.11045e-06
XM_026508911.3	5243	5063.9	3.58492	0.303954
XM_026508912.3	6021	5841.9	0	0
XM_026508913.3	5895	5715.9	57	4.28157
XM_026508915.3	6011	5831.9	0	0
XM_026508916.3	3380	3200.9	0	0
XM_026508917.3	3274	3094.9	0	0
XM_026508918.3	3125	2945.9	0	0
XM_026508920.3	3109	2929.9	123	18.0246
XM_026508924.3	6540	6360.9	0	0
XM_026508925.3	2950	2770.9	22.9758	3.5601
XM_026508927.3	2392	2212.9	5.28853	1.02609
XM_026508928.3	1249	1069.9	13	5.21689
XM_026508929.3	657	477.98	2	1.79653
XM_026508930.3	5587	5407.9	0	0
XM_026508932.3	6033	5853.9	0	0
XM_026508934.3	5547	5367.9	0	0
XM_026508935.3	5842	5662.9	10.1851	0.772216
XM_026508939.3	3818	3638.9	5.32074e-07	6.2779e-08
XM_026508940.3	3880	3700.9	12.2169	1.41731
XM_026508941.3	3834	3654.9	0	0
XM_026508942.3	6029	5849.9	240.457	17.6483
XM_026508943.3	4032	3852.9	25.4074	2.8313
XM_026508944.3	3793	3613.9	0	0
XM_026508946.3	2977	2797.9	0	0
XM_026508949.3	5475	5295.9	101	8.18832
XM_026508950.3	5250	5070.9	249	21.0828
XM_026508951.3	6174	5994.9	0	0
XM_026508952.3	5410	5230.9	86.2575	7.08
XM_026508953.3	831	651.98	1	0.658535
XM_026508954.3	1061	881.905	0	0
XM_026508955.3	1038	858.905	0	0
XM_026508958.3	692	512.98	1	0.836975
XM_026508959.3	10497	10317.9	132	5.49283
XM_026508960.3	2999	2819.9	14	2.13161
XM_026508961.3	3494	3314.9	23.8113	3.08408
XM_026508962.3	4495	4315.9	223.575	22.2415
XM_026508963.3	1141	961.905	142	63.3826
XM_026508964.3	7560	7380.9	0	0
XM_026508969.3	1908	1728.9	91.8049	22.7986
XM_026508973.3	7431	7251.9	0	0
XM_026508974.3	7392	7212.9	0	0
XM_026508976.3	1819	1639.9	175	45.8177
XM_026508977.3	3548	3368.9	1.42915	0.182139
XM_026508978.3	3545	3365.9	4.57085	0.583053
XM_026508981.3	6514	6334.9	0	0
XM_026508982.3	5858	5678.9	31.1785	2.35724
XM_026508984.3	8591	8411.9	86.0064	4.38985
XM_026508990.3	984	804.905	0	0
XM_026508991.3	9356	9176.9	0	0
XM_026508992.3	9332	9152.9	54.4412	2.55377
XM_026508993.3	9278	9098.9	39.558	1.86663
XM_026508994.3	1168	988.905	35.0217	15.2053
XM_026508997.3	8364	8184.9	0	0
XM_026508998.3	8232	8052.9	1.00562	0.0536163
XM_026508999.3	8103	7923.9	0	0
XM_026509000.3	8197	8017.9	0	0
XM_026509001.3	3533	3353.9	0	0
XM_026509003.3	3040	2860.9	0	0
XM_026509004.3	2903	2723.9	0	0
XM_026509005.3	3125	2945.9	0	0
XM_026509006.3	5482	5302.9	0	0
XM_026509007.3	3799	3619.9	12	1.4233
XM_026509008.3	6466	6286.9	3	0.204879
XM_026509009.3	3222	3042.9	0	0
XM_026509011.3	1274	1094.9	0	0
XM_026509013.3	6019	5839.9	0	0
XM_026509016.3	3716	3536.9	0	0
XM_026509017.3	3757	3577.9	0	0
XM_026509019.3	2928	2748.9	3.5062e-08	5.47635e-09
XM_026509021.3	3304	3124.9	1039.19	142.781
XM_026509022.2	537	358.056	0	0
XM_026509025.1	1848	1668.9	0	0
XM_026509026.3	2273	2093.9	0	0
XM_026509027.2	594	414.98	0	0
XM_026509028.3	1815	1635.9	0	0
XM_026509029.2	246	88.0663	0	0
XM_026509030.3	1737	1557.9	0	0
XM_026509033.3	852	672.98	0	0
XM_026509035.3	453	274.419	0	0
XM_026509037.2	1104	924.905	0	0
XM_026509038.2	1002	822.905	0	0
XM_026509040.3	5754	5574.9	6.79567	0.52337
XM_026509041.3	1119	939.905	0	0
XM_026509046.3	2780	2600.9	85.6814	14.1441
XM_026509047.3	2920	2740.9	14.3186	2.24296
XM_026509048.3	11442	11262.9	19.9845	0.761825
XM_026509052.2	2648	2468.9	3	0.521711
XM_026509068.3	4181	4001.9	25.457	2.73121
XM_026509069.3	1560	1380.9	6	1.86552
XM_026509072.3	2239	2059.9	31	6.46142
XM_026509073.3	1880	1700.9	1	0.252426
XM_026509075.3	1552	1372.9	3	0.938198
XM_026509077.3	5544	5364.9	0	0
XM_026509078.3	7487	7307.9	62.6627	3.68154
XM_026509079.2	1125	945.905	0	0
XM_026509082.3	2894	2714.9	6	0.948877
XM_026509083.3	6014	5834.9	0	0
XM_026509085.3	2415	2235.9	0	0
XM_026509087.1	927	747.98	0	0
XM_026509088.3	2889	2709.9	0	0
XM_026509089.3	5454	5274.9	38.6783	3.14823
XM_026509090.3	5431	5251.9	46.3217	3.78688
XM_026509091.3	4118	3938.9	0	0
XM_026509092.3	5386	5206.9	0	0
XM_026509094.3	3845	3665.9	8	0.936963
XM_026509096.3	6248	6068.9	28	1.98089
XM_026509097.3	6425	6245.9	1	0.0687414
XM_026509098.3	7489	7309.9	0.00701952	0.000412296
XM_026509099.3	8368	8188.9	30	1.57293
XM_026509100.3	26587	26407.9	9	0.146326
XM_026509101.3	7982	7802.9	206	11.3351
XM_026509102.3	3573	3393.9	0	0
XM_026509104.2	945	765.905	74	41.483
XM_026509105.3	2529	2349.9	0	0
XM_026509106.3	3225	3045.9	186.74	26.323
XM_026509107.3	3242	3062.9	26.7454	3.74912
XM_026509108.3	681	501.98	2	1.71063
XM_026509110.3	2292	2112.9	5	1.01602
XM_026509112.3	5917	5737.9	0	0
XM_026509113.3	3049	2869.9	26.1303	3.90922
XM_026509115.3	1199	1019.9	12.0862	5.08795
XM_026509119.3	6479	6299.9	0	0
XM_026509122.3	4755	4575.9	48	4.50379
XM_026509123.3	4187	4007.9	36	3.85655
XM_026509124.3	3284	3104.9	0	0
XM_026509125.3	1970	1790.9	0	0
XM_026509128.3	1136	956.905	0	0
XM_026509129.3	5398	5218.9	119.765	9.85294
XM_026509134.3	4992	4812.9	0	0
XM_026509138.3	1496	1316.9	203	66.1843
XM_026509139.3	4527	4347.9	21	2.07373
XM_026509140.3	1636	1456.9	64.724	19.0743
XM_026509143.3	10216	10036.9	0	0
XM_026509144.3	3982	3802.9	97.6392	11.0236
XM_026509145.3	3878	3698.9	47.0054	5.45617
XM_026509147.3	4614	4434.9	0	0
XM_026509148.3	4612	4432.9	0	0
XM_026509149.3	1633	1453.9	79.6315	23.5159
XM_026509150.3	4686	4506.9	0	0
XM_026509151.3	1884	1704.9	81	20.3985
XM_026509152.3	13452	13272.9	52.0198	1.68274
XM_026509155.3	3443	3263.9	24	3.15709
XM_026509157.3	1173	993.905	0	0
XM_026509159.3	2166	1986.9	7.52615	1.62633
XM_026509161.3	2606	2426.9	0	0
XM_026509162.3	5832	5652.9	0	0
XM_026509164.3	4682	4502.9	12.3775	1.1802
XM_026509170.3	11080	10900.9	19.3725	0.763023
XM_026509171.3	949	769.905	10.6318	5.92901
XM_026509172.3	3875	3695.9	141	16.3799
XM_026509173.3	1614	1434.9	128	38.3001
XM_026509175.3	2857	2677.9	676.306	108.433
XM_026509177.3	1661	1481.9	0	0
XM_026509180.3	3902	3722.9	20	2.30654
XM_026509181.3	897	717.98	0	0
XM_026509182.3	828	648.98	0	0
XM_026509183.3	1577	1397.9	0	0
XM_026509184.3	4422	4242.9	7	0.70835
XM_026509185.3	2395	2215.9	2.40679e-05	4.66339e-06
XM_026509186.3	2374	2194.9	5.99998	1.17367
XM_026509187.3	5155	4975.9	0	0
XM_026509188.3	5257	5077.9	0	0
XM_026509189.3	5753	5573.9	0	0
XM_026509190.3	5286	5106.9	0	0
XM_026509192.3	5701	5521.9	2	0.155509
XM_026509194.3	6292	6112.9	80	5.61896
XM_026509195.3	5580	5400.9	0	0
XM_026509196.3	5868	5688.9	1	0.0754718
XM_026509197.3	7595	7415.9	362	20.9584
XM_026509199.3	5071	4891.9	2	0.175536
XM_026509201.3	5464	5284.9	0	0
XM_026509205.3	2213	2033.9	4	0.84439
XM_026509206.3	1781	1601.9	40	10.721
XM_026509207.3	7872	7692.9	25.9934	1.45073
XM_026509210.3	5446	5266.9	3	0.244557
XM_026509212.3	14834	14654.9	79.1415	2.31865
XM_026509213.3	10318	10138.9	192.124	8.13588
XM_026509214.3	10222	10042.9	650.73	27.8199
XM_026509215.3	5312	5132.9	0	0
XM_026509216.3	5300	5120.9	87	7.29434
XM_026509217.3	5902	5722.9	261.022	19.5828
XM_026509219.3	6265	6085.9	37	2.6103
XM_026509221.3	6283	6103.9	0	0
XM_026509224.3	7255	7075.9	4.59093	0.278569
XM_026509225.3	2902	2722.9	10.0538	1.5853
XM_026509228.3	11934	11754.9	57.0915	2.08529
XM_026509229.3	11270	11090.9	2.25895	0.0874488
XM_026509230.3	3020	2840.9	564.95	85.3821
XM_026509231.3	2857	2677.9	27.3782	4.38958
XM_026509232.3	19105	18925.9	0	0
XM_026509235.3	7475	7295.9	671.482	39.5156
XM_026509236.3	7487	7307.9	66.6769	3.91738
XM_026509237.3	4111	3931.9	0	0
XM_026509239.3	4372	4192.9	0	0
XM_026509240.3	5212	5032.9	78.8178	6.72386
XM_026509241.3	5766	5586.9	20.1822	1.551
XM_026509242.2	738	558.98	0	0
XM_026509243.3	3675	3495.9	0	0
XM_026509244.3	2909	2729.9	6	0.943664
XM_026509245.3	3963	3783.9	0	0
XM_026509247.3	2996	2816.9	0	0
XM_026509250.3	2458	2278.9	2	0.376806
XM_026509251.3	3571	3391.9	2.00156	0.25336
XM_026509252.3	3321	3141.9	1	0.136653
XM_026509255.3	3259	3079.9	0	0
XM_026509260.3	5103	4923.9	0	0
XM_026509263.3	6934	6754.9	20.9683	1.33277
XM_026509264.3	6629	6449.9	0.0317414	0.00211293
XM_026509266.3	6943	6763.9	0	0
XM_026509267.3	12247	12067.9	0.0192565	0.000685107
XM_026509268.3	12532	12352.9	0	0
XM_026509269.3	12184	12004.9	17.8256	0.637527
XM_026509270.3	11937	11757.9	0.0323879	0.00118268
XM_026509271.3	12222	12042.9	0	0
XM_026509272.3	11875	11695.9	32.1228	1.17921
XM_026509273.3	6920	6740.9	1.4731	0.0938269
XM_026509277.3	2716	2536.9	4	0.67697
XM_026509278.3	15820	15640.9	1.25845e-08	3.45452e-10
XM_026509279.3	15567	15387.9	21.996	0.613731
XM_026509280.3	6781	6601.9	10	0.650346
XM_026509283.3	6642	6462.9	0	0
XM_026509284.3	3742	3562.9	5	0.602531
XM_026509285.3	6623	6443.9	57.8827	3.85667
XM_026509286.3	15015	14835.9	0.00755593	0.000218669
XM_026509287.3	7584	7404.9	6.10325	0.353879
XM_026509288.3	6336	6156.9	0	0
XM_026509290.3	5521	5341.9	0	0
XM_026509291.3	3395	3215.9	0	0
XM_026509292.2	3885	3705.9	0	0
XM_026509294.3	8556	8376.9	1.64847e-05	8.44908e-07
XM_026509295.3	8545	8365.9	40.806	2.09423
XM_026509296.3	8498	8318.9	0	0
XM_026509297.3	8487	8307.9	0	0
XM_026509298.3	4122	3942.9	0	0
XM_026509299.3	7914	7734.9	19	1.05466
XM_026509300.3	3961	3781.9	2.06505	0.234441
XM_026509301.3	7426	7246.9	0	0
XM_026509302.3	4057	3877.9	40.1379	4.44397
XM_026509303.3	6200	6020.9	0	0
XM_026509305.3	7139	6959.9	0	0
XM_026509306.3	10914	10734.9	1.64614	0.0658388
XM_026509308.3	952	772.905	42.9351	23.8507
XM_026509309.3	4215	4035.9	0	0
XM_026509311.3	1148	968.905	28.8893	12.8017
XM_026509327.3	3029	2849.9	5.17021	0.778918
XM_026509328.3	3045	2865.9	9.21513	1.38055
XM_026509330.3	2423	2243.9	2.78487	0.532862
XM_026509331.3	4993	4813.9	0	0
XM_026509332.3	596	416.98	7.75687	7.98701
XM_026509334.3	3508	3328.9	65	8.3835
XM_026509336.3	1460	1280.9	1	0.335194
XM_026509340.3	7041	6861.9	0	0
XM_026509341.2	537	358.056	0	0
XM_026509342.3	1565	1385.9	959	297.097
XM_026509343.2	552	373.018	0	0
XM_026509344.3	6797	6617.9	0	0
XM_026509345.3	2016	1836.9	2	0.467473
XM_026509346.3	6634	6454.9	31.9548	2.12549
XM_026509347.3	6421	6241.9	0	0
XM_026509348.3	3604	3424.9	22.045	2.7636
XM_026509349.3	6704	6524.9	1	0.065802
XM_026509352.3	3969	3789.9	0	0
XM_026509353.3	3966	3786.9	0	0
XM_026509354.3	6925	6745.9	1.50785	0.0959691
XM_026509355.3	4006	3826.9	0	0
XM_026509356.3	4032	3852.9	0	0
XM_026509357.3	4036	3856.9	36	4.00753
XM_026509358.3	4300	4120.9	0	0
XM_026509359.3	2935	2755.9	0	0
XM_026509360.3	14434	14254.9	0.0452831	0.00136391
XM_026509361.3	2923	2743.9	0	0
XM_026509362.3	2864	2684.9	0	0
XM_026509363.3	2893	2713.9	0	0
XM_026509364.3	16941	16761.9	0.220772	0.00565501
XM_026509365.3	2807	2627.9	0	0
XM_026509366.3	2789	2609.9	0	0
XM_026509367.3	2777	2597.9	0	0
XM_026509368.3	8766	8586.9	267.307	13.3655
XM_026509370.3	7061	6881.9	25.147	1.56889
XM_026509372.3	7048	6868.9	0	0
XM_026509373.3	3493	3313.9	64	8.29189
XM_026509374.3	14734	14554.9	0	0
XM_026509375.3	14503	14323.9	53.2842	1.59717
XM_026509376.3	14495	14315.9	0.0073858	0.00022151
XM_026509377.3	3174	2994.9	0	0
XM_026509381.3	6305	6125.9	0	0
XM_026509383.3	6163	5983.9	0	0
XM_026509384.3	6020	5840.9	0	0
XM_026509386.3	2814	2634.9	52	8.47329
XM_026509388.3	7390	7210.9	15.4503	0.91994
XM_026509389.3	7172	6992.9	0	0
XM_026509390.3	5585	5405.9	148.877	11.8242
XM_026509391.3	7194	7014.9	0	0
XM_026509392.3	7357	7177.9	16.5497	0.989935
XM_026509394.3	2547	2367.9	1	0.181321
XM_026509396.3	2840	2660.9	151.744	24.4848
XM_026509397.3	2760	2580.9	53.2558	8.85948
XM_026509398.3	4634	4454.9	24	2.31306
XM_026509399.3	5688	5508.9	17.1688	1.3381
XM_026509400.2	4192	4012.9	0	0
XM_026509401.3	4006	3826.9	33.6166	3.77155
XM_026509402.3	3229	3049.9	2	0.281551
XM_026509403.3	648	468.98	0	0
XM_026509404.3	2345	2165.9	18	3.56818
XM_026509407.3	2433	2253.9	0	0
XM_026509409.3	2074	1894.9	0	0
XM_026509410.3	1767	1587.9	6	1.62233
XM_026509412.3	1830	1650.9	0	0
XM_026509413.3	627	447.98	69.6134	66.7186
XM_026509414.3	1954	1774.9	0	0
XM_026509415.3	1979	1799.9	1	0.238541
XM_026509416.3	3635	3455.9	0	0
XM_026509419.3	9364	9184.9	0	0
XM_026509420.3	5517	5337.9	60.1522	4.83831
XM_026509422.3	1659	1479.9	1	0.290121
XM_026509423.3	5977	5797.9	143.603	10.6342
XM_026509426.3	1416	1236.9	0	0
XM_026509428.3	2662	2482.9	516	89.2284
XM_026509429.3	10411	10231.9	48	2.01418
XM_026509431.3	3587	3407.9	0	0
XM_026509432.3	8439	8259.9	36.583	1.90159
XM_026509434.3	8415	8235.9	40.8151	2.12776
XM_026509435.3	2460	2280.9	122	22.965
XM_026509436.3	3024	2844.9	0	0
XM_026509437.3	3098	2918.9	0	0
XM_026509442.3	3375	3195.9	143.251	19.245
XM_026509443.3	3342	3162.9	10.3299	1.40224
XM_026509444.3	3286	3106.9	34.0458	4.70489
XM_026509445.3	3265	3085.9	0.0138968	0.00193351
XM_026509446.3	3596	3416.9	77.1444	9.69359
XM_026509447.3	3541	3361.9	536.347	68.4974
XM_026509448.3	2383	2203.9	587.773	114.507
XM_026509450.3	3482	3302.9	27	3.50979
XM_026509453.3	4442	4262.9	5.56983	0.560983
XM_026509454.3	1305	1125.9	92	35.0832
XM_026509455.3	689	509.98	0	0
XM_026509456.3	1117	937.905	0	0
XM_026509458.3	2499	2319.9	0	0
XM_026509461.3	4150	3970.9	670	72.4434
XM_026509462.3	963	783.905	0	0
XM_026509463.2	1315	1135.9	0	0
XM_026509464.2	1222	1042.9	0	0
XM_026509467.3	14518	14338.9	0	0
XM_026509468.3	16381	16201.9	6.76206	0.179195
XM_026509474.3	14684	14504.9	0.000511204	1.51319e-05
XM_026509476.3	5405	5225.9	0	0
XM_026509477.3	5280	5100.9	1	0.0841717
XM_026509480.3	8280	8100.9	15	0.795007
XM_026509481.3	3085	2905.9	223	32.9486
XM_026509482.3	4892	4712.9	37.7081	3.43526
XM_026509486.3	9432	9252.9	143.261	6.64757
XM_026509488.3	1762	1582.9	50	13.5622
XM_026509489.3	4003	3823.9	21	2.3579
XM_026509492.3	1340	1160.9	8	2.95874
XM_026509494.3	6767	6587.9	85.6516	5.58215
XM_026509495.3	7074	6894.9	224.348	13.9704
XM_026509496.3	2887	2707.9	17.2175	2.72992
XM_026509497.3	3496	3316.9	0	0
XM_026509499.3	10733	10553.9	1.30212	0.0529724
XM_026509500.3	2396	2216.9	257	49.7737
XM_026509501.3	1094	914.905	74.1991	34.8206
XM_026509504.3	2860	2680.9	0	0
XM_026509505.3	1758	1578.9	0	0
XM_026509506.3	1643	1463.9	55	16.1311
XM_026509507.3	1632	1452.9	0	0
XM_026509509.3	3509	3329.9	42	5.4154
XM_026509510.3	1073	893.905	562	269.935
XM_026509511.3	5570	5390.9	104	8.28295
XM_026509512.2	3081	2901.9	0	0
XM_026509517.3	3316	3136.9	118	16.1508
XM_026509518.3	6139	5959.9	18	1.29672
XM_026509520.3	7234	7054.9	30.8293	1.87623
XM_026509522.3	2173	1993.9	2.5509e-06	5.49291e-07
XM_026509523.3	2499	2319.9	7.20922e-06	1.33423e-06
XM_026509531.3	9037	8857.9	6.85732	0.332381
XM_026509533.3	8932	8752.9	1.49489	0.0733279
XM_026509535.3	8689	8509.9	7.90338	0.398751
XM_026509536.3	2674	2494.9	3641.41	626.656
XM_026509541.3	17048	16868.9	0	0
XM_026509545.3	2312	2132.9	200	40.2598
XM_026509547.3	4816	4636.9	147.857	13.6908
XM_026509549.3	5964	5784.9	5.14273	0.38169
XM_026509550.3	1898	1718.9	167	41.7136
XM_026509552.3	1843	1663.9	4.2909	1.10722
XM_026509553.3	6921	6741.9	5	0.31842
XM_026509554.3	4345	4165.9	111	11.44
XM_026509555.3	4183	4003.9	0	0
XM_026509557.3	11959	11779.9	0	0
XM_026509558.3	11901	11721.9	80.5034	2.94869
XM_026509559.3	542	363.056	8	9.46085
XM_026509560.3	7707	7527.9	124	7.07231
XM_026509564.3	5875	5695.9	0	0
XM_026509565.3	5955	5775.9	34	2.52739
XM_026509566.3	480	301.247	0	0
XM_026509569.3	8402	8222.9	34	1.77528
XM_026509570.3	4599	4419.9	424.511	41.2373
XM_026509571.3	2628	2448.9	0	0
XM_026509577.3	8308	8128.9	0	0
XM_026509579.3	6516	6336.9	58	3.92974
XM_026509582.3	6425	6245.9	0	0
XM_026509584.3	1354	1174.9	0	0
XM_026509586.3	4051	3871.9	170	18.8511
XM_026509587.3	2666	2486.9	0	0
XM_026509593.3	1709	1529.9	175	49.1119
XM_026509595.3	15167	14987.9	2970.34	85.0899
XM_026509596.2	1128	948.905	0	0
XM_026509597.2	1176	996.905	0	0
XM_026509598.2	1083	903.905	0	0
XM_026509599.2	1071	891.905	0	0
XM_026509600.3	6303	6123.9	88	6.16975
XM_026509601.2	4226	4046.9	0	0
XM_026509605.2	1497	1317.9	0	0
XM_026509606.2	3261	3081.9	0	0
XM_026509607.1	1101	921.905	0	0
XM_026509608.3	6603	6423.9	165	11.028
XM_026509609.2	951	771.905	0	0
XM_026509612.3	1218	1038.9	60	24.7964
XM_026509614.2	1830	1650.9	0	0
XM_026509615.3	1242	1062.9	0	0
XM_026509617.3	1661	1481.9	0	0
XM_026509618.3	684	504.98	0	0
XM_026509621.3	1244	1064.9	0	0
XM_026509623.1	423	244.832	0	0
XM_026509624.3	1028	848.905	70	35.404
XM_026509625.2	333	159.24	0	0
XM_026509630.3	7605	7425.9	28.6413	1.65598
XM_026509635.3	7400	7220.9	1154.94	68.6723
XM_026509637.3	3292	3112.9	120	16.5512
XM_026509638.3	2119	1939.9	629.468	139.318
XM_026509642.2	3283	3103.9	25.9882	3.59485
XM_026509643.3	3339	3159.9	18.0118	2.44735
XM_026509645.3	3797	3617.9	0.000267499	3.17452e-05
XM_026509646.3	3766	3586.9	20.1595	2.41308
XM_026509650.3	4049	3869.9	2	0.221893
XM_026509651.3	5196	5016.9	3	0.256743
XM_026509652.3	3642	3462.9	132	16.3662
XM_026509653.3	3612	3432.9	0	0
XM_026509654.3	5343	5163.9	39	3.24265
XM_026509656.3	2662	2482.9	1095	189.351
XM_026509658.3	971	791.905	76	41.2054
XM_026509659.3	6642	6462.9	30.1945	2.00592
XM_026509661.3	811	631.98	0	0
XM_026509664.3	1341	1161.9	47.9136	17.7052
XM_026509666.3	1398	1218.9	2	0.704488
XM_026509667.3	3251	3071.9	6	0.838604
XM_026509668.3	6702	6522.9	0	0
XM_026509671.3	6465	6285.9	0	0
XM_026509672.3	6581	6401.9	12.286	0.823978
XM_026509673.3	2327	2147.9	1	0.199893
XM_026509674.3	5138	4958.9	3	0.259746
XM_026509675.3	8666	8486.9	3.16983	0.160362
XM_026509676.3	2967	2787.9	0	0
XM_026509677.3	1572	1392.9	183	56.4083
XM_026509678.3	8767	8587.9	155.417	7.77004
XM_026509679.3	8657	8477.9	0	0
XM_026509681.3	25926	25746.9	965.441	16.0996
XM_026509682.3	3413	3233.9	26	3.45191
XM_026509685.3	10180	10000.9	0	0
XM_026509686.3	10187	10007.9	0	0
XM_026509687.3	4591	4411.9	0	0
XM_026509688.3	10043	9863.9	0	0
XM_026509690.3	9900	9720.9	2.98061	0.131647
XM_026509691.3	11740	11560.9	0.00112142	4.16475e-05
XM_026509692.3	11737	11557.9	0.00157346	5.84509e-05
XM_026509697.3	5612	5432.9	37	2.92404
XM_026509700.3	5405	5225.9	0	0
XM_026509702.3	5289	5109.9	0	0
XM_026509703.3	4960	4780.9	0	0
XM_026509708.3	1031	851.905	1	0.503991
XM_026509710.3	6027	5847.9	0	0
XM_026509711.3	5848	5668.9	13.9935	1.05984
XM_026509712.3	5820	5640.9	0	0
XM_026509720.3	3747	3567.9	0	0
XM_026509721.3	4303	4123.9	41	4.26863
XM_026509722.3	1580	1400.9	4.33097	1.32736
XM_026509726.3	3393	3213.9	0	0
XM_026509728.3	5872	5692.9	22	1.65921
XM_026509730.3	2972	2792.9	15	2.30594
XM_026509735.3	12037	11857.9	78.7617	2.85181
XM_026509737.3	8892	8712.9	97.7053	4.81469
XM_026509739.3	8981	8801.9	0	0
XM_026509740.3	8814	8634.9	0.449106	0.0223308
XM_026509741.3	9586	9406.9	0	0
XM_026509743.3	715	535.98	164.657	131.9
XM_026509744.3	216	68.2098	97.343	612.733
XM_026509745.3	3702	3522.9	0	0
XM_026509746.3	3440	3260.9	21	2.765
XM_026509749.3	2946	2766.9	0	0
XM_026509750.3	2636	2456.9	10.9026	1.90527
XM_026509751.3	2431	2251.9	0	0
XM_026509752.3	2358	2178.9	0	0
XM_026509753.3	5213	5033.9	142	12.1115
XM_026509755.3	14355	14175.9	121.709	3.68625
XM_026509756.3	1467	1287.9	14.8302	4.94399
XM_026509757.3	1381	1201.9	0.169772	0.0606469
XM_026509758.3	7576	7396.9	607.972	35.2896
XM_026509759.3	7472	7292.9	33.091	1.94815
XM_026509760.3	2014	1834.9	30	7.01974
XM_026509761.3	1862	1682.9	0	0
XM_026509762.3	1824	1644.9	0	0
XM_026509765.3	3513	3333.9	2.23351	0.287639
XM_026509766.3	16884	16704.9	0	0
XM_026509767.3	16651	16471.9	0	0
XM_026509772.3	15047	14867.9	0	0
XM_026509773.3	4266	4086.9	1	0.105056
XM_026509776.3	678	498.98	0	0
XM_026509777.3	12992	12812.9	0	0
XM_026509779.3	12978	12798.9	0	0
XM_026509780.3	12965	12785.9	0	0
XM_026509783.3	12873	12693.9	0	0
XM_026509784.3	12834	12654.9	0	0
XM_026509786.3	12506	12326.9	8.87528e-08	3.0913e-09
XM_026509787.3	12418	12238.9	0.00102016	3.57883e-05
XM_026509788.3	12411	12231.9	0.00215237	7.55502e-05
XM_026509789.3	6690	6510.9	0	0
XM_026509790.3	12431	12251.9	0.000255265	8.94542e-06
XM_026509791.3	12963	12783.9	0	0
XM_026509796.3	6587	6407.9	0	0
XM_026509799.3	6110	5930.9	1.0052	0.072769
XM_026509800.3	6610	6430.9	0	0
XM_026509803.3	6079	5899.9	19.7259	1.43551
XM_026509804.3	6753	6573.9	0	0
XM_026509815.3	2578	2398.9	58	10.3807
XM_026509816.3	2429	2249.9	0	0
XM_026509817.3	2801	2621.9	38.5573	6.31397
XM_026509818.3	2733	2553.9	16.3804	2.75381
XM_026509820.3	1808	1628.9	18.9167	4.98612
XM_026509824.3	4104	3924.9	17.6301	1.92859
XM_026509826.3	3990	3810.9	0	0
XM_026509827.3	2695	2515.9	170	29.0114
XM_026509828.2	2323	2143.9	0.369884	0.0740753
XM_026509829.3	540	361.056	76.0878	90.4804
XM_026509830.3	557	378.018	6.91221	7.85086
XM_026509832.3	3226	3046.9	0	0
XM_026509834.3	1856	1676.9	66.8189	17.1082
XM_026509835.3	1818	1638.9	10.1811	2.66719
XM_026509836.3	684	504.98	0	0
XM_026509837.3	891	711.98	0	0
XM_026509838.3	2673	2493.9	13.8225	2.37969
XM_026509839.3	2134	1954.9	152.303	33.45
XM_026509840.3	2507	2327.9	0	0
XM_026509841.3	2444	2264.9	12.4719	2.36427
XM_026509842.3	2299	2119.9	0	0
XM_026509843.3	2003	1823.9	27.4377	6.45891
XM_026509844.3	1833	1653.9	0	0
XM_026509845.3	1682	1502.9	260.763	74.4951
XM_026509847.3	1846	1666.9	28.2371	7.27314
XM_026509848.3	1549	1369.9	0	0
XM_026509849.3	2009	1829.9	176.697	41.4585
XM_026509850.3	3018	2838.9	6.057	0.916051
XM_026509851.3	2736	2556.9	12.9159	2.16883
XM_026509852.3	8981	8801.9	0	0
XM_026509853.3	8975	8795.9	0	0
XM_026509854.3	8979	8799.9	0	0
XM_026509855.3	8975	8795.9	0	0
XM_026509856.3	8942	8762.9	6.34059e-08	3.10667e-09
XM_026509857.3	8936	8756.9	1.54996e-07	7.59949e-09
XM_026509858.3	8903	8723.9	0	0
XM_026509859.3	8896	8716.9	75.7091	3.72906
XM_026509860.3	8865	8685.9	0	0
XM_026509862.3	8826	8646.9	0	0
XM_026509863.3	8780	8600.9	0	0
XM_026509864.3	8599	8419.9	6.66677	0.339955
XM_026509865.3	8483	8303.9	0	0
XM_026509866.3	2572	2392.9	1	0.179427
XM_026509868.3	2931	2751.9	0.00804171	0.00125467
XM_026509870.3	5880	5700.9	748.461	56.3688
XM_026509872.3	9990	9810.9	41.6033	1.82068
XM_026509874.3	1598	1418.9	37.1059	11.228
XM_026509876.3	1450	1270.9	38.9659	13.1639
XM_026509881.3	5557	5377.9	34.177	2.72857
XM_026509882.2	2289	2109.9	0	0
XM_026509883.3	7660	7480.9	864.446	49.6132
XM_026509884.2	1428	1248.9	0	0
XM_026509885.1	753	573.98	0	0
XM_026509886.1	702	522.98	0	0
XM_026509887.3	3595	3415.9	0	0
XM_026509890.3	9036	8856.9	67	3.24793
XM_026509892.3	3646	3466.9	25.3165	3.13528
XM_026509893.3	3535	3355.9	7.68347	0.983018
XM_026509894.3	3704	3524.9	12.4997	1.52252
XM_026509895.3	1205	1025.9	0	0
XM_026509896.3	16008	15828.9	34.9937	0.949189
XM_026509899.3	12478	12298.9	0	0
XM_026509900.3	12503	12323.9	0	0
XM_026509901.3	12534	12354.9	0	0
XM_026509902.3	12716	12536.9	15.0442	0.515221
XM_026509903.3	2783	2603.9	0	0
XM_026509904.3	5636	5456.9	14.1676	1.11472
XM_026509905.3	11750	11570.9	0.0674906	0.00250432
XM_026509906.3	11684	11504.9	117.827	4.39717
XM_026509907.3	5157	4977.9	28.0271	2.41738
XM_026509909.3	4099	3919.9	0	0
XM_026509911.3	4032	3852.9	23.3272	2.59949
XM_026509912.3	5320	5140.9	204.73	17.0984
XM_026509913.3	3357	3177.9	0	0
XM_026509915.3	2842	2662.9	692.429	111.643
XM_026509916.3	2651	2471.9	9.57072	1.66236
XM_026509917.3	12351	12171.9	0	0
XM_026509918.3	3712	3532.9	0	0
XM_026509920.3	2076	1896.9	19.4224	4.39614
XM_026509921.3	3670	3490.9	0	0
XM_026509922.3	3704	3524.9	0	0
XM_026509923.3	3577	3397.9	0	0
XM_026509924.3	5702	5522.9	0	0
XM_026509925.3	3244	3064.9	0	0
XM_026509926.3	2124	1944.9	903	199.344
XM_026509927.3	1619	1439.9	0	0
XM_026509928.3	1616	1436.9	0	0
XM_026509929.3	1593	1413.9	0	0
XM_026509930.3	2715	2535.9	0	0
XM_026509931.3	1464	1284.9	0	0
XM_026509932.3	5145	4965.9	340	29.3964
XM_026509933.3	2157	1977.9	350.696	76.1271
XM_026509934.3	1658	1478.9	0	0
XM_026509936.3	1144	964.905	5	2.22484
XM_026509937.3	2007	1827.9	0	0
XM_026509938.3	1433	1253.9	0	0
XM_026509940.3	2567	2387.9	0	0
XM_026509941.3	5393	5213.9	136	11.1993
XM_026509943.3	5696	5516.9	7.1872	0.559342
XM_026509946.3	4828	4648.9	29.9328	2.76446
XM_026509947.3	8400	8220.9	72.7896	3.80157
XM_026509948.3	8300	8120.9	69.1037	3.65351
XM_026509950.3	5715	5535.9	1	0.0775577
XM_026509952.3	11342	11162.9	16.3328	0.628197
XM_026509956.3	5308	5128.9	27	2.26023
XM_026509958.3	5149	4969.9	105	9.07099
XM_026509959.3	3754	3574.9	0	0
XM_026509961.3	2638	2458.9	1	0.174611
XM_026509964.3	4102	3922.9	1.9133	0.209406
XM_026509972.3	1322	1142.9	3	1.127
XM_026509973.3	1506	1326.9	30	9.70722
XM_026509974.3	1180	1000.9	0	0
XM_026509975.2	354	178.271	0	0
XM_026509980.3	773	593.98	1103	797.291
XM_026509984.3	1939	1759.9	0	0
XM_026509986.3	9728	9548.9	201.074	9.041
XM_026509987.3	9726	9546.9	5.82687e-07	2.62051e-08
XM_026509988.3	39317	39137.9	13.108	0.143798
XM_026509989.3	8972	8792.9	0.468135	0.0228587
XM_026509990.3	8969	8789.9	0.730754	0.0356944
XM_026509991.3	4221	4041.9	2.6609	0.282654
XM_026509993.3	7590	7410.9	0	0
XM_026509994.3	5418	5238.9	0	0
XM_026509996.3	6364	6184.9	9	0.624774
XM_026509997.3	3248	3068.9	0	0
XM_026509998.3	1906	1726.9	1	0.248625
XM_026510000.3	9097	8917.9	102	4.91078
XM_026510001.2	1440	1260.9	0	0
XM_026510005.3	8040	7860.9	113.487	6.19849
XM_026510006.3	7719	7539.9	91.6706	5.22008
XM_026510007.3	7390	7210.9	381.861	22.7368
XM_026510008.2	1401	1221.9	0	0
XM_026510009.3	4514	4334.9	125.544	12.4346
XM_026510012.3	2162	1982.9	56.6646	12.2694
XM_026510014.3	8200	8020.9	0	0
XM_026510015.3	7155	6975.9	0	0
XM_026510016.3	4137	3957.9	3.15046	0.341761
XM_026510017.3	4357	4177.9	1.03694e-08	1.06564e-09
XM_026510019.3	4741	4561.9	0	0
XM_026510022.3	1465	1285.9	0	0
XM_026510024.2	1188	1008.9	0	0
XM_026510025.3	825	645.98	0	0
XM_026510026.2	546	367.056	0	0
XM_026510029.3	5915	5735.9	0	0
XM_026510030.3	5023	4843.9	0	0
XM_026510031.2	3987	3807.9	0	0
XM_026510032.2	3648	3468.9	0	0
XM_026510033.2	1533	1353.9	0	0
XM_026510034.2	1389	1209.9	0	0
XM_026510035.2	1383	1203.9	0	0
XM_026510037.2	864	684.98	0	0
XM_026510040.3	9386	9206.9	47.4248	2.21159
XM_026510041.2	546	367.056	0	0
XM_026510042.3	2158	1978.9	1	0.216964
XM_026510044.3	7450	7270.9	322.205	19.0264
XM_026510045.3	5716	5536.9	0	0
XM_026510047.3	6292	6112.9	0	0
XM_026510050.3	5603	5423.9	2.93404e-06	2.32256e-07
XM_026510051.3	5611	5431.9	4.28693e-07	3.3885e-08
XM_026510055.3	3353	3173.9	0	0
XM_026510056.3	3854	3674.9	0.00682551	0.000797448
XM_026510057.3	3930	3750.9	0	0
XM_026510058.3	3840	3660.9	0.993981	0.116574
XM_026510060.3	14050	13870.9	0	0
XM_026510062.3	15323	15143.9	137.272	3.89187
XM_026510064.3	4536	4356.9	91	8.96761
XM_026510068.3	4822	4642.9	0	0
XM_026510069.3	5992	5812.9	369	27.255
XM_026510071.1	1698	1518.9	7	1.9787
XM_026510072.3	2955	2775.9	6	0.928026
XM_026510073.3	5970	5790.9	0	0
XM_026510074.3	13310	13130.9	383	12.5233
XM_026510082.3	3119	2939.9	0	0
XM_026510085.3	3992	3812.9	2.63367	0.296564
XM_026510086.3	4333	4153.9	0	0
XM_026510087.3	7350	7170.9	4.26703	0.255485
XM_026510090.3	2662	2482.9	0	0
XM_026510092.3	10728	10548.9	0	0
XM_026510093.3	7399	7219.9	219.643	13.0617
XM_026510094.3	10701	10521.9	0.000965765	3.94086e-05
XM_026510095.3	10627	10447.9	0	0
XM_026510096.3	10618	10438.9	29.7392	1.22317
XM_026510098.3	10326	10146.9	0	0
XM_026510099.3	2546	2366.9	0	0
XM_026510100.3	3754	3574.9	0	0
XM_026510102.3	3048	2868.9	0	0
XM_026510103.3	8498	8318.9	0	0
XM_026510104.3	6833	6653.9	7.70046e-06	4.96883e-07
XM_026510105.3	6766	6586.9	4.19033	0.273137
XM_026510107.3	8495	8315.9	4.80966	0.248324
XM_026510109.3	2339	2159.9	44.4696	8.83979
XM_026510112.3	1910	1730.9	1	0.248051
XM_026510113.3	25704	25524.9	205.208	3.45179
XM_026510114.3	2056	1876.9	120	27.4506
XM_026510115.3	2305	2125.9	0.00112518	0.000227244
XM_026510117.3	2403	2223.9	0	0
XM_026510118.3	6553	6373.9	53.2787	3.5889
XM_026510119.3	1900	1720.9	0	0
XM_026510120.3	8602	8422.9	17.1852	0.876003
XM_026510121.3	8599	8419.9	0	0
XM_026510122.3	6279	6099.9	45	3.1674
XM_026510123.3	13956	13776.9	0	0
XM_026510124.3	14711	14531.9	0	0
XM_026510125.3	13880	13700.9	3.87078	0.121301
XM_026510127.3	1981	1801.9	15	3.57415
XM_026510128.3	1728	1548.9	0	0
XM_026510131.3	6666	6486.9	1.03715	0.0686463
XM_026510138.3	602	422.98	281	285.233
XM_026510139.3	1359	1179.9	0	0
XM_026510140.3	7869	7689.9	6.10921	0.341097
XM_026510141.3	2547	2367.9	0	0
XM_026510142.3	4254	4074.9	21	2.21266
XM_026510143.3	11533	11353.9	0	0
XM_026510144.3	11512	11332.9	0	0
XM_026510145.3	11512	11332.9	0	0
XM_026510146.3	11489	11309.9	124.602	4.7302
XM_026510147.3	11484	11304.9	0	0
XM_026510148.3	11440	11260.9	278.156	10.6054
XM_026510149.3	9120	8940.9	74.0959	3.55817
XM_026510150.3	8149	7969.9	0	0
XM_026510151.3	8241	8061.9	0	0
XM_026510154.3	7969	7789.9	31.2465	1.7222
XM_026510157.3	3624	3444.9	41.8756	5.21912
XM_026510159.3	4228	4048.9	66	6.99874
XM_026510160.3	4327	4147.9	0	0
XM_026510161.3	3208	3028.9	7	0.992261
XM_026510162.3	9199	9019.9	0.640743	0.0304997
XM_026510163.3	9203	9023.9	0.359257	0.0170932
XM_026510170.3	3249	3069.9	57.8321	8.0883
XM_026510171.3	1839	1659.9	175.904	45.4995
XM_026510172.3	9752	9572.9	142	6.36881
XM_026510173.3	9573	9393.9	0	0
XM_026510174.3	3095	2915.9	0.167907	0.0247234
XM_026510175.3	9761	9581.9	118	5.28742
XM_026510180.3	2222	2042.9	0	0
XM_026510182.3	2156	1976.9	14.0832	3.05865
XM_026510185.3	2121	1941.9	0	0
XM_026510187.3	2091	1911.9	0	0
XM_026510188.3	16761	16581.9	30	0.776784
XM_026510191.3	2049	1869.9	520.861	119.596
XM_026510193.3	1987	1807.9	0	0
XM_026510194.3	2100	1920.9	1114.14	249.026
XM_026510195.3	1889	1709.9	12.4475	3.12552
XM_026510201.3	5075	4895.9	25	2.1924
XM_026510202.3	8604	8424.9	43.9376	2.23916
XM_026510203.3	8601	8421.9	69.9337	3.56525
XM_026510204.3	2428	2248.9	0	0
XM_026510208.3	5566	5386.9	0.122215	0.00974089
XM_026510209.3	5852	5672.9	10.2271	0.774034
XM_026510210.3	6535	6355.9	0	0
XM_026510214.3	6929	6749.9	15.9481	1.01443
XM_026510215.3	8330	8150.9	3.05194	0.160762
XM_026510216.3	6795	6615.9	0	0
XM_026510218.3	8664	8484.9	0	0
XM_026510220.3	7610	7430.9	239.046	13.8119
XM_026510222.3	4756	4576.9	0.000164767	1.54565e-05
XM_026510223.3	745	565.98	9	6.82739
XM_026510224.3	5452	5272.9	368.883	30.0367
XM_026510225.3	4861	4681.9	49	4.49352
XM_026510227.3	6805	6625.9	0	0
XM_026510229.3	4742	4562.9	0.00897707	0.000844708
XM_026510230.3	6792	6612.9	0	0
XM_026510231.3	6700	6520.9	8.63077	0.56827
XM_026510232.3	6705	6525.9	0	0
XM_026510233.3	6690	6510.9	0	0
XM_026510235.3	6643	6463.9	0	0
XM_026510236.3	6596	6416.9	0.695576	0.0465407
XM_026510237.3	6593	6413.9	0	0
XM_026510238.2	3209	3029.9	22.6737	3.21296
XM_026510239.3	4735	4555.9	0.066568	0.00627342
XM_026510240.3	12101	11921.9	3.27472	0.117935
XM_026510241.3	12078	11898.9	2.06333e-08	7.44519e-10
XM_026510242.3	12137	11957.9	188.725	6.77623
XM_026510243.3	4416	4236.9	200	20.2672
XM_026510248.3	4720	4540.9	4.92429	0.465602
XM_026510249.3	2555	2375.9	3	0.542133
XM_026510252.3	9928	9748.9	8.93077	0.393321
XM_026510253.3	4892	4712.9	0	0
XM_026510254.3	1458	1278.9	0	0
XM_026510257.3	3676	3496.9	0	0
XM_026510258.3	1591	1411.9	0	0
XM_026510259.3	4905	4725.9	0	0
XM_026510261.3	5507	5327.9	25.2507	2.03484
XM_026510264.3	2724	2544.9	0	0
XM_026510265.3	4403	4223.9	2.09269e-07	2.12718e-08
XM_026510267.3	1241	1061.9	0	0
XM_026510270.3	529	350.091	208.137	255.259
XM_026510271.3	9879	9699.9	90.831	4.0205
XM_026510274.3	4516	4336.9	4.85927	0.481066
XM_026510275.3	7568	7388.9	0	0
XM_026510277.3	11512	11332.9	88.6968	3.36032
XM_026510280.3	2407	2227.9	26.4101	5.08964
XM_026510281.3	2459	2279.9	61.9775	11.6716
XM_026510283.3	8003	7823.9	100.222	5.49986
XM_026510284.3	2261	2081.9	27.6124	5.69452
XM_026510285.3	6194	6014.9	38	2.71249
XM_026510286.3	17377	17197.9	0	0
XM_026510287.3	16026	15846.9	8.62601e-06	2.33711e-07
XM_026510288.3	16091	15911.9	154.849	4.17831
XM_026510289.3	16079	15899.9	80.7446	2.18038
XM_026510290.3	3175	2995.9	0.99998	0.14331
XM_026510295.3	1392	1212.9	0	0
XM_026510296.3	5779	5599.9	1	0.0766713
XM_026510297.3	5372	5192.9	0	0
XM_026510298.3	5258	5078.9	17	1.43712
XM_026510301.3	6327	6147.9	59.8628	4.18065
XM_026510305.3	5563	5383.9	57.5979	4.59328
XM_026510310.3	1119	939.905	0	0
XM_026510311.3	1724	1544.9	17	4.72455
XM_026510312.3	3588	3408.9	0	0
XM_026510313.3	1500	1320.9	0	0
XM_026510315.3	7124	6944.9	146	9.0261
XM_026510316.3	3457	3277.9	204	26.7207
XM_026510318.3	3342	3162.9	0	0
XM_026510319.3	10109	9929.9	84	3.63201
XM_026510320.3	3887	3707.9	85	9.84246
XM_026510321.3	1435	1255.9	32	10.9397
XM_026510323.3	3913	3733.9	0	0
XM_026510326.3	2066	1886.9	30	6.82629
XM_026510327.2	1608	1428.9	0	0
XM_026510328.3	3152	2972.9	14	2.0219
XM_026510329.3	7335	7155.9	76.6732	4.60036
XM_026510330.3	7296	7116.9	0	0
XM_026510331.3	7274	7094.9	0	0
XM_026510332.3	7199	7019.9	35.4268	2.16677
XM_026510333.3	7092	6912.9	27.3668	1.69972
XM_026510334.3	7030	6850.9	0	0
XM_026510335.3	3318	3138.9	465	63.6046
XM_026510336.3	972	792.905	63.5714	34.4234
XM_026510337.3	4129	3949.9	7.85861	0.854226
XM_026510338.3	5939	5759.9	0	0
XM_026510339.3	3779	3599.9	55	6.55972
XM_026510340.3	1403	1223.9	107	37.5361
XM_026510341.3	7455	7275.9	43	2.53743
XM_026510342.3	12182	12002.9	1.70959e-05	6.1153e-07
XM_026510343.3	12047	11867.9	44	1.59181
XM_026510344.3	6000	5820.9	0	0
XM_026510346.3	3564	3384.9	28	3.55161
XM_026510347.3	7661	7481.9	15.0271	0.862337
XM_026510348.3	2631	2451.9	19	3.32708
XM_026510350.3	2632	2452.9	0	0
XM_026510351.3	5936	5756.9	0	0
XM_026510352.3	3648	3468.9	0	0
XM_026510353.3	2917	2737.9	0	0
XM_026510354.3	2853	2673.9	21.9992	3.53244
XM_026510355.3	2874	2694.9	0.000810374	0.000129109
XM_026510357.3	2965	2785.9	0	0
XM_026510359.3	5758	5578.9	0.00712145	0.000548066
XM_026510360.3	2913	2733.9	12.9005	2.02598
XM_026510361.3	2941	2761.9	0	0
XM_026510362.3	2888	2708.9	0	0
XM_026510365.3	6287	6107.9	171	12.0204
XM_026510366.3	6040	5860.9	0	0
XM_026510368.3	6008	5828.9	0	0
XM_026510370.3	5984	5804.9	0	0
XM_026510371.3	6578	6398.9	5292	355.081
XM_026510372.3	2538	2358.9	3.08035	0.560665
XM_026510373.3	2672	2492.9	0	0
XM_026510374.3	12926	12746.9	93	3.1325
XM_026510381.3	4029	3849.9	3	0.334568
XM_026510384.3	5722	5542.9	32	2.47871
XM_026510386.3	6139	5959.9	13.8281	0.996176
XM_026510387.3	5277	5097.9	2.17191	0.182921
XM_026510388.3	5743	5563.9	0	0
XM_026510389.3	5328	5148.9	4.95612e-06	4.13276e-07
XM_026510399.3	3983	3803.9	0	0
XM_026510404.3	2656	2476.9	5	0.866711
XM_026510405.3	3359	3179.9	45.3859	6.12802
XM_026510406.3	9435	9255.9	0	0
XM_026510407.3	7148	6968.9	0.122622	0.0075547
XM_026510408.3	9327	9147.9	0	0
XM_026510409.3	9294	9114.9	0	0
XM_026510412.3	4814	4634.9	24.7577	2.29342
XM_026510414.2	483	304.217	2	2.82267
XM_026510416.3	10830	10650.9	40.4536	1.63074
XM_026510418.3	2809	2629.9	45.5464	7.4358
XM_026510421.3	5212	5032.9	25	2.13272
XM_026510422.3	11366	11186.9	0	0
XM_026510426.3	11300	11120.9	0	0
XM_026510429.3	7684	7504.9	115.407	6.60237
XM_026510430.2	3658	3478.9	3	0.370248
XM_026510431.3	2681	2501.9	0	0
XM_026510432.3	2471	2291.9	0	0
XM_026510436.3	1242	1062.9	27	10.9064
XM_026510437.3	1170	990.905	27	11.6989
XM_026510438.3	7683	7503.9	35.0589	2.00597
XM_026510439.3	3682	3502.9	32	3.92225
XM_026510440.3	4860	4680.9	0	0
XM_026510441.3	3531	3351.9	0	0
XM_026510446.3	3547	3367.9	0	0
XM_026510447.3	3589	3409.9	20.8353	2.62344
XM_026510448.3	2624	2444.9	144.165	25.3169
XM_026510449.3	7291	7111.9	351.089	21.1955
XM_026510450.3	5344	5164.9	1.54638	0.128548
XM_026510451.3	4371	4191.9	7	0.716968
XM_026510452.3	4482	4302.9	21.4633	2.14165
XM_026510453.3	4321	4141.9	64.7626	6.71333
XM_026510454.3	3555	3375.9	0	0
XM_026510456.3	1383	1203.9	0	0
XM_026510460.2	5679	5499.9	0	0
XM_026510461.3	5564	5384.9	0	0
XM_026510462.3	8079	7899.9	29.0935	1.5812
XM_026510463.3	8157	7977.9	7.85908e-05	4.22957e-06
XM_026510466.3	2430	2250.9	0	0
XM_026510467.3	2413	2233.9	0	0
XM_026510468.3	2733	2553.9	7.98095	1.34172
XM_026510469.3	2101	1921.9	0	0
XM_026510470.3	3730	3550.9	0	0
XM_026510471.3	1247	1067.9	0	0
XM_026510472.3	3648	3468.9	2	0.247543
XM_026510473.3	28294	28114.9	21.4966	0.328282
XM_026510474.3	5516	5336.9	41	3.29843
XM_026510475.3	10874	10694.9	74	2.97076
XM_026510476.3	4927	4747.9	0	0
XM_026510477.3	4580	4400.9	2	0.19512
XM_026510480.3	2368	2188.9	1527	299.52
XM_026510481.3	3808	3628.9	4.13966e-08	4.89782e-09
XM_026510482.3	3754	3574.9	13	1.56132
XM_026510483.3	1539	1359.9	5	1.57861
XM_026510485.3	27034	26854.9	32.6185	0.5215
XM_026510486.3	1439	1259.9	139	47.3686
XM_026510487.3	2067	1887.9	0	0
XM_026510488.3	2683	2503.9	20	3.42946
XM_026510489.3	4304	4124.9	69	7.18205
XM_026510498.3	4373	4193.9	29	2.96888
XM_026510501.2	9547	9367.9	49.1952	2.25473
XM_026510502.2	9472	9292.9	212.69	9.82672
XM_026510503.3	1344	1164.9	3	1.10572
XM_026510504.3	7999	7819.9	2	0.10981
XM_026510505.3	4246	4066.9	78	8.23463
XM_026510506.3	5813	5633.9	14	1.06692
XM_026510509.3	1053	873.905	43	21.126
XM_026510510.3	6406	6226.9	232	15.9967
XM_026510511.3	7850	7670.9	65.0786	3.64255
XM_026510513.3	4725	4545.9	0	0
XM_026510514.3	5142	4962.9	1	0.0865122
XM_026510515.3	10402	10222.9	19	0.797981
XM_026510516.3	638	458.98	51.9084	48.5576
XM_026510517.3	650	470.98	211.872	193.145
XM_026510518.3	2245	2065.9	23.2199	4.82573
XM_026510519.3	11405	11225.9	142	5.43101
XM_026510520.3	5840	5660.9	20.9182	1.58655
XM_026510527.3	1980	1800.9	0	0
XM_026510533.3	2550	2370.9	1	0.181092
XM_026510535.3	3810	3630.9	383.107	45.3021
XM_026510536.3	5588	5408.9	40.1267	3.1852
XM_026510539.3	551	372.056	1509	1741.39
XM_026510540.3	4604	4424.9	0	0
XM_026510545.3	4649	4469.9	0	0
XM_026510546.3	3347	3167.9	0	0
XM_026510547.3	5086	4906.9	9	0.787496
XM_026510548.3	3186	3006.9	0	0
XM_026510549.3	2659	2479.9	86.0843	14.904
XM_026510551.3	11289	11109.9	1951	75.3981
XM_026510552.3	1794	1614.9	0	0
XM_026510553.3	2894	2714.9	23.0943	3.65227
XM_026510554.3	357	181.036	12	28.4597
XM_026510556.3	3202	3022.9	0	0
XM_026510557.3	3233	3053.9	1465.51	206.038
XM_026510558.3	1275	1095.9	106.096	41.5663
XM_026510559.3	1394	1214.9	146.794	51.8775
XM_026510561.3	3576	3396.9	46.1986	5.83927
XM_026510563.3	5564	5384.9	16.5408	1.31884
XM_026510564.3	675	495.98	0	0
XM_026510565.3	942	762.905	22.6555	12.7502
XM_026510566.3	3246	3066.9	0	0
XM_026510567.3	2982	2802.9	0	0
XM_026510568.3	1499	1319.9	0	0
XM_026510570.3	7291	7111.9	14.8948	0.899213
XM_026510571.3	3264	3084.9	4	0.556713
XM_026510572.3	3706	3526.9	62	7.54764
XM_026510574.3	2084	1904.9	0	0
XM_026510575.3	3519	3339.9	0	0
XM_026510576.3	2438	2258.9	0	0
XM_026510577.3	1449	1269.9	12	4.05717
XM_026510578.3	2970	2790.9	0	0
XM_026510579.3	5871	5691.9	0	0
XM_026510582.3	1472	1292.9	0	0
XM_026510584.3	6304	6124.9	31	2.17308
XM_026510585.3	1830	1650.9	141	36.67
XM_026510586.3	4097	3917.9	3	0.328761
XM_026510587.3	16893	16713.9	18	0.46239
XM_026510593.2	1887	1707.9	10.6374	2.67414
XM_026510595.3	3351	3171.9	0	0
XM_026510597.2	3363	3183.9	0	0
XM_026510598.3	11709	11529.9	4	0.148952
XM_026510601.3	2107	1927.9	0	0
XM_026510602.3	2100	1920.9	6.93467	1.55001
XM_026510604.3	1546	1366.9	74.8241	23.5026
XM_026510608.3	1501	1321.9	3	0.974394
XM_026510609.3	3105	2925.9	0	0
XM_026510610.3	1334	1154.9	5	1.85882
XM_026510611.3	1605	1425.9	0	0
XM_026510612.3	3774	3594.9	0	0
XM_026510613.3	2594	2414.9	12	2.13351
XM_026510614.3	1956	1776.9	167.51	40.4752
XM_026510615.3	1853	1673.9	386.49	99.1337
XM_026510617.3	2754	2574.9	0	0
XM_026510618.3	2802	2622.9	0	0
XM_026510624.3	1462	1282.9	0	0
XM_026510627.3	1328	1148.9	25.1513	9.39916
XM_026510629.3	1749	1569.9	902	246.687
XM_026510630.3	2876	2696.9	1207	192.157
XM_026510631.3	1119	939.905	0	0
XM_026510632.3	1080	900.905	63	30.0245
XM_026510634.3	692	512.98	3	2.51093
XM_026510635.3	5901	5721.9	151	11.3305
XM_026510637.3	3582	3402.9	157	19.809
XM_026510639.3	2723	2543.9	24.4747	4.13077
XM_026510640.3	3229	3049.9	5.44956	0.767164
XM_026510641.3	5209	5029.9	4	0.341439
XM_026510643.3	1248	1068.9	0	0
XM_026510644.3	2430	2250.9	0	0
XM_026510645.3	1433	1253.9	0	0
XM_026510646.3	3062	2882.9	0	0
XM_026510647.3	2659	2479.9	4.60664	0.797559
XM_026510648.3	2656	2476.9	0	0
XM_026510650.3	1110	930.905	3	1.38366
XM_026510653.2	1563	1383.9	0	0
XM_026510654.3	6727	6547.9	17	1.11471
XM_026510656.1	657	477.98	0	0
XM_026510658.3	616	436.98	0	0
XM_026510659.3	1209	1029.9	0	0
XM_026510661.2	1803	1623.9	0	0
XM_026510662.3	990	810.905	0	0
XM_026510665.3	1521	1341.9	0	0
XM_026510666.2	423	244.832	0	0
XM_026510667.2	3414	3234.9	0	0
XM_026510668.3	6914	6734.9	286.808	18.2841
XM_026510669.1	801	621.98	0	0
XM_026510671.1	876	696.98	0	0
XM_026510672.3	669	489.98	0	0
XM_026510673.2	972	792.905	0	0
XM_026510674.3	6921	6741.9	117.192	7.46329
XM_026510675.2	492	313.186	0	0
XM_026510676.3	1506	1326.9	0	0
XM_026510677.3	1275	1095.9	0	0
XM_026510678.3	3697	3517.9	0	0
XM_026510679.3	884	704.98	31	18.8798
XM_026510680.3	1492	1312.9	1.67497	0.547756
XM_026510681.3	1170	990.905	2.02513	0.877473
XM_026510684.3	1436	1256.9	2.29991	0.785636
XM_026510685.3	889	709.98	361.828	218.811
XM_026510686.3	3700	3520.9	46.5785	5.67996
XM_026510687.3	9702	9522.9	22	0.991897
XM_026510694.3	9047	8867.9	105	5.08372
XM_026510695.3	11863	11683.9	91.2753	3.35412
XM_026510698.3	11917	11737.9	94.1437	3.44361
XM_026510699.3	2393	2213.9	2	0.387869
XM_026510700.3	1027	847.905	0	0
XM_026510709.3	491	312.186	0	0
XM_026510710.3	6076	5896.9	0	0
XM_026510711.3	6077	5897.9	0	0
XM_026510712.3	5502	5322.9	50.5992	4.08139
XM_026510714.3	5829	5649.9	0	0
XM_026510715.3	5847	5667.9	0	0
XM_026510716.3	5339	5159.9	0	0
XM_026510719.3	4667	4487.9	0	0
XM_026510721.3	9113	8933.9	273.815	13.1592
XM_026510724.3	3144	2964.9	17.4977	2.53387
XM_026510725.3	3057	2877.9	6.75161	1.00727
XM_026510726.3	3429	3249.9	7.31444	0.966327
XM_026510727.3	4427	4247.9	41.8887	4.23385
XM_026510729.3	9032	8852.9	17802.2	863.378
XM_026510730.3	5395	5215.9	53	4.36274
XM_026510731.3	1778	1598.9	0	0
XM_026510732.3	12234	12054.9	3.16818e-07	1.12839e-08
XM_026510734.3	12198	12018.9	512.015	18.2907
XM_026510736.3	7227	7047.9	0.00388791	0.000236848
XM_026510738.3	7178	6998.9	34.9777	2.14573
XM_026510740.3	7233	7053.9	0.00128066	7.79502e-05
XM_026510743.3	11929	11749.9	0	0
XM_026510744.3	11931	11751.9	207.983	7.59858
XM_026510746.3	3584	3404.9	0	0
XM_026510747.3	5413	5233.9	57.998	4.75774
XM_026510748.3	5469	5289.9	0	0
XM_026510749.3	5373	5193.9	0	0
XM_026510750.3	5265	5085.9	0.00196827	0.000166162
XM_026510751.3	3879	3699.9	17	1.97275
XM_026510753.3	8489	8309.9	65.5957	3.38917
XM_026510754.3	8463	8283.9	0	0
XM_026510755.3	4184	4004.9	2	0.214413
XM_026510756.3	7852	7672.9	1.63674	0.091587
XM_026510757.3	8141	7961.9	74.7512	4.03102
XM_026510759.3	7828	7648.9	97.6121	5.47921
XM_026510764.3	5601	5421.9	0	0
XM_026510765.3	5486	5306.9	2.85057	0.230624
XM_026510767.3	5158	4978.9	8.13424	0.70145
XM_026510769.2	1767	1587.9	5	1.35194
XM_026510771.3	623	443.98	4562	4411.69
XM_026510772.3	8075	7895.9	181.344	9.86087
XM_026510773.3	8677	8497.9	0	0
XM_026510776.3	3056	2876.9	50.4873	7.53477
XM_026510777.3	3403	3223.9	0	0
XM_026510781.3	6413	6233.9	27.0507	1.86308
XM_026510782.3	2629	2449.9	357	62.5651
XM_026510787.3	1945	1765.9	0	0
XM_026510791.3	2572	2392.9	5	0.897135
XM_026510792.3	2563	2383.9	0	0
XM_026510795.3	2579	2399.9	12	2.14684
XM_026510796.3	2160	1980.9	0	0
XM_026510797.3	2076	1896.9	2	0.452687
XM_026510798.3	2176	1996.9	0	0
XM_026510801.3	2889	2709.9	197.012	31.2142
XM_026510803.3	2861	2681.9	2.39449e-05	3.83339e-06
XM_026510805.3	1877	1697.9	12	3.03446
XM_026510806.3	2707	2527.9	225.06	38.2254
XM_026510807.3	2519	2339.9	197.94	36.3202
XM_026510808.3	1842	1662.9	0	0
XM_026510809.3	2280	2100.9	1.40841	0.287829
XM_026510811.3	2583	2403.9	86	15.3601
XM_026510813.2	1425	1245.9	0	0
XM_026510815.3	3298	3118.9	0	0
XM_026510816.3	13043	12863.9	18	0.600777
XM_026510819.3	1825	1645.9	22	5.73894
XM_026510823.3	2322	2142.9	594	119.014
XM_026510824.3	16597	16417.9	0	0
XM_026510825.3	452	273.446	21	32.9732
XM_026510826.3	8623	8443.9	795.827	40.4659
XM_026510827.3	8798	8618.9	103.173	5.13958
XM_026510828.3	531	352.091	0	0
XM_026510830.3	1209	1029.9	0	0
XM_026510831.3	2739	2559.9	0	0
XM_026510832.3	2739	2559.9	0	0
XM_026510833.3	461	282.362	25	38.0143
XM_026510834.3	6593	6413.9	6.27887	0.420313
XM_026510836.3	7046	6866.9	114	7.12783
XM_026510837.3	5740	5560.9	36.442	2.81365
XM_026510838.3	6727	6547.9	150	9.83563
XM_026510839.3	4457	4277.9	90.8711	9.12028
XM_026510840.3	4680	4500.9	49	4.67423
XM_026510841.3	1281	1101.9	17	6.62397
XM_026510842.3	4631	4451.9	0	0
XM_026510843.3	5265	5085.9	183	15.4489
XM_026510844.3	1684	1504.9	27.7853	7.9272
XM_026510846.3	18458	18278.9	542	12.731
XM_026510851.3	6500	6320.9	6	0.407554
XM_026510852.3	5475	5295.9	0	0
XM_026510853.3	4977	4797.9	0	0
XM_026510854.3	4871	4691.9	2	0.183018
XM_026510855.3	2105	1925.9	0	0
XM_026510857.3	6825	6645.9	26	1.6797
XM_026510858.3	6853	6673.9	0	0
XM_026510859.3	4421	4241.9	1	0.101217
XM_026510860.3	2658	2478.9	2.90284	0.502779
XM_026510861.3	7171	6991.9	1.99831	0.12271
XM_026510862.3	7209	7029.9	0.00169346	0.000103428
XM_026510864.3	1401	1221.9	0	0
XM_026510865.3	3560	3380.9	0	0
XM_026510866.3	6417	6237.9	19.6458	1.35221
XM_026510869.3	2655	2475.9	14.0972	2.44462
XM_026510870.2	2307	2127.9	0	0
XM_026510871.2	1551	1371.9	0	0
XM_026510872.3	2449	2269.9	0	0
XM_026510873.3	1997	1817.9	10	2.3618
XM_026510874.3	11231	11051.9	48	1.86474
XM_026510875.3	5358	5178.9	135.64	11.2451
XM_026510876.3	5322	5142.9	80.3595	6.70876
XM_026510878.3	4845	4665.9	0	0
XM_026510879.3	4842	4662.9	9.35202e-08	8.61117e-09
XM_026510880.3	4821	4641.9	0	0
XM_026510881.3	4818	4638.9	0	0
XM_026510882.3	3776	3596.9	0	0
XM_026510884.3	3741	3561.9	78.4747	9.45934
XM_026510885.3	7141	6961.9	13.054	0.805061
XM_026510886.3	4251	4071.9	21	2.21429
XM_026510887.3	10916	10736.9	35.4573	1.41788
XM_026510888.3	1764	1584.9	0	0
XM_026510889.3	3511	3331.9	0	0
XM_026510890.2	2386	2206.9	14.2119	2.76492
XM_026510893.3	2898	2718.9	4.71009	0.743787
XM_026510895.3	7994	7814.9	2.71179	0.148986
XM_026510896.3	2778	2598.9	11.3675	1.87797
XM_026510897.3	3213	3033.9	164	23.2089
XM_026510899.3	588	408.98	0	0
XM_026510900.3	2523	2343.9	0	0
XM_026510901.3	3457	3277.9	6	0.785902
XM_026510903.3	3502	3322.9	1.00219	0.129492
XM_026510904.3	4952	4772.9	99.1297	8.91732
XM_026510905.3	4481	4301.9	299	29.8417
XM_026510906.3	731	551.98	0	0
XM_026510910.3	4500	4320.9	0	0
XM_026510911.3	4950	4770.9	66.9863	6.02835
XM_026510914.3	1461	1281.9	0	0
XM_026510916.3	1575	1395.9	0	0
XM_026510917.3	1371	1191.9	0	0
XM_026510918.2	1404	1224.9	0	0
XM_026510920.3	2401	2221.9	15366	2969.26
XM_026510922.3	6532	6352.9	2.6612e-08	1.79853e-09
XM_026510923.3	4399	4219.9	33	3.35757
XM_026510924.3	5146	4966.9	107	9.24935
XM_026510925.3	5362	5182.9	0	0
XM_026510926.3	1537	1357.9	0	0
XM_026510930.3	4754	4574.9	4.43024e-07	4.15775e-08
XM_026510933.3	4735	4555.9	0.000101184	9.53564e-06
XM_026510934.3	4703	4523.9	0.999898	0.0948977
XM_026510937.3	6143	5963.9	193.006	13.8949
XM_026510938.3	1054	874.905	0	0
XM_026510940.3	4997	4817.9	8	0.712927
XM_026510941.3	4497	4317.9	75	7.45764
XM_026510943.3	2134	1954.9	0	0
XM_026510944.2	2042	1862.9	2	0.460949
XM_026510945.3	2662	2482.9	0	0
XM_026510947.3	9005	8825.9	0	0
XM_026510948.3	5772	5592.9	0	0
XM_026510949.2	1152	972.905	0	0
XM_026510950.3	5823	5643.9	201	15.2908
XM_026510951.3	2423	2243.9	0	0
XM_026510952.2	246	88.0663	0	0
XM_026510953.3	1546	1366.9	3	0.942316
XM_026510954.3	828	648.98	0	0
XM_026510957.3	4064	3884.9	0	0
XM_026510958.3	3941	3761.9	0	0
XM_026510960.3	2545	2365.9	300.093	54.4593
XM_026510961.3	1239	1059.9	171.907	69.6371
XM_026510962.3	1061	881.905	1	0.486846
XM_026510963.3	7399	7219.9	71.0927	4.22773
XM_026510965.3	7354	7174.9	0.115675	0.00692208
XM_026510966.3	7298	7118.9	24.7916	1.49522
XM_026510967.3	7457	7277.9	0	0
XM_026510968.3	7390	7210.9	0	0
XM_026510969.3	6022	5842.9	15	1.10224
XM_026510970.3	5436	5256.9	19	1.5518
XM_026510971.3	8450	8270.9	24	1.24587
XM_026510972.3	2764	2584.9	6	0.996598
XM_026510973.3	2018	1838.9	8	1.86786
XM_026510974.3	2778	2598.9	466	76.9855
XM_026510976.3	2989	2809.9	11	1.68079
XM_026510977.3	6985	6805.9	0	0
XM_026510979.3	3251	3071.9	36	5.03162
XM_026510980.3	10160	9980.9	97.7549	4.20515
XM_026510983.3	10174	9994.9	0	0
XM_026510985.3	2096	1916.9	0	0
XM_026510986.3	10087	9907.9	91	3.94342
XM_026510988.3	13372	13192.9	21.8663	0.711622
XM_026510989.3	8948	8768.9	0	0
XM_026510990.3	4607	4427.9	0	0
XM_026510992.3	5734	5554.9	34	2.62794
XM_026510994.3	9061	8881.9	470.229	22.7309
XM_026510996.3	9010	8830.9	112.659	5.47737
XM_026510997.3	516	337.091	0	0
XM_026511005.3	14264	14084.9	15.6503	0.477069
XM_026511006.3	2279	2099.9	6.76354	1.38289
XM_026511008.3	373	196.2	0	0
XM_026511010.3	2936	2756.9	6	0.934422
XM_026511011.3	2862	2682.9	12.9941	2.07948
XM_026511012.3	2773	2593.9	31.0322	5.13655
XM_026511014.3	5833	5653.9	179	13.5931
XM_026511017.3	819	639.98	147	98.6198
XM_026511018.3	981	801.905	52	27.8416
XM_026511021.3	868	688.98	171	106.562
XM_026511022.3	9155	8975.9	0	0
XM_026511023.3	10689	10509.9	0	0
XM_026511025.3	10240	10060.9	0	0
XM_026511027.3	2056	1876.9	9.40932e-08	2.15243e-08
XM_026511028.3	10210	10030.9	0	0
XM_026511031.3	1051	871.905	3	1.47729
XM_026511033.3	2631	2451.9	117.107	20.5066
XM_026511037.3	3497	3317.9	4	0.517618
XM_026511038.3	5862	5682.9	0	0
XM_026511039.3	5879	5699.9	18.6483	1.4047
XM_026511040.3	1752	1572.9	41.3517	11.2877
XM_026511041.3	5435	5255.9	0	0
XM_026511042.3	1937	1757.9	20.051	4.89728
XM_026511043.3	5387	5207.9	0	0
XM_026511044.3	5099	4919.9	12	1.04722
XM_026511045.3	4853	4673.9	0	0
XM_026511046.3	3201	3021.9	0.00637792	0.000906174
XM_026511047.3	11081	10901.9	0	0
XM_026511048.3	11428	11248.9	16.1377	0.615947
XM_026511049.3	10999	10819.9	0	0
XM_026511050.3	11037	10857.9	0	0
XM_026511052.3	10923	10743.9	0	0
XM_026511054.3	10687	10507.9	0	0
XM_026511056.3	1489	1309.9	0	0
XM_026511057.3	5868	5688.9	235.932	17.8062
XM_026511059.3	1180	1000.9	0	0
XM_026511060.3	1562	1382.9	37	11.4874
XM_026511061.3	1288	1108.9	40.9541	15.8568
XM_026511062.3	1493	1313.9	10.9137	3.56634
XM_026511063.3	1346	1166.9	3.27925	1.20657
XM_026511066.3	4173	3993.9	21.5073	2.31207
XM_026511069.3	2316	2136.9	5.49271	1.10361
XM_026511070.3	4970	4790.9	147	13.1739
XM_026511071.2	1920	1740.9	0	0
XM_026511075.3	2593	2413.9	0	0
XM_026511077.3	2128	1948.9	74	16.3025
XM_026511079.3	2042	1862.9	0	0
XM_026511080.3	3115	2935.9	0	0
XM_026511081.3	3040	2860.9	14.3323	2.15093
XM_026511084.3	6306	6126.9	0	0
XM_026511086.3	1272	1092.9	0	0
XM_026511088.3	2417	2237.9	0	0
XM_026511089.3	2410	2230.9	39	7.5058
XM_026511091.3	7240	7060.9	214.569	13.0473
XM_026511094.3	2005	1825.9	1.68844	0.397028
XM_026511096.3	1776	1596.9	60.4899	16.2636
XM_026511101.3	7153	6973.9	189.431	11.6624
XM_026511102.2	1648	1468.9	0	0
XM_026511103.3	3786	3606.9	0	0
XM_026511104.3	3783	3603.9	0	0
XM_026511108.3	3545	3365.9	0	0
XM_026511109.3	3542	3362.9	0	0
XM_026511110.3	3665	3485.9	0	0
XM_026511111.3	2085	1905.9	24.3641	5.48861
XM_026511112.3	3466	3286.9	19	2.48188
XM_026511113.3	939	759.905	0	0
XM_026511114.1	939	759.905	0	0
XM_026511115.2	930	750.98	0	0
XM_026511116.1	954	774.905	0	0
XM_026511118.3	3520	3340.9	1.10484e-08	1.41988e-09
XM_026511119.3	1083	903.905	0	0
XM_026511120.3	831	651.98	0	0
XM_026511121.3	951	771.905	0	0
XM_026511123.3	1750	1570.9	0	0
XM_026511124.3	1291	1111.9	4	1.54456
XM_026511125.3	978	798.905	0	0
XM_026511126.3	1080	900.905	0	0
XM_026511129.2	961	781.905	0	0
XM_026511131.3	1574	1394.9	0	0
XM_026511140.3	3596	3416.9	10.4072	1.30772
XM_026511141.3	3874	3694.9	1.10323	0.128197
XM_026511142.1	2007	1827.9	0	0
XM_026511144.3	291	122.777	0	0
XM_026511147.3	2639	2459.9	0	0
XM_026511150.3	1171	991.905	9.63592	4.17097
XM_026511151.1	651	471.98	0	0
XM_026511152.3	3303	3123.9	3	0.412322
XM_026511153.3	456	277.419	7.48906	11.5906
XM_026511154.3	452	273.446	0	0
XM_026511155.1	3108	2928.9	0	0
XM_026511157.3	5397	5217.9	0	0
XM_026511158.3	5353	5173.9	0	0
XM_026511160.3	5193	5013.9	30	2.56897
XM_026511162.3	3192	3012.9	0	0
XM_026511163.3	3130	2950.9	0	0
XM_026511164.3	4004	3824.9	27	3.0308
XM_026511165.2	1721	1541.9	0	0
XM_026511166.3	5749	5569.9	62.4873	4.81679
XM_026511167.3	5612	5432.9	0.00111817	8.83665e-05
XM_026511168.3	5900	5720.9	2.84531	0.21354
XM_026511169.3	5560	5380.9	3.44933e-08	2.75228e-09
XM_026511170.3	3253	3073.9	5.65942	0.790488
XM_026511171.3	3234	3054.9	0	0
XM_026511172.3	3148	2968.9	0	0
XM_026511173.3	2861	2681.9	19	3.04175
XM_026511174.3	3152	2972.9	0	0
XM_026511175.3	2954	2774.9	7.2963	1.12893
XM_026511176.3	3217	3037.9	0	0
XM_026511177.3	3290	3110.9	0	0
XM_026511180.3	3084	2904.9	0	0
XM_026511181.3	3149	2969.9	7	1.01197
XM_026511182.3	2967	2787.9	0	0
XM_026511183.3	2515	2335.9	1	0.183805
XM_026511185.2	1364	1184.9	0	0
XM_026511186.3	2724	2544.9	28	4.72389
XM_026511187.3	748	568.98	0	0
XM_026511190.3	660	480.98	105.529	94.2015
XM_026511191.2	715	535.98	2	1.60212
XM_026511192.3	2898	2718.9	0	0
XM_026511194.3	2510	2330.9	0	0
XM_026511196.2	477	298.277	1.04719	1.50736
XM_026511199.3	2742	2562.9	0	0
XM_026511200.3	441	262.525	0	0
XM_026511201.3	393	215.567	5.35166	10.659
XM_026511202.2	434	255.706	0	0
XM_026511203.2	416	238.049	0	0
XM_026511204.3	1078	898.905	3	1.43292
XM_026511205.3	487	308.217	0	0
XM_026511206.2	406	228.259	0	0
XM_026511207.3	2663	2483.9	14.2848	2.46918
XM_026511208.3	536	357.056	11.1299	13.3834
XM_026511209.3	448	269.446	0	0
XM_026511210.3	448	269.446	0	0
XM_026511213.3	413	235.073	2.40178	4.38676
XM_026511214.3	415	237.049	0	0
XM_026511215.3	2800	2620.9	1.71517	0.280976
XM_026511216.3	416	238.049	3.10692	5.60373
XM_026511218.3	465	286.306	5.94302	8.91231
XM_026511219.2	378	200.901	0	0
XM_026511221.3	375	198.081	0	0
XM_026511222.3	361	184.852	11.3704	26.4099
XM_026511223.3	344	169.204	4.00455	10.1615
XM_026511225.3	11491	11311.9	457	17.3458
XM_026511227.3	2200	2020.9	40.7802	8.66397
XM_026511228.3	2164	1984.9	0	0
XM_026511229.3	2026	1846.9	0	0
XM_026511230.3	1912	1732.9	136.734	33.8779
XM_026511231.3	2551	2371.9	1.11204	0.201297
XM_026511232.2	417	238.977	0.435753	0.782883
XM_026511233.3	1902	1722.9	0	0
XM_026511235.3	407	229.236	4.89183	9.16227
XM_026511236.3	7683	7503.9	115	6.57997
XM_026511248.3	1733	1553.9	0	0
XM_026511250.3	831	651.98	0	0
XM_026511251.3	396	218.393	0	0
XM_026511253.3	384	206.757	0	0
XM_026511254.3	384	206.757	0	0
XM_026511255.3	5712	5532.9	0	0
XM_026511257.3	5715	5535.9	0	0
XM_026511258.3	5567	5387.9	6.66698	0.531279
XM_026511259.3	2751	2571.9	0	0
XM_026511263.3	5228	5048.9	0	0
XM_026511264.3	5073	4893.9	0	0
XM_026511266.3	5262	5082.9	0	0
XM_026511267.3	3077	2897.9	0	0
XM_026511268.3	1202	1022.9	0	0
XM_026511269.3	1029	849.905	5	2.52588
XM_026511270.3	3625	3445.9	139.966	17.4395
XM_026511271.3	1707	1527.9	16.0337	4.50559
XM_026511272.3	798	618.98	32	22.1966
XM_026511273.3	2036	1856.9	116	26.8214
XM_026511275.3	9338	9158.9	0	0
XM_026511276.3	5284	5104.9	123.805	10.4127
XM_026511279.3	3614	3434.9	21.3347	2.66677
XM_026511281.3	2156	1976.9	1	0.217184
XM_026511284.3	2695	2515.9	0	0
XM_026511285.3	4964	4784.9	0	0
XM_026511291.3	5200	5020.9	50	4.27564
XM_026511293.3	1757	1577.9	0	0
XM_026511294.3	1728	1548.9	31	8.59311
XM_026511295.3	1686	1506.9	0	0
XM_026511297.3	4937	4757.9	450	40.6079
XM_026511298.3	4168	3988.9	0	0
XM_026511302.3	1370	1190.9	21	7.57104
XM_026511304.3	3703	3523.9	386	47.0302
XM_026511305.3	1839	1659.9	134.819	34.8723
XM_026511308.3	1702	1522.9	21.7581	6.13425
XM_026511309.3	7413	7233.9	9.1329e-07	5.42063e-08
XM_026511310.3	7402	7222.9	6.65398e-06	3.95533e-07
XM_026511311.3	7641	7461.9	0	0
XM_026511312.2	7452	7272.9	0	0
XM_026511313.3	7641	7461.9	0	0
XM_026511314.3	7312	7132.9	84.9984	5.11632
XM_026511315.3	7213	7033.9	0	0
XM_026511316.3	7116	6936.9	0	0
XM_026511317.3	6942	6762.9	0	0
XM_026511318.3	1452	1272.9	28	9.44443
XM_026511319.3	1277	1097.9	0	0
XM_026511320.3	3630	3450.9	27	3.35926
XM_026511321.3	3465	3285.9	56.9374	7.43971
XM_026511323.3	1564	1384.9	0	0
XM_026511327.3	3943	3763.9	0	0
XM_026511328.3	3874	3694.9	11	1.27821
XM_026511330.3	1371	1191.9	26	9.36581
XM_026511331.3	1515	1335.9	0	0
XM_026511333.3	6511	6331.9	201	13.6293
XM_026511334.2	4558	4378.9	60.0565	5.88855
XM_026511336.3	1149	969.905	136	60.2037
XM_026511337.3	3236	3056.9	184.344	25.8917
XM_026511338.3	2583	2403.9	31.1397	5.56174
XM_026511339.3	2580	2400.9	7.51598	1.34408
XM_026511340.3	2577	2397.9	0	0
XM_026511341.3	8740	8560.9	92	4.61404
XM_026511342.3	2275	2095.9	15	3.07279
XM_026511343.3	1488	1308.9	0	0
XM_026511344.3	4139	3959.9	45.1582	4.89627
XM_026511345.3	1596	1416.9	4.84183	1.46718
XM_026511347.3	8436	8256.9	17.5766	0.913968
XM_026511349.3	621	441.98	5.27383	5.12314
XM_026511350.3	632	452.98	1.72617	1.63613
XM_026511352.3	15913	15733.9	85.642	2.33703
XM_026511353.3	14100	13920.9	49.4317	1.52459
XM_026511356.3	5421	5241.9	0	0
XM_026511359.3	16861	16681.9	33.004	0.849442
XM_026511361.3	16722	16542.9	0	0
XM_026511364.3	3286	3106.9	0	0
XM_026511366.3	2105	1925.9	0	0
XM_026511367.3	3675	3495.9	1	0.122816
XM_026511368.3	1766	1586.9	0	0
XM_026511369.3	1534	1354.9	5	1.58444
XM_026511371.3	2642	2462.9	52.2866	9.11499
XM_026511372.3	2562	2382.9	27.7134	4.9934
XM_026511373.3	2404	2224.9	9.46768	1.82703
XM_026511374.3	2276	2096.9	0	0
XM_026511375.3	2169	1989.9	24.5323	5.29322
XM_026511377.3	5680	5500.9	4.34068	0.338795
XM_026511379.3	9025	8845.9	0	0
XM_026511380.3	1435	1255.9	0	0
XM_026511381.3	1396	1216.9	50	17.6411
XM_026511382.3	1388	1208.9	0	0
XM_026511383.3	1447	1267.9	0	0
XM_026511384.3	1186	1006.9	1.40712e-05	6.00008e-06
XM_026511385.3	10885	10705.9	88.7603	3.55966
XM_026511386.3	7214	7034.9	1.57822	0.0963215
XM_026511388.3	7635	7455.9	0	0
XM_026511389.3	5288	5108.9	0	0
XM_026511392.3	5449	5269.9	6.52034	0.531228
XM_026511393.3	1705	1525.9	4.45017	1.25217
XM_026511398.3	1577	1397.9	12.9836	3.98779
XM_026511399.3	1677	1497.9	218.55	62.644
XM_026511400.3	662	482.98	7.98636	7.09958
XM_026511402.3	525	346.091	69.0136	85.6166
XM_026511404.3	7599	7419.9	99.2934	5.7456
XM_026511408.3	2353	2173.9	22	4.34506
XM_026511409.3	5554	5374.9	0	0
XM_026511410.3	4286	4106.9	72.7597	7.60659
XM_026511418.3	1609	1429.9	124.914	37.5075
XM_026511419.3	1468	1288.9	0	0
XM_026511420.3	1391	1211.9	179.086	63.4462
XM_026511421.3	5042	4862.9	60.3739	5.33048
XM_026511422.3	3421	3241.9	39	5.16509
XM_026511423.3	3331	3151.9	0	0
XM_026511424.3	1435	1255.9	52	17.7771
XM_026511425.3	2592	2412.9	128	22.7763
XM_026511427.3	1874	1694.9	69	17.479
XM_026511428.3	4944	4764.9	0	0
XM_026511431.3	4405	4225.9	15.2375	1.54813
XM_026511432.3	1598	1418.9	1	0.302594
XM_026511433.3	3838	3658.9	32	3.75502
XM_026511434.3	951	771.905	0	0
XM_026511436.3	8179	7999.9	40.1111	2.15275
XM_026511439.3	7993	7813.9	0	0
XM_026511441.3	8155	7975.9	0	0
XM_026511442.3	7954	7774.9	1.29271e-08	7.13872e-10
XM_026511443.3	8002	7822.9	49.2813	2.70475
XM_026511445.3	5722	5542.9	70.241	5.44085
XM_026511446.3	5445	5265.9	151.449	12.3483
XM_026511447.3	14641	14461.9	0	0
XM_026511448.3	14600	14420.9	77.6871	2.31297
XM_026511449.3	3974	3794.9	127.215	14.3929
XM_026511450.3	14339	14159.9	0	0
XM_026511451.3	10920	10740.9	0	0
XM_026511452.3	9118	8938.9	4	0.192127
XM_026511453.3	7353	7173.9	89	5.32657
XM_026511455.3	3586	3406.9	24	3.02458
XM_026511456.3	2835	2655.9	60	9.69956
XM_026511457.3	4465	4285.9	19.3631	1.93975
XM_026511458.3	1626	1446.9	45.5431	13.5144
XM_026511459.3	6835	6655.9	5.45695	0.352011
XM_026511460.3	2832	2652.9	0	0
XM_026511461.3	4224	4044.9	85.5811	9.08412
XM_026511464.3	3073	2893.9	24	3.56074
XM_026511467.3	1320	1140.9	0	0
XM_026511468.3	1302	1122.9	0	0
XM_026511469.3	2686	2506.9	4.04502	0.692781
XM_026511470.3	1296	1116.9	0	0
XM_026511473.3	7730	7550.9	0	0
XM_026511479.3	1537	1357.9	41	12.9637
XM_026511480.3	852	672.98	83.7496	53.4311
XM_026511481.3	819	639.98	0	0
XM_026511482.3	803	623.98	11.2504	7.74122
XM_026511483.3	2118	1938.9	0	0
XM_026511485.3	6718	6538.9	2.84052	0.186511
XM_026511488.3	5347	5167.9	35	2.90782
XM_026511489.3	5063	4883.9	22	1.93406
XM_026511490.3	5645	5465.9	0	0
XM_026511491.3	4729	4549.9	22.8828	2.15933
XM_026511493.3	9006	8826.9	201.017	9.77772
XM_026511495.3	9285	9105.9	9.04295	0.426384
XM_026511496.3	9282	9102.9	13.9015	0.655685
XM_026511497.3	9300	9120.9	1.05554	0.0496877
XM_026511498.3	9416	9236.9	7.25977e-08	3.3745e-09
XM_026511499.3	2229	2049.9	4	0.837799
XM_026511501.3	5505	5325.9	20.3193	1.63805
XM_026511507.3	1503	1323.9	60.1726	19.5144
XM_026511508.3	1555	1375.9	9.82739	3.06664
XM_026511509.3	1519	1339.9	0	0
XM_026511510.3	2617	2437.9	45	7.92518
XM_026511511.3	3807	3627.9	131	15.5035
XM_026511512.3	8138	7958.9	16.7128	0.90159
XM_026511513.3	4060	3880.9	25.7158	2.84499
XM_026511514.3	1145	965.905	10.5714	4.69906
XM_026511515.3	1223	1043.9	64.0928	26.361
XM_026511516.3	1045	865.905	37.8705	18.7778
XM_026511517.3	1517	1337.9	3.03664	0.974501
XM_026511518.3	1108	928.905	13.6642	6.31576
XM_026511519.3	2550	2370.9	96	17.3848
XM_026511521.3	1765	1585.9	14.2278	3.85189
XM_026511522.3	1740	1560.9	15.7722	4.3384
XM_026511523.3	4860	4680.9	57	5.22828
XM_026511524.3	4880	4700.9	0	0
XM_026511526.3	3703	3523.9	0	0
XM_026511528.3	3572	3392.9	0	0
XM_026511529.3	1217	1037.9	20	8.27344
XM_026511531.3	2962	2782.9	22.6251	3.49064
XM_026511537.3	9636	9456.9	75.4863	3.42714
XM_026511538.3	9627	9447.9	76.5137	3.4771
XM_026511539.3	1573	1393.9	18	5.54438
XM_026511540.3	1060	880.905	78	38.0171
XM_026511541.3	3148	2968.9	1221	176.576
XM_026511542.3	9599	9419.9	0	0
XM_026511543.3	5056	4876.9	123.083	10.836
XM_026511544.3	4858	4678.9	11.9166	1.0935
XM_026511545.3	4195	4015.9	88	9.40833
XM_026511547.3	10987	10807.9	2.03184	0.0807163
XM_026511552.3	1459	1279.9	20	6.70912
XM_026511553.3	1629	1449.9	71	21.0248
XM_026511554.3	1632	1452.9	0	0
XM_026511556.3	2306	2126.9	30.8233	6.22221
XM_026511562.3	3177	2997.9	639.012	91.5176
XM_026511563.3	7586	7406.9	10.7532	0.623323
XM_026511566.3	9354	9174.9	0	0
XM_026511567.3	7297	7117.9	17.8032	1.07389
XM_026511568.3	5794	5614.9	10	0.764665
XM_026511569.3	7432	7252.9	11	0.65117
XM_026511572.3	4550	4370.9	36.5526	3.59055
XM_026511573.3	9396	9216.9	0	0
XM_026511574.3	7657	7477.9	0	0
XM_026511576.3	3063	2883.9	1	0.148879
XM_026511577.3	9345	9165.9	0	0
XM_026511578.2	690	510.98	0	0
XM_026511579.3	9157	8977.9	18.012	0.861392
XM_026511580.3	762	582.98	0	0
XM_026511581.3	2347	2167.9	0	0
XM_026511583.3	9144	8964.9	0	0
XM_026511584.3	15540	15360.9	87.7462	2.45259
XM_026511585.3	15519	15339.9	0	0
XM_026511586.3	6905	6725.9	48	3.06411
XM_026511587.3	2406	2226.9	13.1767	2.5405
XM_026511588.3	7114	6934.9	184	11.3918
XM_026511589.3	4461	4281.9	6	0.601628
XM_026511590.3	8420	8240.9	0	0
XM_026511591.2	1089	909.905	1	0.471865
XM_026511592.3	1046	866.905	278	137.685
XM_026511593.2	1420	1240.9	0	0
XM_026511594.2	1080	900.905	0	0
XM_026511595.1	900	720.98	0	0
XM_026511597.2	393	215.567	0	0
XM_026511598.3	1504	1324.9	0	0
XM_026511599.3	10995	10815.9	28.0268	1.11256
XM_026511602.3	4600	4420.9	580	56.3288
XM_026511605.2	2151	1971.9	0	0
XM_026511606.3	1537	1357.9	1	0.316187
XM_026511607.2	399	221.393	0	0
XM_026511609.3	3542	3362.9	155	19.7893
XM_026511611.3	2029	1849.9	32	7.42701
XM_026511612.3	1669	1489.9	93.3289	26.895
XM_026511613.3	8452	8272.9	0	0
XM_026511614.3	8510	8330.9	0	0
XM_026511615.3	687	507.98	0	0
XM_026511617.3	698	518.98	0	0
XM_026511618.3	2182	2002.9	2	0.428729
XM_026511620.3	6434	6254.9	23.8435	1.63668
XM_026511623.3	6426	6246.9	0	0
XM_026511625.3	11908	11728.9	68.7244	2.51575
XM_026511629.3	11595	11415.9	0	0
XM_026511630.3	11382	11202.9	0	0
XM_026511631.3	5022	4842.9	4	0.354623
XM_026511632.3	10504	10324.9	86.0224	3.57716
XM_026511633.3	10198	10018.9	0	0
XM_026511634.3	4028	3848.9	24	2.67724
XM_026511635.3	4197	4017.9	0	0
XM_026511636.3	3586	3406.9	33	4.15879
XM_026511637.3	10118	9938.9	389.358	16.8199
XM_026511638.3	19983	19803.9	31.6192	0.68551
XM_026511639.3	2539	2359.9	0	0
XM_026511640.3	2382	2202.9	6	1.16942
XM_026511641.3	1969	1789.9	4	0.959497
XM_026511642.3	2574	2394.9	20	3.58555
XM_026511643.3	3503	3323.9	94	12.1421
XM_026511648.3	2580	2400.9	0	0
XM_026511651.3	4101	3921.9	40.6571	4.45095
XM_026511654.3	3815	3635.9	0	0
XM_026511656.3	4306	4126.9	40.1156	4.17351
XM_026511659.3	1875	1695.9	0	0
XM_026511661.3	3332	3152.9	7	0.953236
XM_026511662.3	936	756.98	0	0
XM_026511664.3	5739	5559.9	338	26.1013
XM_026511665.3	2696	2516.9	6	1.02352
XM_026511666.3	3687	3507.9	3	0.367187
XM_026511667.3	8021	7841.9	324.176	17.7489
XM_026511668.3	7428	7248.9	20.673	1.22446
XM_026511673.3	3230	3050.9	0	0
XM_026511679.3	5542	5362.9	3	0.240179
XM_026511682.3	3022	2842.9	79	11.931
XM_026511684.3	8278	8098.9	86.7205	4.59736
XM_026511688.3	3892	3712.9	0	0
XM_026511689.3	1432	1252.9	256	87.7274
XM_026511690.3	4184	4004.9	53	5.68195
XM_026511691.3	6153	5973.9	73.3749	5.27355
XM_026511692.3	1781	1601.9	0	0
XM_026511693.3	6199	6019.9	12.8071	0.913431
XM_026511696.3	5075	4895.9	0	0
XM_026511699.3	6455	6275.9	18.1489	1.24162
XM_026511700.3	2997	2817.9	0.851057	0.129672
XM_026511702.3	3073	2893.9	11	1.63201
XM_026511705.3	6119	5939.9	0	0
XM_026511706.3	8498	8318.9	56.0164	2.8911
XM_026511711.3	5111	4931.9	151.008	13.1462
XM_026511712.3	1632	1452.9	82	24.2321
XM_026511715.3	3870	3690.9	68.4933	7.96762
XM_026511720.3	5208	5028.9	0	0
XM_026511722.3	2633	2453.9	148.861	26.0458
XM_026511723.3	2185	2005.9	6.13856	1.31392
XM_026511724.3	5100	4920.9	126.844	11.0672
XM_026511725.2	753	573.98	0	0
XM_026511726.3	219	70.0428	0	0
XM_026511728.3	4108	3928.9	0	0
XM_026511729.3	3940	3760.9	0	0
XM_026511731.3	7962	7782.9	28.4818	1.57123
XM_026511732.3	8054	7874.9	0	0
XM_026511734.3	7986	7806.9	26.2629	1.44436
XM_026511740.3	8117	7937.9	87	4.70573
XM_026511743.3	2523	2343.9	0	0
XM_026511744.3	1023	843.905	0	0
XM_026511745.3	2844	2664.9	25.1526	4.05242
XM_026511746.3	2779	2599.9	30.8474	5.09418
XM_026511748.3	2307	2127.9	1	0.201772
XM_026511749.3	6428	6248.9	0	0
XM_026511750.3	5909	5729.9	27.5005	2.06066
XM_026511752.3	5998	5818.9	42.623	3.14497
XM_026511753.3	6096	5916.9	0.383561	0.0278326
XM_026511754.3	6000	5820.9	0.000201351	1.48517e-05
XM_026511755.3	5913	5733.9	0	0
XM_026511757.3	10961	10781.9	10.6704	0.424912
XM_026511758.3	10856	10676.9	0	0
XM_026511760.3	6299	6119.9	0	0
XM_026511763.3	4519	4339.9	28.7981	2.84903
XM_026511765.3	5807	5627.9	0	0
XM_026511766.3	10298	10118.9	104	4.41279
XM_026511769.3	6062	5882.9	0	0
XM_026511771.3	3315	3135.9	1.28534	0.175982
XM_026511772.3	2377	2197.9	0	0
XM_026511774.3	2377	2197.9	0	0
XM_026511775.3	865	685.98	1.71883	1.07581
XM_026511776.3	5108	4928.9	139	12.1082
XM_026511777.3	5540	5360.9	0	0
XM_026511781.3	3789	3609.9	25.2587	3.0042
XM_026511783.3	2923	2743.9	45	7.04137
XM_026511786.3	2791	2611.9	143	23.5067
XM_026511789.3	5772	5592.9	0	0
XM_026511790.3	5725	5545.9	0	0
XM_026511791.3	5544	5364.9	35	2.80104
XM_026511793.3	3245	3065.9	1	0.140041
XM_026511799.3	11805	11625.9	0	0
XM_026511800.3	11781	11601.9	173	6.40221
XM_026511801.3	6091	5911.9	1.51915e-07	1.10328e-08
XM_026511803.3	8328	8148.9	39.4806	2.08017
XM_026511804.3	6723	6543.9	25.9037	1.69956
XM_026511806.2	3715	3535.9	2.53656	0.308006
XM_026511808.3	19792	19612.9	52	1.13835
XM_026511811.3	1460	1280.9	24	8.04466
XM_026511814.3	2699	2519.9	1	0.170384
XM_026511821.3	4763	4583.9	217.829	20.403
XM_026511822.3	4379	4199.9	106	10.8363
XM_026511823.3	2650	2470.9	0	0
XM_026511824.3	1487	1307.9	0	0
XM_026511825.3	3798	3618.9	0	0
XM_026511826.3	5677	5497.9	18.0053	1.4061
XM_026511829.3	10272	10092.9	1436	61.0874
XM_026511830.3	4698	4518.9	122	11.5915
XM_026511831.3	3924	3744.9	0	0
XM_026511832.3	2674	2494.9	25	4.30229
XM_026511833.3	2338	2158.9	0	0
XM_026511834.3	7508	7328.9	79	4.62809
XM_026511836.3	3148	2968.9	37	5.3508
XM_026511839.3	1795	1615.9	53	14.0823
XM_026511840.3	2219	2039.9	0	0
XM_026511843.3	1782	1602.9	0	0
XM_026511844.3	3663	3483.9	33	4.06688
XM_026511846.3	27213	27033.9	169	2.68405
XM_026511847.2	363	186.702	0	0
XM_026511848.3	1554	1374.9	0	0
XM_026511849.3	4576	4396.9	11	1.07414
XM_026511851.3	8413	8233.9	41	2.13792
XM_026511852.2	909	729.98	0	0
XM_026511853.2	930	750.98	0	0
XM_026511854.3	930	750.98	0	0
XM_026511855.2	930	750.98	0	0
XM_026511856.1	921	741.98	0	0
XM_026511857.2	930	750.98	0	0
XM_026511858.2	1017	837.905	0	0
XM_026511859.3	1834	1654.9	41.5337	10.7756
XM_026511861.2	1227	1047.9	0	0
XM_026511862.1	1584	1404.9	0	0
XM_026511863.3	3132	2952.9	0	0
XM_026511864.3	6210	6030.9	8	0.569536
XM_026511865.3	1004	824.905	0	0
XM_026511866.2	1311	1131.9	0	0
XM_026511867.2	1269	1089.9	1	0.393935
XM_026511868.2	390	212.589	0	0
XM_026511869.3	21769	21589.9	50.718	1.00861
XM_026511870.2	1749	1569.9	0	0
XM_026511871.2	1032	852.905	0	0
XM_026511872.3	1263	1083.9	16744	6632.57
XM_026511874.3	917	737.98	0	0
XM_026511875.3	21766	21586.9	0.000638781	1.2705e-05
XM_026511877.2	1204	1024.9	0	0
XM_026511878.3	1004	824.905	0	0
XM_026511880.1	1179	999.905	0	0
XM_026511881.3	21667	21487.9	66.3872	1.32649
XM_026511883.3	2949	2769.9	0	0
XM_026511885.3	2613	2433.9	86.0886	15.1864
XM_026511888.3	2188	2008.9	0	0
XM_026511889.3	3429	3249.9	19	2.51013
XM_026511890.2	981	801.905	0	0
XM_026511892.3	921	741.98	0	0
XM_026511893.2	909	729.98	0	0
XM_026511894.2	1017	837.905	0	0
XM_026511895.3	2423	2243.9	7.99513	1.5298
XM_026511896.2	939	759.905	0	0
XM_026511897.3	7642	7462.9	4	0.230126
XM_026511900.3	4679	4499.9	1.4394e-05	1.37339e-06
XM_026511902.3	4134	3954.9	0	0
XM_026511903.3	4743	4563.9	22.2268	2.091
XM_026511904.3	4017	3837.9	4.65591e-08	5.20863e-09
XM_026511905.3	3963	3783.9	5	0.56734
XM_026511906.3	3902	3722.9	0	0
XM_026511907.3	17785	17605.9	1.63319	0.0398284
XM_026511908.3	17891	17711.9	53.024	1.28535
XM_026511910.3	2346	2166.9	0	0
XM_026511911.3	2313	2133.9	2.31755	0.466302
XM_026511912.3	2749	2569.9	5.68245	0.949362
XM_026511913.3	6284	6104.9	21.3526	1.50171
XM_026511914.3	3203	3023.9	0	0
XM_026511915.3	3139	2959.9	2.03669	0.295435
XM_026511918.3	6382	6202.9	2.01272e-08	1.39316e-09
XM_026511919.3	938	758.905	16.6931	9.44416
XM_026511920.3	2142	1962.9	66.5937	14.5662
XM_026511922.3	849	669.98	35	22.4295
XM_026511923.3	9248	9068.9	73.4243	3.47615
XM_026511925.3	9257	9077.9	20.122	0.951697
XM_026511926.3	10305	10125.9	0	0
XM_026511928.3	9176	8996.9	0	0
XM_026511929.3	2538	2358.9	8.06361	1.46768
XM_026511930.3	10233	10053.9	0	0
XM_026511936.3	9024	8844.9	0	0
XM_026511937.3	10081	9901.9	13.8289	0.599628
XM_026511938.3	8984	8804.9	0	0
XM_026511939.3	8993	8813.9	0	0
XM_026511941.3	1433	1253.9	283.377	97.0318
XM_026511942.3	1462	1282.9	330.623	110.65
XM_026511943.3	2342	2162.9	0	0
XM_026511944.3	3290	3110.9	80	11.0412
XM_026511945.3	2332	2152.9	43	8.57545
XM_026511950.3	1401	1221.9	0.0136668	0.00480222
XM_026511951.3	1397	1217.9	0.986333	0.347715
XM_026511952.3	3992	3812.9	1	0.112605
XM_026511953.3	6535	6355.9	0.256566	0.0173315
XM_026511954.3	6473	6293.9	0.159461	0.010878
XM_026511955.3	6471	6291.9	0.241424	0.0164745
XM_026511956.3	6404	6224.9	2.08577	0.143863
XM_026511957.3	6344	6164.9	0.866607	0.0603545
XM_026511958.3	6341	6161.9	1.63564	0.113969
XM_026511959.3	6332	6152.9	11.0176	0.76881
XM_026511960.3	4873	4693.9	10.9489	1.00149
XM_026511961.3	6655	6475.9	0.0386364	0.00256159
XM_026511963.3	2427	2247.9	0	0
XM_026511965.3	2286	2106.9	0	0
XM_026511966.3	2422	2242.9	0	0
XM_026511967.3	2423	2243.9	0	0
XM_026511968.3	2461	2281.9	0	0
XM_026511969.3	2375	2195.9	2	0.391048
XM_026511970.3	2456	2276.9	0	0
XM_026511971.3	2234	2054.9	0	0
XM_026511974.3	1810	1630.9	0	0
XM_026511975.3	4395	4215.9	94.9961	9.6745
XM_026511976.3	3037	2857.9	427	64.1495
XM_026511977.3	2977	2797.9	0	0
XM_026511979.3	2077	1897.9	0	0
XM_026511980.3	1940	1760.9	474.457	115.684
XM_026511981.3	2284	2104.9	56.3915	11.5026
XM_026511982.3	1858	1678.9	74.2331	18.9839
XM_026511983.3	2833	2653.9	1	0.161781
XM_026511984.2	1571	1391.9	0	0
XM_026511985.3	12110	11930.9	34	1.22354
XM_026511986.3	6712	6532.9	293.061	19.2604
XM_026511987.3	6747	6567.9	128.939	8.42892
XM_026511988.2	2157	1977.9	0	0
XM_026511989.3	2678	2498.9	12	2.06179
XM_026511990.3	4272	4092.9	0	0
XM_026511996.2	2176	1996.9	1	0.215009
XM_026512003.3	4477	4297.9	0	0
XM_026512004.3	5005	4825.9	40	3.55873
XM_026512005.3	5227	5047.9	1.3492	0.114757
XM_026512006.3	5191	5011.9	0.0168394	0.00144257
XM_026512007.3	5140	4960.9	8.18225	0.70815
XM_026512008.3	5104	4924.9	0.0966757	0.00842816
XM_026512009.3	5071	4891.9	0	0
XM_026512010.3	4960	4780.9	10.6383	0.955383
XM_026512011.3	7028	6848.9	0	0
XM_026512012.3	4957	4777.9	2.60978	0.23452
XM_026512013.3	4921	4741.9	0.0255496	0.00231337
XM_026512014.2	3937	3757.9	24.7414	2.82678
XM_026512015.3	4834	4654.9	0.162455	0.0149843
XM_026512016.3	3324	3144.9	12	1.63828
XM_026512017.3	2616	2436.9	0	0
XM_026512018.3	838	658.98	0	0
XM_026512019.3	798	618.98	8	5.54915
XM_026512020.3	1092	912.905	0	0
XM_026512021.3	6947	6767.9	87.5657	5.55512
XM_026512022.3	7232	7052.9	0	0
XM_026512023.3	7229	7049.9	0	0
XM_026512024.3	7163	6983.9	32.9212	2.02391
XM_026512026.3	3488	3308.9	22.1548	2.87473
XM_026512027.3	3485	3305.9	11.8725	1.54194
XM_026512028.3	3517	3337.9	0	0
XM_026512029.3	4010	3830.9	27.4343	3.07473
XM_026512030.3	2353	2173.9	0	0
XM_026512033.3	2634	2454.9	0	0
XM_026512036.3	7176	6996.9	0	0
XM_026512040.3	7173	6993.9	0	0
XM_026512045.3	2750	2570.9	12	2.00405
XM_026512046.3	2883	2703.9	0	0
XM_026512047.3	3101	2921.9	35	5.14299
XM_026512048.3	1866	1686.9	0	0
XM_026512049.3	5826	5646.9	432.627	32.894
XM_026512050.3	2438	2258.9	0	0
XM_026512052.3	3439	3259.9	2	0.263414
XM_026512054.3	14023	13843.9	0	0
XM_026512057.3	1281	1101.9	0	0
XM_026512061.3	1771	1591.9	0	0
XM_026512062.3	1525	1345.9	0	0
XM_026512064.3	3191	3011.9	1.87191	0.266844
XM_026512065.3	1582	1402.9	5.68372	1.73947
XM_026512066.3	4100	3920.9	27	2.95659
XM_026512068.3	1861	1681.9	6	1.53166
XM_026512069.3	9968	9788.9	1.39598e-07	6.12292e-09
XM_026512070.3	2945	2765.9	4	0.620921
XM_026512071.3	4246	4066.9	0	0
XM_026512072.3	2311	2131.9	0	0
XM_026512073.3	3822	3642.9	1.92372	0.226729
XM_026512075.3	2041	1861.9	2	0.461196
XM_026512077.3	1175	995.905	33	14.2269
XM_026512078.3	11004	10824.9	144.664	5.73787
XM_026512079.3	10999	10819.9	22.3607	0.887311
XM_026512080.3	10808	10628.9	16.9749	0.685697
XM_026512081.3	10731	10551.9	58.9371	2.39812
XM_026512084.3	6391	6211.9	103.753	7.17116
XM_026512085.3	6220	6040.9	28.247	2.00763
XM_026512086.3	10392	10212.9	0	0
XM_026512087.3	10387	10207.9	305.949	12.8684
XM_026512094.3	820	640.98	0	0
XM_026512095.3	13952	13772.9	121	3.77201
XM_026512096.3	13931	13751.9	0	0
XM_026512097.3	6663	6483.9	0	0
XM_026512103.3	8222	8042.9	4.23222e-07	2.25928e-08
XM_026512104.3	6800	6620.9	28	1.81574
XM_026512108.3	6649	6469.9	0	0
XM_026512109.3	6619	6439.9	90	6.00035
XM_026512110.3	2448	2268.9	8	1.51387
XM_026512111.3	3214	3034.9	0	0
XM_026512112.3	4130	3950.9	0	0
XM_026512113.3	2736	2556.9	3	0.503756
XM_026512114.3	2870	2690.9	0	0
XM_026512115.3	11405	11225.9	0	0
XM_026512119.3	5344	5164.9	0.43647	0.0362832
XM_026512128.3	4456	4276.9	81.7034	8.20208
XM_026512129.3	3087	2907.9	401	59.2076
XM_026512130.3	1090	910.905	53	24.9814
XM_026512131.3	4060	3880.9	0	0
XM_026512134.3	4527	4347.9	1.49775	0.147902
XM_026512136.3	2145	1965.9	0	0
XM_026512137.3	2071	1891.9	960	217.864
XM_026512138.3	5162	4982.9	39	3.36043
XM_026512140.3	5484	5304.9	0	0
XM_026512142.3	4053	3873.9	63	6.98241
XM_026512143.3	8030	7850.9	278	15.2033
XM_026512144.3	1618	1438.9	8.53818	2.54769
XM_026512146.3	3993	3813.9	25	2.81439
XM_026512147.3	4832	4652.9	172	15.8715
XM_026512148.3	653	473.98	226	204.721
XM_026512149.3	7875	7695.9	4	0.223159
XM_026512150.3	7682	7502.9	69.772	3.99268
XM_026512151.3	7593	7413.9	10.8064	0.625815
XM_026512152.3	7679	7499.9	433.75	24.8311
XM_026512153.3	7619	7439.9	643.097	37.1127
XM_026512154.3	7615	7435.9	674.993	38.9744
XM_026512155.3	4022	3842.9	0	0
XM_026512156.3	2839	2659.9	52.712	8.50858
XM_026512157.3	2964	2784.9	25	3.85428
XM_026512159.3	1688	1508.9	0	0
XM_026512160.3	2950	2770.9	0	0
XM_026512161.3	9959	9779.9	58.2741	2.55832
XM_026512162.3	2231	2051.9	0	0
XM_026512163.3	16717	16537.9	672.207	17.4516
XM_026512166.3	2614	2434.9	0	0
XM_026512168.3	1303	1123.9	76	29.0334
XM_026512172.3	2126	1946.9	0	0
XM_026512174.3	1528	1348.9	0	0
XM_026512178.3	1849	1669.9	8.97798	2.30834
XM_026512179.3	795	615.98	8.49131	5.91863
XM_026512180.3	836	656.98	0	0
XM_026512182.3	722	542.98	7.50869	5.93736
XM_026512186.3	1009	829.905	0	0
XM_026512188.3	724	544.98	0	0
XM_026512189.3	3153	2973.9	41.1975	5.94781
XM_026512190.3	3084	2904.9	0.802536	0.118617
XM_026512191.3	3552	3372.9	12	1.52753
XM_026512193.3	5384	5204.9	113	9.32136
XM_026512194.3	5281	5101.9	0	0
XM_026512195.3	5597	5417.9	153	12.1248
XM_026512196.3	3622	3442.9	0	0
XM_026512197.3	6242	6062.9	6.21518	0.440135
XM_026512199.3	6308	6128.9	0	0
XM_026512202.3	4291	4111.9	2.78482	0.290782
XM_026512203.3	1322	1142.9	11.3923	4.27972
XM_026512204.3	7137	6957.9	147	9.07094
XM_026512205.3	5255	5075.9	66	5.5827
XM_026512206.3	5184	5004.9	0	0
XM_026512207.3	1425	1245.9	12	4.13533
XM_026512208.3	3293	3113.9	0	0
XM_026512211.3	2326	2146.9	0	0
XM_026512212.3	2505	2325.9	10	1.84596
XM_026512214.3	3969	3789.9	0	0
XM_026512215.3	12240	12060.9	2	0.0711973
XM_026512216.3	2380	2200.9	46	8.97367
XM_026512217.3	2061	1881.9	0	0
XM_026512218.3	6314	6134.9	11	0.769836
XM_026512222.3	13113	12933.9	16.6545	0.552859
XM_026512223.3	14150	13970.9	0	0
XM_026512224.3	3953	3773.9	13.5919	1.54633
XM_026512225.3	3918	3738.9	15.4081	1.76937
XM_026512227.3	11957	11777.9	0	0
XM_026512228.3	13385	13205.9	0	0
XM_026512229.3	2399	2219.9	0	0
XM_026512230.3	2191	2011.9	0	0
XM_026512231.3	2246	2066.9	22	4.56999
XM_026512232.3	1680	1500.9	0	0
XM_026512233.3	3152	2972.9	11	1.58864
XM_026512235.3	5692	5512.9	0	0
XM_026512236.3	4094	3914.9	0	0
XM_026512237.3	6852	6672.9	55	3.53884
XM_026512239.3	5645	5465.9	36.9012	2.89862
XM_026512243.3	905	725.98	2.09879	1.24124
XM_026512244.3	831	651.98	0	0
XM_026512245.3	3719	3539.9	163.675	19.852
XM_026512246.1	999	819.905	0	0
XM_026512247.3	1900	1720.9	1862	464.554
XM_026512249.3	10068	9888.9	41.8566	1.81731
XM_026512250.3	10331	10151.9	116.431	4.92421
XM_026512251.3	10316	10136.9	0	0
XM_026512252.3	10126	9946.9	43.0676	1.85898
XM_026512254.3	8488	8308.9	16.2769	0.84109
XM_026512255.3	8103	7923.9	24.9202	1.35029
XM_026512256.3	7959	7779.9	8.80282	0.485804
XM_026512258.2	479	300.247	177	253.109
XM_026512259.3	703	523.98	0	0
XM_026512260.3	828	648.98	0	0
XM_026512261.2	636	456.98	0	0
XM_026512262.3	1644	1464.9	0	0
XM_026512264.2	380	202.901	0	0
XM_026512265.2	1242	1062.9	0	0
XM_026512267.2	406	228.259	0	0
XM_026512269.2	468	289.277	0	0
XM_026512270.2	642	462.98	0	0
XM_026512271.1	396	218.393	0	0
XM_026512272.3	6624	6444.9	35.4116	2.35908
XM_026512273.2	315	142.946	0	0
XM_026512274.2	1472	1292.9	0	0
XM_026512276.3	1344	1164.9	0	0
XM_026512277.3	1878	1698.9	0	0
XM_026512278.3	1769	1589.9	0	0
XM_026512280.3	2387	2207.9	1	0.194461
XM_026512281.3	912	732.98	10	5.85762
XM_026512282.3	6442	6262.9	31.5884	2.16554
XM_026512283.2	1149	969.905	0	0
XM_026512284.2	1212	1032.9	0	0
XM_026512285.1	906	726.98	0	0
XM_026512286.1	858	678.98	0	0
XM_026512287.3	2586	2406.9	0	0
XM_026512289.3	3067	2887.9	0	0
XM_026512290.1	345	170.118	0	0
XM_026512291.2	2052	1872.9	0	0
XM_026512294.3	931	751.98	0	0
XM_026512296.3	773	593.98	0	0
XM_026512299.3	1256	1076.9	0	0
XM_026512301.3	1355	1175.9	0	0
XM_026512302.3	831	651.98	0	0
XM_026512303.3	2278	2098.9	0	0
XM_026512308.3	6792	6612.9	100	6.49264
XM_026512309.2	3094	2914.9	0.0143529	0.00211412
XM_026512311.3	3356	3176.9	0	0
XM_026512312.3	2901	2721.9	0	0
XM_026512313.3	3102	2922.9	0	0
XM_026512314.3	1893	1713.9	32.9639	8.25783
XM_026512315.3	3312	3132.9	1	0.137046
XM_026512316.3	1668	1488.9	0	0
XM_026512317.3	398	220.393	121.777	237.236
XM_026512318.2	369	192.396	89.9988	200.842
XM_026512319.2	311	139.475	533.224	1641.45
XM_026512320.3	12882	12702.9	1.99995	0.0675974
XM_026512324.3	2984	2804.9	0.443261	0.0678507
XM_026512325.3	2977	2797.9	11.5567	1.77344
XM_026512327.3	1414	1234.9	11.568	4.02196
XM_026512329.3	3030	2850.9	31.1656	4.6936
XM_026512330.3	2235	2055.9	0	0
XM_026512331.3	4456	4276.9	10.8298	1.08719
XM_026512335.3	2885	2705.9	29.432	4.67004
XM_026512336.3	4457	4277.9	0	0
XM_026512340.3	3510	3330.9	15.3435	1.97776
XM_026512341.3	3442	3262.9	65.6565	8.63947
XM_026512342.3	3154	2974.9	7	1.01027
XM_026512343.3	4985	4805.9	329	29.3923
XM_026512347.3	10284	10104.9	15	0.637342
XM_026512354.3	1891	1711.9	0	0
XM_026512358.3	7052	6872.9	54.0977	3.3795
XM_026512359.3	8927	8747.9	88.7283	4.35483
XM_026512368.3	9808	9628.9	4.19895	0.187231
XM_026512369.3	9806	9626.9	5.50646	0.245583
XM_026512371.3	5788	5608.9	5.04398	0.386108
XM_026512372.3	1948	1768.9	4	0.970888
XM_026512374.3	2456	2276.9	279.505	52.7057
XM_026512376.3	3647	3467.9	2.79895	0.346531
XM_026512379.3	3337	3157.9	0.0567276	0.00771274
XM_026512390.3	1811	1631.9	0	0
XM_026512395.3	1907	1727.9	103.953	25.8303
XM_026512396.3	3131	2951.9	37.2444	5.41717
XM_026512397.3	6696	6516.9	2	0.131766
XM_026512399.3	3230	3050.9	23.695	3.33458
XM_026512401.3	3038	2858.9	9.99507	1.50106
XM_026512403.3	7817	7637.9	153.774	8.64414
XM_026512404.3	2342	2162.9	0	0
XM_026512405.3	2333	2153.9	0	0
XM_026512410.3	2612	2432.9	0	0
XM_026512411.3	3441	3261.9	7	0.921383
XM_026512413.3	4040	3860.9	0	0
XM_026512415.3	1258	1078.9	0	0
XM_026512416.3	8749	8569.9	44.9736	2.25318
XM_026512417.2	984	804.905	0	0
XM_026512418.3	2078	1898.9	359	81.1717
XM_026512419.3	18044	17864.9	52.4992	1.26173
XM_026512420.3	18074	17894.9	0	0
XM_026512424.3	18002	17822.9	119.501	2.87876
XM_026512425.3	1579	1399.9	452	138.629
XM_026512427.3	2362	2182.9	0	0
XM_026512429.3	7820	7640.9	4.96418	0.278943
XM_026512434.3	6173	5993.9	2.75701e-08	1.97489e-09
XM_026512435.3	6113	5933.9	59.0972	4.27602
XM_026512436.3	15058	14878.9	4.00007	0.115428
XM_026512437.3	13792	13612.9	0	0
XM_026512438.3	14587	14407.9	0	0
XM_026512439.3	13711	13531.9	1.88303e-07	5.97463e-09
XM_026512440.3	13630	13450.9	0	0
XM_026512441.3	13618	13438.9	0	0
XM_026512442.3	13603	13423.9	39.3624	1.25897
XM_026512443.3	13603	13423.9	0	0
XM_026512444.3	13414	13234.9	0	0
XM_026512445.3	13375	13195.9	12.9274	0.420615
XM_026512446.3	13363	13183.9	0	0
XM_026512448.3	12997	12817.9	13.7486	0.460527
XM_026512449.3	12946	12766.9	9.31086e-07	3.13125e-08
XM_026512450.3	1866	1686.9	6.90476	1.7574
XM_026512452.3	1077	897.905	0	0
XM_026512454.3	2414	2234.9	0.00987397	0.00189691
XM_026512455.3	4862	4682.9	0	0
XM_026512456.3	6513	6333.9	0	0
XM_026512457.3	3815	3635.9	2.99718	0.353927
XM_026512458.3	3664	3484.9	35.3904	4.36022
XM_026512459.3	3533	3353.9	0	0
XM_026512460.3	5260	5080.9	0	0
XM_026512461.3	2442	2262.9	12	2.27682
XM_026512462.3	3887	3707.9	48.1603	5.57665
XM_026512463.3	955	775.905	0	0
XM_026512464.3	2006	1826.9	0	0
XM_026512466.3	1718	1538.9	0	0
XM_026512468.3	5456	5276.9	204	16.5983
XM_026512470.3	5436	5256.9	3.34791e-08	2.73437e-09
XM_026512471.3	5401	5221.9	2.3552e-07	1.93648e-08
XM_026512473.3	5379	5199.9	5.81863e-05	4.8044e-06
XM_026512474.3	5073	4893.9	731.046	64.1361
XM_026512477.3	6268	6088.9	0	0
XM_026512480.3	2797	2617.9	4.76332	0.781213
XM_026512482.3	9133	8953.9	399	19.1326
XM_026512484.3	834	654.98	1	0.655519
XM_026512485.3	4194	4014.9	40.1734	4.29612
XM_026512486.3	4267	4087.9	141.827	14.896
XM_026512487.3	3229	3049.9	31	4.36404
XM_026512488.3	2732	2552.9	42	7.06363
XM_026512490.3	5625	5445.9	0	0
XM_026512491.3	5792	5612.9	273.964	20.9565
XM_026512492.3	1368	1188.9	143.063	51.6646
XM_026512493.3	1364	1184.9	44.9373	16.2831
XM_026512494.3	3155	2975.9	0.000102407	1.47749e-05
XM_026512495.3	3130	2950.9	6.18922	0.900521
XM_026512496.3	3006	2826.9	0	0
XM_026512499.3	3073	2893.9	0	0
XM_026512501.3	6629	6449.9	0	0
XM_026512502.3	6376	6196.9	101	6.99778
XM_026512503.3	619	439.98	0	0
XM_026512504.3	1611	1431.9	59.4114	17.8143
XM_026512505.3	8266	8086.9	41.0737	2.1807
XM_026512507.3	2990	2810.9	0	0
XM_026512508.3	2879	2699.9	0	0
XM_026512509.3	2720	2540.9	0	0
XM_026512511.3	5546	5366.9	3.57794	0.286235
XM_026512515.3	10137	9957.9	40	1.72467
XM_026512532.3	1804	1624.9	0.00639848	0.00169068
XM_026512533.3	1795	1615.9	8.9936	2.38963
XM_026512536.3	2427	2247.9	0	0
XM_026512537.3	6756	6576.9	0	0
XM_026512538.3	6419	6239.9	25	1.72019
XM_026512539.3	2274	2094.9	5.20175	1.0661
XM_026512540.3	13389	13209.9	0.0434678	0.0014128
XM_026512541.3	13386	13206.9	177.957	5.78531
XM_026512542.3	13298	13118.9	0	0
XM_026512544.3	6899	6719.9	22.0298	1.40754
XM_026512546.3	2382	2202.9	0	0
XM_026512548.3	9898	9718.9	17.7818	0.785546
XM_026512552.3	1121	941.905	0	0
XM_026512553.3	9660	9480.9	20.781	0.941088
XM_026512554.3	9675	9495.9	110.256	4.98516
XM_026512555.3	2647	2467.9	114.886	19.9871
XM_026512557.3	2581	2401.9	25.4817	4.55498
XM_026512558.3	2583	2403.9	0	0
XM_026512560.3	8457	8277.9	76.1684	3.95064
XM_026512561.3	8505	8325.9	0.0402627	0.00207627
XM_026512571.3	1934	1754.9	0	0
XM_026512579.3	2316	2136.9	23.1283	4.64699
XM_026512580.3	2496	2316.9	12.8717	2.38529
XM_026512581.3	7314	7134.9	20.985	1.2628
XM_026512583.3	10598	10418.9	73	3.00825
XM_026512584.3	10441	10261.9	0	0
XM_026512585.3	1094	914.905	0	0
XM_026512586.3	5860	5680.9	25.2532	1.90859
XM_026512587.3	5663	5483.9	0.102506	0.00802553
XM_026512589.3	5635	5455.9	81.6443	6.42499
XM_026512590.3	5520	5340.9	0	0
XM_026512591.3	6278	6098.9	4	0.281593
XM_026512595.3	1350	1170.9	0	0
XM_026512603.3	5522	5342.9	54.1282	4.3497
XM_026512607.3	738	558.98	0	0
XM_026512615.3	1913	1733.9	0	0
XM_026512616.3	1626	1446.9	0	0
XM_026512617.3	1907	1727.9	0	0
XM_026512618.3	1907	1727.9	0	0
XM_026512619.3	1906	1726.9	0	0
XM_026512621.2	639	459.98	0	0
XM_026512627.3	3316	3136.9	5	0.684356
XM_026512628.3	4923	4743.9	203.392	18.4082
XM_026512632.3	2623	2443.9	4.84081	0.850447
XM_026512633.3	1853	1673.9	0	0
XM_026512635.3	2846	2666.9	0	0
XM_026512636.2	2950	2770.9	0	0
XM_026512637.3	5772	5592.9	126	9.67267
XM_026512641.3	1746	1566.9	0	0
XM_026512642.3	755	575.98	4	2.98171
XM_026512645.3	1857	1677.9	0	0
XM_026512646.3	2673	2493.9	8	1.37728
XM_026512647.3	2293	2113.9	0	0
XM_026512648.3	2360	2180.9	0	0
XM_026512649.3	2361	2181.9	0	0
XM_026512651.3	2392	2212.9	0	0
XM_026512653.3	4329	4149.9	2	0.206921
XM_026512655.3	7306	7126.9	367	22.1095
XM_026512657.3	1807	1627.9	0	0
XM_026512658.3	7910	7730.9	19.5719	1.08697
XM_026512662.3	3363	3183.9	6	0.809105
XM_026512663.3	2299	2119.9	0	0
XM_026512664.3	2262	2082.9	38	7.83299
XM_026512667.2	1621	1441.9	0	0
XM_026512669.3	1623	1443.9	0	0
XM_026512670.2	1642	1462.9	0	0
XM_026512671.3	1597	1417.9	0	0
XM_026512672.3	1590	1410.9	48	14.6069
XM_026512673.3	1817	1637.9	0	0
XM_026512679.3	2775	2595.9	0	0
XM_026512683.3	2532	2352.9	0	0
XM_026512684.3	2598	2418.9	5.44521	0.966517
XM_026512685.3	2523	2343.9	64.0978	11.7413
XM_026512688.3	1882	1702.9	5.176	1.30502
XM_026512689.3	1861	1681.9	10.6693	2.72362
XM_026512691.3	2681	2501.9	17.5073	3.00442
XM_026512692.3	2060	1880.9	0	0
XM_026512693.3	2020	1840.9	5.42486	1.26523
XM_026512695.3	2806	2626.9	68	11.1142
XM_026512697.3	5343	5163.9	56.9898	4.7384
XM_026512699.3	5340	5160.9	0	0
XM_026512701.3	1498	1318.9	0	0
XM_026512702.3	2491	2311.9	1.30622	0.242582
XM_026512703.2	721	541.98	1.69378	1.3418
XM_026512704.3	3983	3803.9	139	15.6891
XM_026512706.3	2625	2445.9	0	0
XM_026512707.3	826	646.98	4	2.6545
XM_026512709.2	706	526.98	1	0.81474
XM_026512711.3	4403	4223.9	0	0
XM_026512712.3	2891	2711.9	0	0
XM_026512713.3	2795	2615.9	0	0
XM_026512714.3	2782	2602.9	4.00041	0.659872
XM_026512715.3	4313	4133.9	0	0
XM_026512716.3	2304	2124.9	0	0
XM_026512717.3	3774	3594.9	596.939	71.2945
XM_026512718.3	3141	2961.9	12.3929	1.79645
XM_026512719.3	2663	2483.9	1.61881	0.279817
XM_026512721.3	2160	1980.9	0	0
XM_026512722.3	6321	6141.9	76	5.31281
XM_026512723.3	1671	1491.9	0	0
XM_026512724.3	3300	3120.9	740.208	101.833
XM_026512725.3	3674	3494.9	27.3172	3.35594
XM_026512728.3	3142	2962.9	13.0404	1.88967
XM_026512731.3	3911	3731.9	0	0
XM_026512733.3	1527	1347.9	2.85012	0.907857
XM_026512734.3	1815	1635.9	2.14988	0.564247
XM_026512735.3	2827	2647.9	56	9.08028
XM_026512736.3	1253	1073.9	0	0
XM_026512738.2	551	372.056	1309	1510.59
XM_026512739.3	3602	3422.9	13	1.63065
XM_026512740.3	1431	1251.9	47.0124	16.1233
XM_026512741.3	1136	956.905	38.899	17.4535
XM_026512742.3	740	560.98	1.19564	0.915097
XM_026512745.3	3853	3673.9	0	0
XM_026512747.3	5429	5249.9	0	0
XM_026512748.3	3424	3244.9	11.4056	1.50915
XM_026512749.3	5174	4994.9	53.7837	4.62314
XM_026512750.3	5142	4962.9	0	0
XM_026512751.3	5104	4924.9	47.2163	4.1163
XM_026512755.3	5761	5581.9	0	0
XM_026512757.3	1067	887.905	0	0
XM_026512758.3	3999	3819.9	0	0
XM_026512759.3	3996	3816.9	0	0
XM_026512764.3	2080	1900.9	24	5.42081
XM_026512765.3	782	602.98	31	22.0735
XM_026512766.3	846	666.98	11	7.08098
XM_026512768.3	5165	4985.9	0	0
XM_026512769.3	3231	3051.9	0	0
XM_026512771.3	2680	2500.9	3.80944e-08	6.53999e-09
XM_026512772.3	3286	3106.9	0	0
XM_026512773.3	5331	5151.9	0	0
XM_026512774.3	2834	2654.9	0.759026	0.12275
XM_026512775.3	2788	2608.9	0.217397	0.0357773
XM_026512776.3	2825	2645.9	0	0
XM_026512777.3	2370	2190.9	25.6263	5.02199
XM_026512778.3	1559	1379.9	4.49883	1.39979
XM_026512779.3	1587	1407.9	0	0
XM_026512780.3	1862	1682.9	148.501	37.8864
XM_026512781.3	1835	1655.9	32	8.29713
XM_026512782.3	2190	2010.9	57	12.1702
XM_026512783.3	2215	2035.9	0	0
XM_026512786.3	1419	1239.9	7.1411	2.47281
XM_026512787.3	1917	1737.9	10.3294	2.55189
XM_026512788.3	1702	1522.9	0	0
XM_026512789.3	1799	1619.9	20.3256	5.38726
XM_026512790.3	1716	1536.9	28.2039	7.87908
XM_026512791.3	1672	1492.9	3	0.862785
XM_026512793.3	3024	2844.9	11	1.66012
XM_026512796.3	1068	888.905	0	0
XM_026512797.3	951	771.905	1	0.556224
XM_026512798.3	4032	3852.9	0.614905	0.0685225
XM_026512800.3	5645	5465.9	0	0
XM_026512801.3	5502	5322.9	10.0981	0.814529
XM_026512802.3	3122	2942.9	720	105.044
XM_026512803.3	4714	4534.9	158.374	14.9944
XM_026512804.3	4711	4531.9	79.1908	7.50252
XM_026512805.3	2586	2406.9	24.435	4.3588
XM_026512806.3	2583	2403.9	1.68821e-06	3.01524e-07
XM_026512807.3	4028	3848.9	2.38509	0.266061
XM_026512808.3	3810	3630.9	0	0
XM_026512809.3	3567	3387.9	11.2986	1.43188
XM_026512810.3	5272	5092.9	470.701	39.682
XM_026512811.3	5116	4936.9	0	0
XM_026512812.3	2561	2381.9	0	0
XM_026512815.3	3054	2874.9	0	0
XM_026512816.2	489	310.186	0	0
XM_026512817.3	1665	1485.9	35	10.1132
XM_026512818.3	3111	2931.9	0	0
XM_026512819.3	3111	2931.9	28	4.10036
XM_026512820.3	2884	2704.9	3	0.476193
XM_026512821.3	3386	3206.9	2	0.267767
XM_026512822.3	2229	2049.9	89	18.641
XM_026512823.3	3416	3236.9	42.7465	5.67002
XM_026512824.3	3538	3358.9	81.8571	10.4634
XM_026512826.3	2393	2213.9	141.999	27.5384
XM_026512827.2	2347	2167.9	0.00149942	0.000296958
XM_026512828.2	2199	2019.9	0	0
XM_026512830.3	3470	3290.9	6	0.782797
XM_026512831.3	3290	3110.9	0	0
XM_026512834.3	4393	4213.9	71.9827	7.33427
XM_026512836.3	4380	4200.9	0	0
XM_026512837.3	4350	4170.9	0	0
XM_026512838.3	6116	5936.9	6.0151	0.435007
XM_026512839.2	1832	1652.9	0	0
XM_026512841.3	2778	2598.9	11	1.81725
XM_026512843.3	1409	1229.9	15	5.23641
XM_026512844.3	1801	1621.9	7	1.85305
XM_026512845.3	7135	6955.9	19.0051	1.17309
XM_026512846.3	7148	6968.9	0	0
XM_026512852.3	1308	1128.9	561	213.363
XM_026512853.3	1643	1463.9	0	0
XM_026512854.3	5130	4950.9	26	2.25477
XM_026512855.3	1624	1444.9	0	0
XM_026512856.3	1622	1442.9	0	0
XM_026512857.3	1413	1233.9	0	0
XM_026512859.3	1858	1678.9	0	0
XM_026512860.3	1617	1437.9	0	0
XM_026512861.3	2728	2548.9	0	0
XM_026512863.3	1618	1438.9	0	0
XM_026512864.3	1556	1376.9	0	0
XM_026512867.2	1430	1250.9	0	0
XM_026512868.3	677	497.98	0	0
XM_026512869.3	1454	1274.9	0	0
XM_026512870.3	746	566.98	0	0
XM_026512872.3	4242	4062.9	0	0
XM_026512873.3	4354	4174.9	0	0
XM_026512877.3	1503	1323.9	0	0
XM_026512878.3	1664	1484.9	1	0.289144
XM_026512880.3	1904	1724.9	0	0
XM_026512881.3	1587	1407.9	0	0
XM_026512882.3	4953	4773.9	101	9.08366
XM_026512883.3	1863	1683.9	0	0
XM_026512885.3	1825	1645.9	0	0
XM_026512887.3	888	708.98	0	0
XM_026512890.3	4361	4181.9	0	0
XM_026512891.3	2162	1982.9	32	6.92886
XM_026512893.3	858	678.98	0	0
XM_026512894.3	1757	1577.9	0	0
XM_026512896.3	3325	3145.9	0	0
XM_026512897.3	3224	3044.9	21.646	3.05223
XM_026512898.3	3287	3107.9	9.35401	1.29224
XM_026512899.3	2688	2508.9	0	0
XM_026512901.3	2679	2499.9	0	0
XM_026512902.3	5612	5432.9	46	3.63529
XM_026512904.3	3824	3644.9	3	0.353385
XM_026512905.3	968	788.905	67	36.464
XM_026512906.3	4949	4769.9	117	10.5315
XM_026512907.3	4571	4391.9	84	8.21183
XM_026512908.3	4519	4339.9	0	0
XM_026512909.3	3578	3398.9	0	0
XM_026512910.3	3620	3440.9	0	0
XM_026512911.3	3521	3341.9	1.97299	0.25348
XM_026512913.3	2121	1941.9	67.5445	14.934
XM_026512914.3	2814	2634.9	63	10.2657
XM_026512915.3	2430	2250.9	339	64.663
XM_026512917.3	7277	7097.9	8.2532e-08	4.99235e-09
XM_026512925.2	981	801.905	0	0
XM_026512927.3	7034	6854.9	9.67366	0.605903
XM_026512928.3	2161	1981.9	121.755	26.3766
XM_026512933.3	6533	6353.9	0	0
XM_026512934.3	1087	907.905	6.32634	2.99175
XM_026512935.3	6511	6331.9	0	0
XM_026512937.3	1608	1428.9	0	0
XM_026512940.3	5042	4862.9	114.421	10.1024
XM_026512941.3	4872	4692.9	73.5787	6.73169
XM_026512943.3	427	248.808	25	43.141
XM_026512944.3	2729	2549.9	58.5519	9.85895
XM_026512945.3	2904	2724.9	0	0
XM_026512946.3	2911	2731.9	0	0
XM_026512948.3	2182	2002.9	9	1.92928
XM_026512949.3	2819	2639.9	6998	1138.15
XM_026512952.3	16378	16198.9	1.43135e-06	3.79379e-08
XM_026512953.3	20834	20654.9	0	0
XM_026512954.3	16351	16171.9	21.8197	0.579298
XM_026512955.3	2048	1868.9	6	1.37841
XM_026512956.3	6519	6339.9	127	8.60071
XM_026512962.3	5458	5278.9	32.0271	2.60487
XM_026512965.2	1485	1305.9	1	0.328777
XM_026512966.3	8512	8332.9	77	3.96742
XM_026512967.3	8715	8535.9	0	0
XM_026512970.3	1466	1286.9	2	0.667263
XM_026512971.3	719	539.98	2392	1901.94
XM_026512974.3	1958	1778.9	28.942	6.98537
XM_026512975.3	1846	1666.9	170.233	43.8477
XM_026512976.3	1851	1671.9	1	0.256804
XM_026512983.3	1328	1148.9	3	1.12112
XM_026512986.3	1898	1718.9	0	0
XM_026512987.3	2765	2585.9	13	2.15846
XM_026512990.3	1704	1524.9	0	0
XM_026512991.3	2066	1886.9	0	0
XM_026512992.3	1557	1377.9	0	0
XM_026512993.3	3706	3526.9	10.4656	1.27404
XM_026512994.3	3369	3189.9	33.6424	4.52817
XM_026512995.3	532	353.091	2948	3584.71
XM_026512996.3	576	396.98	3	3.24463
XM_026512997.3	3276	3096.9	1	0.138639
XM_026512998.3	3003	2823.9	20	3.04084
XM_026512999.3	7162	6982.9	118.791	7.30399
XM_026513000.3	4192	4012.9	321	34.3447
XM_026513001.3	5004	4824.9	7.19606e-08	6.40353e-09
XM_026513003.3	3761	3581.9	0	0
XM_026513005.3	2492	2312.9	0	0
XM_026513006.3	654	474.98	31	28.022
XM_026513008.3	799	619.98	147	101.801
XM_026513010.3	3189	3009.9	12	1.71176
XM_026513012.3	8012	7832.9	19.0855	1.04615
XM_026513013.3	7908	7728.9	0	0
XM_026513014.3	8115	7935.9	30.9145	1.67255
XM_026513015.3	7870	7690.9	1	0.0558259
XM_026513017.3	3913	3733.9	251.643	28.9357
XM_026513018.3	7371	7191.9	187.524	11.1951
XM_026513019.3	5344	5164.9	436	36.2441
XM_026513020.3	3583	3403.9	0	0
XM_026513022.3	3398	3218.9	4	0.533538
XM_026513025.3	2138	1958.9	0	0
XM_026513026.3	3704	3524.9	0.000415861	5.06541e-05
XM_026513031.3	1489	1309.9	6	1.96664
XM_026513034.2	1093	913.905	0	0
XM_026513035.3	2397	2217.9	71	13.7445
XM_026513036.3	2551	2371.9	0	0
XM_026513037.3	3325	3145.9	2	0.272959
XM_026513038.3	2823	2643.9	300.643	48.8224
XM_026513040.3	1891	1711.9	16.3039	4.08907
XM_026513041.3	1955	1775.9	17.4609	4.22144
XM_026513042.3	946	766.905	36.6738	20.5318
XM_026513043.3	4101	3921.9	1180.2	129.203
XM_026513044.3	4122	3942.9	0.0768826	0.00837192
XM_026513045.3	4068	3888.9	367.049	40.5238
XM_026513046.3	4041	3861.9	299.194	33.2633
XM_026513047.3	8715	8535.9	58	2.91737
XM_026513050.3	2193	2013.9	12	2.55833
XM_026513052.3	5623	5443.9	18	1.41963
XM_026513054.3	1941	1761.9	0	0
XM_026513056.3	1158	978.905	1	0.438604
XM_026513064.3	837	657.98	0	0
XM_026513065.3	937	757.905	0	0
XM_026513067.3	785	605.98	0	0
XM_026513068.3	782	602.98	0	0
XM_026513069.3	1373	1193.9	3	1.07886
XM_026513071.3	753	573.98	0	0
XM_026513073.3	2676	2496.9	0	0
XM_026513074.3	2293	2113.9	662.713	134.603
XM_026513075.3	2373	2193.9	0	0
XM_026513076.3	4354	4174.9	191	19.6427
XM_026513077.3	3883	3703.9	0	0
XM_026513078.3	964	784.905	61	33.3677
XM_026513080.3	625	445.98	481.812	463.848
XM_026513081.2	593	413.98	101.302	105.064
XM_026513082.3	2098	1918.9	0	0
XM_026513086.3	3897	3717.9	181.862	21.0018
XM_026513087.3	1588	1408.9	0	0
XM_026513090.3	1566	1386.9	0	0
XM_026513096.3	4236	4056.9	0	0
XM_026513097.3	1255	1075.9	6.59541	2.63197
XM_026513098.2	1016	836.905	0	0
XM_026513099.3	1209	1029.9	5.68989	2.37203
XM_026513100.3	2343	2163.9	1	0.198415
XM_026513103.3	6174	5994.9	0	0
XM_026513105.3	5634	5454.9	0	0
XM_026513107.3	1814	1634.9	184	48.3213
XM_026513108.3	3861	3681.9	7	0.81628
XM_026513109.3	997	817.905	0	0
XM_026513110.3	4234	4054.9	67.8712	7.18652
XM_026513111.3	4209	4029.9	26.1288	2.7838
XM_026513112.3	11942	11762.9	13.8714	0.506311
XM_026513113.3	11094	10914.9	22.3004	0.877215
XM_026513114.3	3932	3752.9	32.1381	3.67677
XM_026513115.3	4293	4113.9	2	0.208732
XM_026513117.3	3932	3752.9	63	7.20753
XM_026513118.3	1706	1526.9	53	14.9031
XM_026513123.3	4774	4594.9	32	2.99011
XM_026513124.3	2934	2754.9	0	0
XM_026513125.3	2296	2116.9	107.003	21.7025
XM_026513126.3	2282	2102.9	7.99675	1.6327
XM_026513127.3	1404	1224.9	748	262.188
XM_026513128.3	4806	4626.9	29.8161	2.76678
XM_026513129.3	4496	4316.9	1.18389	0.117747
XM_026513130.3	3524	3344.9	31	3.97916
XM_026513131.3	659	479.98	58	51.8822
XM_026513132.2	933	753.98	0	0
XM_026513133.3	4245	4065.9	10.0659	1.06294
XM_026513136.3	2016	1836.9	0	0
XM_026513137.3	1728	1548.9	8	2.21758
XM_026513138.3	4718	4538.9	30	2.83781
XM_026513139.3	6483	6303.9	5.15982	0.351429
XM_026513140.3	2447	2267.9	0	0
XM_026513141.3	1349	1169.9	1.00041	0.367147
XM_026513143.3	3008	2828.9	3	0.45532
XM_026513147.3	2629	2449.9	65	11.3914
XM_026513151.3	2269	2089.9	0	0
XM_026513153.3	7218	7038.9	0	0
XM_026513154.3	5873	5693.9	3	0.226217
XM_026513157.3	3459	3279.9	158	20.6828
XM_026513158.3	3449	3269.9	0	0
XM_026513159.3	7518	7338.9	25.3571	1.48348
XM_026513163.3	8931	8751.9	0	0
XM_026513164.3	6090	5910.9	8	0.581098
XM_026513165.3	2337	2157.9	332	66.0571
XM_026513166.3	8603	8423.9	254.726	12.983
XM_026513168.3	8565	8385.9	0	0
XM_026513169.3	8735	8555.9	0	0
XM_026513170.3	8698	8518.9	0	0
XM_026513173.3	3369	3189.9	0	0
XM_026513174.3	3366	3186.9	0	0
XM_026513175.3	3385	3205.9	10.6225	1.42263
XM_026513176.3	3387	3207.9	4.70728	0.630031
XM_026513177.3	3433	3253.9	19.9877	2.63738
XM_026513178.3	3289	3109.9	0	0
XM_026513179.3	3408	3228.9	0	0
XM_026513180.3	3228	3048.9	0	0
XM_026513181.3	3257	3077.9	0	0
XM_026513182.3	1904	1724.9	116.525	29.0047
XM_026513183.3	556	377.018	63.5351	72.3544
XM_026513184.3	701	521.98	117.465	96.6201
XM_026513185.3	772	592.98	10.8243	7.83745
XM_026513186.3	758	578.98	18.1757	13.4784
XM_026513187.3	3201	3021.9	0.214772	0.0305148
XM_026513188.3	5525	5345.9	4.82208	0.387281
XM_026513193.3	2160	1980.9	0	0
XM_026513194.3	1744	1564.9	124	34.021
XM_026513195.3	10501	10321.9	0	0
XM_026513196.3	10497	10317.9	0	0
XM_026513198.3	10731	10551.9	14.4004	0.585947
XM_026513201.3	1787	1607.9	0	0
XM_026513202.3	4743	4563.9	10.6871	1.00539
XM_026513205.3	794	614.98	1.91248	1.33521
XM_026513207.3	1104	924.905	0	0
XM_026513209.3	3562	3382.9	0	0
XM_026513210.3	1125	945.905	1	0.453906
XM_026513211.3	1812	1632.9	0	0
XM_026513215.3	1074	894.905	2	0.959548
XM_026513218.2	2058	1878.9	0	0
XM_026513220.3	2204	2024.9	4.5953	0.974368
XM_026513223.3	1604	1424.9	1	0.30132
XM_026513224.3	2883	2703.9	0	0
XM_026513225.3	2434	2254.9	0	0
XM_026513229.2	1132	952.905	0	0
XM_026513231.2	1386	1206.9	0	0
XM_026513237.2	498	319.091	0	0
XM_026513238.3	1886	1706.9	0	0
XM_026513239.3	2184	2004.9	0	0
XM_026513240.1	1047	867.905	0	0
XM_026513241.2	933	753.98	0	0
XM_026513242.3	1520	1340.9	0	0
XM_026513244.3	1778	1598.9	23.1663	6.22082
XM_026513247.1	570	390.98	0	0
XM_026513249.3	2544	2364.9	0	0
XM_026513250.2	1050	870.905	0	0
XM_026513252.1	1035	855.905	0	0
XM_026513253.1	1050	870.905	0	0
XM_026513254.1	1029	849.905	0	0
XM_026513255.3	1887	1707.9	0	0
XM_026513256.1	1035	855.905	0	0
XM_026513258.2	804	624.98	0	0
XM_026513259.1	342	167.307	0	0
XM_026513261.1	426	247.808	0	0
XM_026513263.1	570	390.98	0	0
XM_026513265.3	3715	3535.9	5	0.607132
XM_026513266.3	1203	1023.9	0	0
XM_026513267.3	3748	3568.9	0	0
XM_026513268.3	7912	7732.9	0	0
XM_026513269.3	7865	7685.9	0	0
XM_026513271.3	7798	7618.9	0	0
XM_026513272.3	7794	7614.9	68.3533	3.85397
XM_026513273.3	7810	7630.9	0	0
XM_026513274.1	381	203.84	0	0
XM_026513275.3	9404	9224.9	56.4806	2.62876
XM_026513278.3	9303	9123.9	16.5194	0.777368
XM_026513280.3	4076	3896.9	108	11.8992
XM_026513281.3	1041	861.905	0	0
XM_026513284.3	438	259.551	0	0
XM_026513285.3	3259	3079.9	2.04956	0.285717
XM_026513286.3	3235	3055.9	0	0
XM_026513287.2	1080	900.905	0	0
XM_026513288.3	4584	4404.9	144	14.0359
XM_026513289.3	484	305.217	32	45.0148
XM_026513290.2	2265	2085.9	0	0
XM_026513291.2	2199	2019.9	2	0.425121
XM_026513293.3	5979	5799.9	40.5846	3.00437
XM_026513294.3	1896	1716.9	0	0
XM_026513295.3	1835	1655.9	3	0.777856
XM_026513297.3	4476	4296.9	6	0.599527
XM_026513299.3	1798	1618.9	78	20.6865
XM_026513300.3	2047	1867.9	116	26.6635
XM_026513301.3	2050	1870.9	0	0
XM_026513302.3	6103	5923.9	26.8955	1.94933
XM_026513303.3	5869	5689.9	29.9397	2.25921
XM_026513305.3	6082	5902.9	0	0
XM_026513306.3	6001	5821.9	14.979	1.10466
XM_026513307.3	5947	5767.9	0	0
XM_026513308.1	459	280.391	0	0
XM_026513309.3	2549	2369.9	54	9.7831
XM_026513310.3	7093	6913.9	28.8878	1.79392
XM_026513311.3	6959	6779.9	128.728	8.15198
XM_026513313.3	3455	3275.9	22	2.8834
XM_026513314.3	3308	3128.9	0	0
XM_026513317.3	12376	12196.9	318.096	11.1975
XM_026513318.3	13051	12871.9	0	0
XM_026513320.3	3208	3028.9	584.862	82.9051
XM_026513321.3	3171	2991.9	228.138	32.7388
XM_026513322.3	7453	7273.9	0	0
XM_026513323.3	7434	7254.9	0	0
XM_026513324.3	7419	7239.9	1.0799	0.0640421
XM_026513325.3	7399	7219.9	39.9201	2.37396
XM_026513326.1	588	408.98	0	0
XM_026513327.3	7383	7203.9	0	0
XM_026513328.3	7365	7185.9	0	0
XM_026513329.3	7470	7290.9	0	0
XM_026513331.3	7544	7364.9	4.92543	0.287138
XM_026513333.3	1635	1455.9	0	0
XM_026513334.3	7232	7052.9	25.5546	1.55566
XM_026513335.3	2548	2368.9	6	1.08747
XM_026513337.3	1743	1563.9	0	0
XM_026513339.3	2567	2387.9	2	0.359606
XM_026513340.3	5222	5042.9	62.0223	5.28057
XM_026513341.3	5603	5423.9	0	0
XM_026513342.3	5441	5261.9	0	0
XM_026513343.3	5468	5288.9	81.824	6.64245
XM_026513344.3	5447	5267.9	22.176	1.80742
XM_026513345.3	5285	5105.9	0	0
XM_026513347.3	5333	5153.9	0.281191	0.023425
XM_026513348.3	1863	1683.9	0	0
XM_026513350.3	1906	1726.9	24.3624	6.0571
XM_026513351.2	1905	1725.9	7.71744	1.91986
XM_026513352.2	1880	1700.9	0	0
XM_026513353.3	1954	1774.9	0	0
XM_026513354.3	2776	2596.9	0	0
XM_026513356.3	2807	2627.9	3.16357	0.516871
XM_026513357.3	1078	898.905	11	5.25403
XM_026513358.3	1001	821.905	0	0
XM_026513359.3	5433	5253.9	21	1.71613
XM_026513360.3	1768	1588.9	138.999	37.5603
XM_026513361.3	1730	1550.9	0	0
XM_026513362.3	639	459.98	123.485	115.262
XM_026513363.3	3199	3019.9	47	6.68218
XM_026513364.3	689	509.98	0	0
XM_026513366.3	810	630.98	17.0283	11.5869
XM_026513367.3	1784	1604.9	0	0
XM_026513368.3	4259	4079.9	4.05961	0.427216
XM_026513370.3	908	728.98	0	0
XM_026513371.2	1281	1101.9	0	0
XM_026513375.3	3926	3746.9	57	6.53154
XM_026513378.3	970	790.905	1	0.542862
XM_026513379.3	1272	1092.9	7.59061	2.982
XM_026513380.3	696	516.98	0.409387	0.339996
XM_026513381.3	2061	1881.9	1	0.228148
XM_026513383.3	1232	1052.9	0	0
XM_026513384.3	1155	975.905	0	0
XM_026513387.3	1165	985.905	20	8.70981
XM_026513393.3	4855	4675.9	77	7.07031
XM_026513395.3	7237	7057.9	0	0
XM_026513396.3	7230	7050.9	0	0
XM_026513397.3	7156	6976.9	0	0
XM_026513398.3	7150	6970.9	118	7.26786
XM_026513402.3	5158	4978.9	0	0
XM_026513405.3	3301	3121.9	35	4.81351
XM_026513406.3	3421	3241.9	26.3558	3.49051
XM_026513408.3	2960	2780.9	89.6442	13.8404
XM_026513409.3	2614	2434.9	0	0
XM_026513411.3	2486	2306.9	3	0.558348
XM_026513412.3	1611	1431.9	14.562	4.36636
XM_026513413.3	1562	1382.9	0	0
XM_026513414.3	1563	1383.9	65.1627	20.2165
XM_026513415.3	1436	1256.9	0	0
XM_026513416.3	1454	1274.9	70.2753	23.6667
XM_026513417.3	2054	1874.9	9	2.06099
XM_026513419.3	2198	2018.9	21	4.46598
XM_026513420.3	699	519.98	58	47.8911
XM_026513421.2	5958	5778.9	0	0
XM_026513422.2	5925	5745.9	0	0
XM_026513423.2	5760	5580.9	0	0
XM_026513424.3	1664	1484.9	0	0
XM_026513425.3	3750	3570.9	55	6.61299
XM_026513426.3	3748	3568.9	0	0
XM_026513428.3	2305	2125.9	44	8.88633
XM_026513430.3	2017	1837.9	2.73494	0.638907
XM_026513433.3	9936	9756.9	16	0.704079
XM_026513436.3	4680	4500.9	0	0
XM_026513437.3	4242	4062.9	0	0
XM_026513439.3	23261	23081.9	9.15071	0.170215
XM_026513442.3	3392	3212.9	0	0
XM_026513443.3	3353	3173.9	0	0
XM_026513444.3	3428	3248.9	0	0
XM_026513445.3	3520	3340.9	4.69259	0.603062
XM_026513448.3	3527	3347.9	50.5753	6.48603
XM_026513449.3	3524	3344.9	10.769	1.3823
XM_026513450.3	3561	3381.9	0	0
XM_026513451.3	3482	3302.9	0	0
XM_026513452.3	3295	3115.9	27.5505	3.79629
XM_026513453.3	3292	3112.9	5.10519	0.704141
XM_026513454.3	3602	3422.9	78.9079	9.89781
XM_026513455.3	3699	3519.9	99.4928	12.136
XM_026513456.3	3524	3344.9	0	0
XM_026513458.3	3308	3128.9	0.51398	0.0705289
XM_026513459.3	4846	4666.9	7	0.643995
XM_026513460.3	4977	4797.9	0.00770234	0.000689263
XM_026513463.3	8848	8668.9	32.8523	1.6271
XM_026513465.3	2515	2335.9	3.14769	0.578562
XM_026513466.3	3080	2900.9	8.36791e-08	1.2385e-08
XM_026513468.3	11159	10979.9	0.0138645	0.000542151
XM_026513469.3	11474	11294.9	0	0
XM_026513470.3	4865	4685.9	52	4.76457
XM_026513472.3	11316	11136.9	0	0
XM_026513474.3	11391	11211.9	0	0
XM_026513475.3	11291	11111.9	0	0
XM_026513476.3	11109	10929.9	5.35391	0.210314
XM_026513477.3	2897	2717.9	1.01983	0.161103
XM_026513479.3	3817	3637.9	0.00321645	0.000379611
XM_026513480.3	3136	2956.9	1.42095	0.206326
XM_026513481.3	3514	3334.9	0	0
XM_026513482.3	3053	2873.9	0	0
XM_026513484.3	1609	1429.9	5.8337	1.75166
XM_026513488.3	3184	3004.9	26.8184	3.83191
XM_026513489.3	2442	2262.9	137.07	26.0069
XM_026513491.3	1890	1710.9	1	0.25095
XM_026513493.3	2535	2355.9	1	0.182245
XM_026513494.3	1670	1490.9	0	0
XM_026513495.2	2839	2659.9	30	4.84249
XM_026513499.3	4271	4091.9	9.70302	1.01811
XM_026513500.3	1629	1449.9	4.35191	1.28871
XM_026513502.3	1316	1136.9	0	0
XM_026513503.3	2803	2623.9	0	0
XM_026513505.3	1495	1315.9	12.143	3.96201
XM_026513509.3	13194	13014.9	10	0.329892
XM_026513517.3	877	697.98	6	3.69081
XM_026513518.3	793	613.98	336	234.962
XM_026513519.2	532	353.091	1	1.21598
XM_026513520.3	670	490.98	0	0
XM_026513521.3	631	451.98	148	140.59
XM_026513522.2	1665	1485.9	0	0
XM_026513523.1	1209	1029.9	0	0
XM_026513524.3	720	540.98	0	0
XM_026513525.3	3033	2853.9	0	0
XM_026513527.3	645	465.98	0	0
XM_026513532.3	2607	2427.9	0	0
XM_026513533.3	2133	1953.9	74.3648	16.341
XM_026513535.2	1470	1290.9	0	0
XM_026513536.3	3754	3574.9	12	1.44122
XM_026513537.3	6756	6576.9	29.1765	1.90469
XM_026513538.3	6657	6477.9	36.8235	2.44064
XM_026513539.3	6760	6580.9	27.5297	1.79609
XM_026513542.3	8088	7908.9	56.8539	3.08643
XM_026513543.3	8082	7902.9	38.9976	2.11868
XM_026513544.3	7947	7767.9	22.4692	1.24193
XM_026513545.3	7251	7071.9	17.2817	1.04921
XM_026513546.3	4034	3854.9	33.7476	3.75874
XM_026513547.3	3921	3741.9	669.215	76.7868
XM_026513548.3	3714	3534.9	0.0370887	0.00450482
XM_026513549.3	4449	4269.9	35.3345	3.55299
XM_026513551.3	4537	4357.9	18.6655	1.83897
XM_026513554.3	8928	8748.9	0	0
XM_026513564.3	1850	1670.9	1	0.256958
XM_026513565.3	2516	2336.9	1	0.183727
XM_026513567.3	4218	4038.9	0	0
XM_026513570.3	4147	3967.9	2.42514	0.262415
XM_026513571.3	9689	9509.9	27.6828	1.24982
XM_026513572.3	9622	9442.9	99.7601	4.53591
XM_026513573.3	11856	11676.9	682.824	25.107
XM_026513575.3	1098	918.905	48.456	22.6407
XM_026513576.3	3935	3755.9	29	3.3151
XM_026513577.3	1316	1136.9	142	53.6263
XM_026513579.3	516	337.091	0	0
XM_026513580.3	3736	3556.9	90.22	10.8904
XM_026513581.3	5553	5373.9	0	0
XM_026513582.3	2973	2793.9	3786	581.812
XM_026513583.3	5402	5222.9	102.532	8.42866
XM_026513584.3	5706	5526.9	54.4685	4.23133
XM_026513587.3	5427	5247.9	0	0
XM_026513588.3	4855	4675.9	41.9667	3.85348
XM_026513589.3	6921	6741.9	139	8.85209
XM_026513593.3	2313	2133.9	16.7469	3.36957
XM_026513595.3	2639	2459.9	43	7.50522
XM_026513596.3	985	805.905	0	0
XM_026513597.3	1553	1373.9	10	3.12505
XM_026513598.3	1603	1423.9	0	0
XM_026513599.3	1730	1550.9	0	0
XM_026513600.3	1039	859.905	197	98.3625
XM_026513602.3	7536	7356.9	34.9497	2.03968
XM_026513603.3	3199	3019.9	86	12.227
XM_026513605.3	9197	9017.9	0.0103238	0.000491526
XM_026513613.3	2713	2533.9	34.9382	5.92003
XM_026513614.3	2691	2511.9	77.0618	13.1719
XM_026513615.3	1892	1712.9	6.77525	1.69827
XM_026513616.3	1597	1417.9	11.8769	3.59643
XM_026513619.3	1477	1297.9	2.89958	0.959191
XM_026513620.3	1468	1288.9	8.44823	2.81422
XM_026513628.3	2323	2143.9	0	0
XM_026513629.3	3201	3021.9	77.3868	10.9951
XM_026513630.3	7496	7316.9	0	0
XM_026513633.3	7332	7152.9	133.312	8.00202
XM_026513634.3	4394	4214.9	79	8.04735
XM_026513640.3	3650	3470.9	11.2901	1.39659
XM_026513642.3	3047	2867.9	0	0
XM_026513644.3	4324	4144.9	0	0
XM_026513645.3	2915	2735.9	114.985	18.0448
XM_026513646.3	1912	1732.9	12	2.97317
XM_026513647.3	5940	5760.9	0	0
XM_026513649.3	3994	3814.9	20	2.25092
XM_026513651.3	8945	8765.9	95.2468	4.66517
XM_026513652.3	8947	8767.9	0	0
XM_026513653.3	6897	6717.9	0	0
XM_026513654.3	6885	6705.9	33.2301	2.12759
XM_026513655.3	6747	6567.9	0	0
XM_026513656.3	6885	6705.9	18.2548	1.16878
XM_026513657.3	4571	4391.9	0	0
XM_026513658.3	3586	3406.9	44.8488	5.65203
XM_026513659.3	3472	3292.9	0	0
XM_026513660.3	3278	3098.9	5.83846	0.808916
XM_026513661.3	1344	1164.9	166.286	61.2884
XM_026513662.3	6148	5968.9	3.50747e-08	2.52298e-09
XM_026513663.3	3914	3734.9	11.1823	1.28548
XM_026513664.3	5893	5713.9	0	0
XM_026513665.3	403	225.304	2625	5002.35
XM_026513666.3	2493	2313.9	37	6.86546
XM_026513668.3	4508	4328.9	4.93743	0.489707
XM_026513672.3	3716	3536.9	1	0.121392
XM_026513674.3	1341	1161.9	40	14.781
XM_026513675.3	4534	4354.9	11	1.08449
XM_026513676.3	4594	4414.9	1.93285e-07	1.87971e-08
XM_026513677.3	1015	835.905	0	0
XM_026513679.3	453	274.419	71.1576	111.332
XM_026513680.3	4511	4331.9	95	9.41582
XM_026513681.3	3977	3797.9	443	50.081
XM_026513683.3	7098	6918.9	77	4.77823
XM_026513684.3	5311	5131.9	218	18.2386
XM_026513687.3	4390	4210.9	1	0.101962
XM_026513688.2	3586	3406.9	0	0
XM_026513689.3	4475	4295.9	200	19.9889
XM_026513694.3	4953	4773.9	82	7.37486
XM_026513696.3	1096	916.905	2	0.936525
XM_026513697.3	3557	3377.9	0	0
XM_026513699.3	3366	3186.9	1.72077	0.231828
XM_026513701.3	3772	3592.9	8.84952	1.05752
XM_026513703.3	1544	1364.9	0	0
XM_026513704.3	3033	2853.9	6.42972	0.96731
XM_026513707.3	3112	2932.9	2	0.292783
XM_026513708.3	1515	1335.9	35	11.2488
XM_026513713.3	11009	10829.9	0.0136303	0.000540375
XM_026513714.3	11149	10969.9	0	0
XM_026513716.3	6593	6413.9	0	0
XM_026513717.3	11056	10876.9	5.82979	0.230123
XM_026513718.3	3445	3265.9	20	2.6293
XM_026513722.3	12463	12283.9	71.0224	2.4824
XM_026513723.2	1212	1032.9	0	0
XM_026513725.3	9677	9497.9	4	0.18082
XM_026513726.3	1110	930.905	0	0
XM_026513729.2	945	765.905	0	0
XM_026513730.2	933	753.98	0	0
XM_026513731.1	294	125.184	0	0
XM_026513732.2	957	777.905	0	0
XM_026513733.2	936	756.98	0	0
XM_026513734.2	945	765.905	0	0
XM_026513735.2	978	798.905	0	0
XM_026513736.2	978	798.905	0	0
XM_026513737.2	1035	855.905	0	0
XM_026513747.2	519	340.091	1	1.26246
XM_026513748.2	705	525.98	0	0
XM_026513751.3	4929	4749.9	12	1.0847
XM_026513757.3	6435	6255.9	6.61301	0.45386
XM_026513759.3	864	684.98	0	0
XM_026513760.3	2630	2450.9	0	0
XM_026513762.3	2642	2462.9	0	0
XM_026513763.3	8321	8141.9	40.0188	2.11034
XM_026513766.3	4913	4733.9	3.90871	0.354509
XM_026513769.3	2241	2061.9	0	0
XM_026513771.2	926	746.98	0	0
XM_026513775.3	2992	2812.9	3.66802e-06	5.59874e-07
XM_026513777.3	4215	4035.9	0	0
XM_026513778.3	4113	3933.9	32	3.49253
XM_026513779.3	4180	4000.9	0	0
XM_026513780.2	2145	1965.9	0	0
XM_026513782.3	1789	1609.9	20	5.33388
XM_026513783.3	1808	1628.9	13.9451	3.67569
XM_026513784.3	6119	5939.9	14.8073	1.07031
XM_026513785.3	1469	1289.9	0	0
XM_026513786.3	1325	1145.9	4	1.49874
XM_026513787.3	1348	1168.9	0	0
XM_026513789.3	594	414.98	0	0
XM_026513790.3	1207	1027.9	0	0
XM_026513792.2	1681	1501.9	0	0
XM_026513793.3	2349	2169.9	0	0
XM_026513798.3	2534	2354.9	0	0
XM_026513801.3	2362	2182.9	0	0
XM_026513802.3	1306	1126.9	29	11.049
XM_026513803.3	1241	1061.9	0	0
XM_026513804.3	1268	1088.9	0	0
XM_026513806.3	3143	2963.9	142	20.5702
XM_026513810.3	4976	4796.9	0	0
XM_026513811.3	2933	2753.9	41.103	6.40822
XM_026513812.3	4582	4402.9	7	0.682609
XM_026513814.3	12631	12451.9	0	0
XM_026513815.3	12628	12448.9	0	0
XM_026513816.3	12595	12415.9	0	0
XM_026513817.3	12586	12406.9	0	0
XM_026513818.3	12571	12391.9	0	0
XM_026513819.3	12537	12357.9	0	0
XM_026513821.3	12530	12350.9	0	0
XM_026513822.3	12391	12211.9	0	0
XM_026513823.3	12388	12208.9	0	0
XM_026513824.3	12343	12163.9	0.000346074	1.22155e-05
XM_026513826.3	12622	12442.9	0	0
XM_026513827.3	1513	1333.9	1	0.321876
XM_026513836.3	784	604.98	0	0
XM_026513837.3	968	788.905	0	0
XM_026513839.3	3446	3266.9	0	0
XM_026513844.3	2602	2422.9	244	43.2381
XM_026513845.3	7298	7118.9	10.328	0.622898
XM_026513846.3	5250	5070.9	0.169601	0.0143601
XM_026513847.3	5255	5075.9	0.0468678	0.00396437
XM_026513849.3	6186	6006.9	4.58594	0.327787
XM_026513850.3	2972	2792.9	0	0
XM_026513853.3	7083	6903.9	17	1.05723
XM_026513854.2	6561	6381.9	44.0187	2.96142
XM_026513855.3	4011	3831.9	0	0
XM_026513856.3	3999	3819.9	0	0
XM_026513858.3	2286	2106.9	0	0
XM_026513859.3	7352	7172.9	0	0
XM_026513860.3	7236	7056.9	0	0
XM_026513861.3	7230	7050.9	0	0
XM_026513862.3	7224	7044.9	32.3161	1.9695
XM_026513864.3	7128	6948.9	0	0
XM_026513866.3	6311	6131.9	7	0.490135
XM_026513867.3	3868	3688.9	76.2383	8.87339
XM_026513871.3	5564	5384.9	0	0
XM_026513873.3	3663	3483.9	1.26841	0.156317
XM_026513874.3	4062	3882.9	9.73159	1.07607
XM_026513876.3	3412	3232.9	94	12.4838
XM_026513877.3	5639	5459.9	3.33747	0.26245
XM_026513878.3	4329	4149.9	0	0
XM_026513879.3	5405	5225.9	1	0.0821584
XM_026513881.3	10521	10341.9	17.4616	0.724932
XM_026513884.3	9393	9213.9	0	0
XM_026513885.3	4865	4685.9	120	10.9952
XM_026513886.3	2774	2594.9	504.049	83.3998
XM_026513888.3	2619	2439.9	1062.75	187.013
XM_026513890.2	1250	1070.9	79	31.673
XM_026513891.3	15746	15566.9	133.69	3.68733
XM_026513892.3	16486	16306.9	0	0
XM_026513897.3	6893	6713.9	0	0
XM_026513900.3	2611	2431.9	7	1.23585
XM_026513901.3	822	642.98	397	265.098
XM_026513902.3	3812	3632.9	0	0
XM_026513903.3	3668	3488.9	0	0
XM_026513904.3	9297	9117.9	2.92019	0.137508
XM_026513905.3	6098	5918.9	64.9374	4.7105
XM_026513906.2	761	581.98	1	0.737743
XM_026513908.3	2967	2787.9	0	0
XM_026513909.3	2951	2771.9	0	0
XM_026513910.2	2871	2691.9	107.517	17.1486
XM_026513911.3	6028	5848.9	14	1.0277
XM_026513912.3	1440	1260.9	0	0
XM_026513913.2	942	762.905	0	0
XM_026513914.3	1028	848.905	0	0
XM_026513915.3	3188	3008.9	15	2.14041
XM_026513916.1	957	777.905	0	0
XM_026513917.3	13018	12838.9	88.6965	2.96614
XM_026513918.3	12848	12668.9	144.292	4.89008
XM_026513919.3	3891	3711.9	40.0117	4.62811
XM_026513920.3	4801	4621.9	63.1351	5.86493
XM_026513921.3	4529	4349.9	208.865	20.6158
XM_026513922.3	4541	4361.9	0	0
XM_026513924.3	11269	11089.9	10.6404	0.411951
XM_026513925.3	10385	10205.9	0	0
XM_026513927.3	5372	5192.9	69	5.70495
XM_026513928.3	5442	5262.9	1.77858e-06	1.45098e-07
XM_026513929.3	1272	1092.9	12	4.71425
XM_026513930.3	24269	24089.9	11.3512	0.202312
XM_026513931.3	3852	3672.9	0	0
XM_026513932.3	5303	5123.9	20.3561	1.70572
XM_026513934.3	5245	5065.9	0	0
XM_026513936.3	5433	5253.9	8.29436	0.67782
XM_026513938.3	1771	1591.9	895.748	241.592
XM_026513940.2	1557	1377.9	0	0
XM_026513942.3	1067	887.905	340	164.409
XM_026513943.3	1386	1206.9	0	0
XM_026513944.3	2561	2381.9	2.62477	0.473129
XM_026513945.3	2558	2378.9	0	0
XM_026513946.3	9489	9309.9	5.37523	0.247894
XM_026513947.3	9486	9306.9	0	0
XM_026513948.3	8419	8239.9	31	1.6153
XM_026513949.3	475	296.277	1920	2782.38
XM_026513951.3	1193	1013.9	100	42.3464
XM_026513952.3	4847	4667.9	40.6468	3.73868
XM_026513953.3	5289	5109.9	18.3532	1.5421
XM_026513954.3	11220	11040.9	0.0170353	0.000662458
XM_026513955.3	11153	10973.9	47.983	1.87732
XM_026513956.3	6415	6235.9	104	7.16057
XM_026513958.3	1448	1268.9	9.63331	3.25957
XM_026513959.3	3502	3322.9	370	47.8076
XM_026513960.3	10021	9841.9	42.1586	1.83916
XM_026513961.3	10016	9836.9	0.000221447	9.66553e-06
XM_026513962.3	9958	9778.9	124.636	5.47226
XM_026513963.3	9901	9721.9	0	0
XM_026513964.3	9829	9649.9	0	0
XM_026513965.2	1902	1722.9	8.35122	2.08114
XM_026513970.3	2413	2233.9	27.6064	5.3059
XM_026513971.3	2284	2104.9	0	0
XM_026513973.3	2883	2703.9	3.28343	0.521375
XM_026513974.3	1236	1056.9	1.71657	0.697331
XM_026513980.3	8542	8362.9	70.4099	3.61485
XM_026513981.3	8515	8335.9	1.47228e-05	7.58317e-07
XM_026513982.3	8793	8613.9	46.59	2.32224
XM_026513984.3	11471	11291.9	17	0.646391
XM_026513989.3	6525	6345.9	30.3305	2.0521
XM_026513991.3	6978	6798.9	7.82383	0.494076
XM_026513994.3	2011	1831.9	5.91175	1.38556
XM_026513995.3	1802	1622.9	16.0882	4.25627
XM_026513996.3	1316	1136.9	0	0
XM_026513997.3	4939	4759.9	2.58886e-07	2.3352e-08
XM_026513998.3	3132	2952.9	33.3785	4.85323
XM_026513999.3	5596	5416.9	0	0
XM_026514001.3	3504	3324.9	0	0
XM_026514002.3	3576	3396.9	21	2.6543
XM_026514005.3	3387	3207.9	0	0
XM_026514006.3	685	505.98	1872	1588.49
XM_026514007.3	3975	3795.9	26	2.94084
XM_026514009.3	4508	4328.9	0	0
XM_026514010.3	4328	4148.9	10.7932	1.11694
XM_026514011.3	2406	2226.9	0.206804	0.0398722
XM_026514013.3	5767	5587.9	3.46	0.265853
XM_026514014.3	5836	5656.9	3.83349e-07	2.90957e-08
XM_026514016.3	2454	2274.9	8	1.50987
XM_026514018.3	1640	1460.9	0	0
XM_026514019.3	3445	3265.9	0	0
XM_026514020.3	2949	2769.9	22	3.41013
XM_026514021.3	1732	1552.9	90	24.8835
XM_026514022.3	2992	2812.9	7.61629	1.16252
XM_026514023.3	3047	2867.9	0	0
XM_026514024.2	1215	1035.9	0	0
XM_026514025.3	2317	2137.9	0.881586	0.177047
XM_026514026.3	3118	2938.9	0.0100288	0.00146513
XM_026514027.3	3103	2923.9	7.96775	1.17
XM_026514028.3	2385	2205.9	0.000681999	0.000132743
XM_026514033.3	2429	2249.9	60.2271	11.4932
XM_026514035.3	879	699.98	515	315.889
XM_026514036.3	896	716.98	0	0
XM_026514037.3	1707	1527.9	161.976	45.5163
XM_026514039.3	1733	1553.9	28.0244	7.7433
XM_026514043.3	5245	5065.9	9	0.762779
XM_026514046.3	2685	2505.9	0	0
XM_026514047.3	3130	2950.9	8.99999	1.30948
XM_026514048.3	3463	3283.9	75	9.80583
XM_026514049.3	3568	3388.9	0	0
XM_026514050.3	3416	3236.9	0	0
XM_026514051.3	3628	3448.9	5.79654	0.721607
XM_026514052.3	875	695.98	20	12.338
XM_026514053.3	3760	3580.9	29.4749	3.53406
XM_026514054.3	3720	3540.9	0	0
XM_026514056.3	407	229.236	125	234.122
XM_026514057.3	3888	3708.9	74.5073	8.62515
XM_026514058.3	3807	3627.9	0	0
XM_026514059.3	3807	3627.9	0	0
XM_026514060.3	3771	3591.9	81.4049	9.73059
XM_026514061.3	4679	4499.9	0	0
XM_026514063.3	4676	4496.9	0	0
XM_026514064.3	4667	4487.9	0	0
XM_026514065.3	1014	834.905	0	0
XM_026514066.3	4667	4487.9	0	0
XM_026514068.3	2690	2510.9	1.25226	0.214131
XM_026514069.3	2691	2511.9	0.744772	0.127301
XM_026514072.3	2747	2567.9	0	0
XM_026514073.3	2703	2523.9	0.00148232	0.000252164
XM_026514074.3	4007	3827.9	0	0
XM_026514075.3	4009	3829.9	0	0
XM_026514076.2	468	289.277	0	0
XM_026514077.3	2371	2191.9	25	4.89702
XM_026514081.3	5536	5356.9	48	3.84716
XM_026514085.3	2470	2290.9	0	0
XM_026514086.3	2389	2209.9	30	5.82856
XM_026514087.3	3631	3451.9	0	0
XM_026514089.3	3505	3325.9	43	5.55101
XM_026514091.3	3500	3320.9	0	0
XM_026514092.3	5000	4820.9	53	4.7202
XM_026514093.3	7560	7380.9	0	0
XM_026514099.3	1618	1438.9	5	1.49194
XM_026514103.3	2105	1925.9	345.643	77.056
XM_026514108.3	3025	2845.9	0	0
XM_026514110.3	2952	2772.9	0	0
XM_026514111.3	2906	2726.9	0	0
XM_026514112.3	1011	831.905	18	9.28993
XM_026514113.3	1008	828.905	0	0
XM_026514114.3	1042	862.905	0	0
XM_026514115.2	726	546.98	0	0
XM_026514119.3	4168	3988.9	123	13.2393
XM_026514120.3	4892	4712.9	55	5.01057
XM_026514123.3	1894	1714.9	48	12.0175
XM_026514124.3	1223	1043.9	9	3.70165
XM_026514126.3	3418	3238.9	0	0
XM_026514128.3	3150	2970.9	0	0
XM_026514129.3	3689	3509.9	16	1.95721
XM_026514133.3	2693	2513.9	8.9389	1.52668
XM_026514137.3	2469	2289.9	0	0
XM_026514138.3	2489	2309.9	29.9086	5.55925
XM_026514139.3	1506	1326.9	4	1.2943
XM_026514140.3	4104	3924.9	14.8546	1.62497
XM_026514149.3	5707	5527.9	81	6.29126
XM_026514151.3	2018	1838.9	23.2608	5.43098
XM_026514153.3	1867	1687.9	13.8194	3.51524
XM_026514155.3	3770	3590.9	30	3.587
XM_026514156.3	2625	2445.9	10	1.75539
XM_026514157.3	2971	2791.9	230.187	35.3993
XM_026514158.3	2636	2456.9	1936.81	338.464
XM_026514160.3	2752	2572.9	26.8945	4.488
XM_026514162.3	1577	1397.9	6	1.84284
XM_026514166.3	2298	2118.9	30	6.07888
XM_026514167.2	1108	928.905	0	0
XM_026514169.3	893	713.98	35.1232	21.1213
XM_026514171.3	2195	2015.9	1	0.212982
XM_026514172.3	3756	3576.9	0	0
XM_026514173.3	1440	1260.9	21	7.15073
XM_026514174.3	2641	2461.9	25	4.35996
XM_026514178.3	3353	3173.9	16.6076	2.2466
XM_026514180.3	5617	5437.9	0	0
XM_026514181.3	5869	5689.9	5.57023	0.420321
XM_026514182.3	5866	5686.9	11.0859	0.836971
XM_026514183.3	5687	5507.9	0	0
XM_026514184.3	5683	5503.9	0	0
XM_026514185.3	5889	5709.9	0	0
XM_026514186.3	7757	7577.9	101	5.7225
XM_026514189.3	2842	2662.9	0	0
XM_026514190.3	3074	2894.9	0	0
XM_026514191.3	3159	2979.9	57	8.2127
XM_026514192.1	1428	1248.9	0	0
XM_026514194.3	8524	8344.9	4.20187	0.216189
XM_026514195.3	4552	4372.9	15.7981	1.55113
XM_026514196.3	8620	8440.9	0	0
XM_026514197.3	7325	7145.9	34.246	2.05762
XM_026514199.3	5959	5779.9	1	0.0742836
XM_026514200.3	3391	3211.9	33	4.41128
XM_026514201.1	1278	1098.9	0	0
XM_026514202.3	3405	3225.9	0	0
XM_026514203.3	18052	17872.9	27.3658	0.657395
XM_026514204.3	18049	17869.9	34.068	0.818537
XM_026514206.3	3302	3122.9	61	8.38657
XM_026514207.3	4529	4349.9	138.484	13.6689
XM_026514208.3	4490	4310.9	36.5162	3.63689
XM_026514209.3	12641	12461.9	0	0
XM_026514214.3	6489	6309.9	7.14539	0.486202
XM_026514215.3	1014	834.905	0	0
XM_026514219.3	10418	10238.9	0	0
XM_026514220.3	2645	2465.9	0	0
XM_026514222.3	2914	2734.9	0	0
XM_026514223.3	2345	2165.9	0	0
XM_026514226.3	2468	2288.9	0	0
XM_026514228.3	3044	2864.9	18	2.69759
XM_026514229.3	940	760.905	2	1.12853
XM_026514230.3	1446	1266.9	0	0
XM_026514231.3	3383	3203.9	0	0
XM_026514232.3	12202	12022.9	0	0
XM_026514233.3	12088	11908.9	0	0
XM_026514234.3	3260	3080.9	20	2.78718
XM_026514237.3	10822	10642.9	0.48087	0.0193991
XM_026514238.3	10909	10729.9	1.16937e-05	4.67916e-07
XM_026514239.3	10790	10610.9	24.4711	0.99018
XM_026514240.3	10693	10513.9	157.078	6.41452
XM_026514241.3	10657	10477.9	2.13449e-06	8.74646e-08
XM_026514242.3	1820	1640.9	0	0
XM_026514243.3	4909	4729.9	33.6768	3.05697
XM_026514244.3	849	669.98	0	0
XM_026514245.3	8384	8204.9	71	3.71534
XM_026514246.3	5343	5163.9	57	4.73925
XM_026514247.3	8823	8643.9	10.4885	0.520976
XM_026514248.3	8916	8736.9	0	0
XM_026514249.3	8794	8614.9	13.3493	0.665307
XM_026514251.3	8741	8561.9	53.7123	2.6935
XM_026514252.3	1684	1504.9	1	0.285302
XM_026514254.3	1634	1454.9	0	0
XM_026514256.3	1488	1308.9	0	0
XM_026514257.3	1581	1401.9	1.39653	0.427705
XM_026514259.3	798	618.98	5.60347	3.88682
XM_026514260.2	1110	930.905	0	0
XM_026514261.2	1011	831.905	0	0
XM_026514262.3	3257	3077.9	28	3.90586
XM_026514263.3	3124	2944.9	0	0
XM_026514264.3	1970	1790.9	1	0.23974
XM_026514266.3	3790	3610.9	0	0
XM_026514267.3	3754	3574.9	0	0
XM_026514268.2	1494	1314.9	0	0
XM_026514270.3	2183	2003.9	43.6588	9.35423
XM_026514273.3	2265	2085.9	2	0.41167
XM_026514274.3	7434	7254.9	86	5.08956
XM_026514275.3	1401	1221.9	9.05462e-08	3.18161e-08
XM_026514276.3	1382	1202.9	69	24.6281
XM_026514277.3	1053	873.905	49	24.0738
XM_026514278.3	940	760.905	4049	2284.71
XM_026514279.3	1056	876.905	0	0
XM_026514280.3	10302	10122.9	33	1.39966
XM_026514281.3	3093	2913.9	109	16.0607
XM_026514282.3	857	677.98	9.00435	5.70228
XM_026514283.3	842	662.98	10.9957	7.12088
XM_026514285.3	2610	2430.9	1	0.176622
XM_026514287.3	2900	2720.9	61	9.62565
XM_026514289.3	3629	3449.9	3	0.37336
XM_026514290.2	596	416.98	1	1.02967
XM_026514291.3	975	795.905	0	0
XM_026514293.3	2337	2157.9	0	0
XM_026514294.3	4508	4328.9	0	0
XM_026514295.3	4682	4502.9	11	1.04885
XM_026514298.3	7404	7224.9	6	0.35656
XM_026514303.2	732	552.98	0	0
XM_026514304.3	3130	2950.9	0	0
XM_026514307.3	2758	2578.9	93.4828	15.5636
XM_026514308.3	1489	1309.9	13.5172	4.43059
XM_026514314.3	1204	1024.9	0	0
XM_026514315.3	5627	5447.9	1	0.0788105
XM_026514318.3	2507	2327.9	45.4325	8.37945
XM_026514319.3	2493	2313.9	0	0
XM_026514324.3	1491	1311.9	0	0
XM_026514325.3	1487	1307.9	92	30.2013
XM_026514326.3	781	601.98	0	0
XM_026514327.3	709	529.98	0	0
XM_026514328.3	6531	6351.9	0.00148191	0.000100169
XM_026514329.3	6530	6350.9	244.334	16.5182
XM_026514331.3	1941	1761.9	477	116.238
XM_026514332.3	5847	5667.9	6.03675	0.457292
XM_026514338.3	666	486.98	240	211.599
XM_026514340.3	963	783.905	0	0
XM_026514341.3	957	777.905	0	0
XM_026514342.3	942	762.905	0	0
XM_026514343.3	942	762.905	0	0
XM_026514344.3	945	765.905	0	0
XM_026514345.2	996	816.905	0	0
XM_026514346.3	948	768.905	0	0
XM_026514347.3	1137	957.905	0	0
XM_026514348.3	996	816.905	0	0
XM_026514349.2	933	753.98	0	0
XM_026514350.3	984	804.905	0	0
XM_026514351.2	954	774.905	0	0
XM_026514352.2	1084	904.905	0	0
XM_026514353.2	1019	839.905	1	0.511191
XM_026514354.3	930	750.98	0	0
XM_026514356.2	942	762.905	0	0
XM_026514357.2	957	777.905	0	0
XM_026514358.3	1137	957.905	0	0
XM_026514359.2	927	747.98	0	0
XM_026514360.2	1092	912.905	0	0
XM_026514361.3	411	233.12	0	0
XM_026514362.2	1386	1206.9	0	0
XM_026514363.1	984	804.905	0	0
XM_026514364.3	993	813.905	0	0
XM_026514365.3	948	768.905	0	0
XM_026514366.3	547	368.056	0	0
XM_026514367.3	3584	3404.9	17	2.14367
XM_026514375.3	2549	2369.9	0	0
XM_026514376.3	6213	6033.9	56.5974	4.02727
XM_026514377.3	1137	957.905	0	0
XM_026514378.3	6211	6031.9	0	0
XM_026514379.3	5979	5799.9	0	0
XM_026514380.3	2981	2801.9	25.7184	3.94098
XM_026514381.3	4507	4327.9	0	0
XM_026514382.3	4504	4324.9	0	0
XM_026514383.3	4432	4252.9	12	1.21146
XM_026514385.3	4384	4204.9	0	0
XM_026514388.3	1741	1561.9	1	0.27489
XM_026514389.3	1448	1268.9	39	13.1962
XM_026514390.3	1865	1685.9	0	0
XM_026514391.3	951	771.905	0	0
XM_026514393.3	2885	2705.9	9	1.42805
XM_026514394.3	2716	2536.9	0	0
XM_026514396.3	1880	1700.9	10	2.52426
XM_026514397.3	1565	1385.9	5	1.549
XM_026514400.2	1803	1623.9	0	0
XM_026514401.2	1425	1245.9	0	0
XM_026514403.3	8048	7868.9	0	0
XM_026514404.3	8019	7839.9	0	0
XM_026514407.3	7824	7644.9	0.154003	0.00864911
XM_026514408.3	7651	7471.9	0	0
XM_026514409.3	2986	2806.9	349	53.384
XM_026514410.3	7388	7208.9	0	0
XM_026514412.3	954	774.905	0	0
XM_026514413.3	1459	1279.9	0	0
XM_026514414.3	1509	1329.9	2	0.645688
XM_026514415.3	2471	2291.9	90.2261	16.9024
XM_026514416.3	969	789.905	49.7739	27.0546
XM_026514417.3	10514	10334.9	137	5.69151
XM_026514418.2	942	762.905	0	0
XM_026514419.3	9393	9213.9	36.8681	1.71799
XM_026514420.3	9370	9190.9	0	0
XM_026514421.3	9312	9132.9	0	0
XM_026514422.3	9302	9122.9	2.93325e-08	1.38048e-09
XM_026514423.3	9289	9109.9	0	0
XM_026514424.3	9278	9098.9	0	0
XM_026514425.3	7481	7301.9	1.28061	0.0753
XM_026514426.3	7404	7224.9	14.8513	0.882563
XM_026514427.3	3111	2931.9	0	0
XM_026514429.3	927	747.98	0	0
XM_026514430.3	5173	4993.9	4	0.343901
XM_026514433.3	18728	18548.9	0	0
XM_026514434.3	19008	18828.9	1.01756e-06	2.32032e-08
XM_026514435.3	19658	19478.9	0	0
XM_026514436.3	18782	18602.9	7.10175	0.163907
XM_026514438.3	11247	11067.9	219.909	8.53083
XM_026514440.3	1393	1213.9	0	0
XM_026514441.3	1994	1814.9	0	0
XM_026514442.3	1237	1057.9	0	0
XM_026514444.2	983	803.905	0	0
XM_026514446.2	4245	4065.9	0	0
XM_026514450.3	2208	2028.9	9.50744	2.01194
XM_026514454.3	621	441.98	0	0
XM_026514456.2	933	753.98	0	0
XM_026514458.3	368	191.493	0	0
XM_026514459.3	3460	3280.9	7.09998	0.929131
XM_026514460.3	3373	3193.9	0	0
XM_026514461.3	2713	2533.9	0	0
XM_026514462.3	1826	1646.9	0	0
XM_026514463.3	506	327.091	0	0
XM_026514466.2	933	753.98	0	0
XM_026514474.3	3111	2931.9	3	0.439324
XM_026514476.3	3645	3465.9	143.192	17.7384
XM_026514477.3	2735	2555.9	0	0
XM_026514478.3	2531	2351.9	0	0
XM_026514479.3	2803	2623.9	0	0
XM_026514480.3	2711	2531.9	4.18497	0.709673
XM_026514481.3	1504	1324.9	0	0
XM_026514483.3	1501	1321.9	0.815034	0.264721
XM_026514485.3	2967	2787.9	0	0
XM_026514486.3	2961	2781.9	0	0
XM_026514488.3	3418	3238.9	181	23.9935
XM_026514489.3	2672	2492.9	106	18.2563
XM_026514490.3	2637	2457.9	190	33.1896
XM_026514491.3	6961	6781.9	0.0756263	0.00478779
XM_026514497.3	4289	4109.9	2.86785	0.299597
XM_026514498.3	6982	6802.9	1.46114	0.0922172
XM_026514500.3	3683	3503.9	5.45001	0.667818
XM_026514501.3	1789	1609.9	0	0
XM_026514502.3	718	538.98	0	0
XM_026514503.3	1691	1511.9	5.22482	1.48375
XM_026514504.3	4744	4564.9	88	8.27684
XM_026514505.3	3157	2977.9	1	0.144179
XM_026514506.3	7763	7583.9	74.3074	4.20681
XM_026514509.2	4295	4115.9	385.841	40.2491
XM_026514510.1	282	115.361	0	0
XM_026514512.3	8716	8536.9	0.0641967	0.00322869
XM_026514514.3	8692	8512.9	2.5298	0.127592
XM_026514516.3	1674	1494.9	2.99999	0.861628
XM_026514517.3	1182	1002.9	1.03157e-05	4.41622e-06
XM_026514518.3	1132	952.905	0	0
XM_026514522.3	3117	2937.9	0	0
XM_026514526.3	13661	13481.9	0.188937	0.00601699
XM_026514528.3	6761	6581.9	116	7.56693
XM_026514529.3	1598	1418.9	5	1.51297
XM_026514531.3	6941	6761.9	0	0
XM_026514532.3	6783	6603.9	37.1278	2.41386
XM_026514533.3	7123	6943.9	0	0
XM_026514534.3	3955	3775.9	21.1433	2.40417
XM_026514535.3	3941	3761.9	22.8567	2.60867
XM_026514536.3	2130	1950.9	7.95334	1.75036
XM_026514537.3	1402	1222.9	0.343529	0.12061
XM_026514539.3	2648	2468.9	55	9.56471
XM_026514542.3	2184	2004.9	0	0
XM_026514543.3	3449	3269.9	68.1031	8.94221
XM_026514547.3	11542	11362.9	0	0
XM_026514548.3	11621	11441.9	65.2969	2.45024
XM_026514549.3	11619	11439.9	0	0
XM_026514550.3	11698	11518.9	0	0
XM_026514551.3	2682	2502.9	0	0
XM_026514552.3	2638	2458.9	6	1.04767
XM_026514555.3	2396	2216.9	0	0
XM_026514556.3	7233	7053.9	14.8238	0.902286
XM_026514558.1	996	816.905	0	0
XM_026514559.2	699	519.98	0	0
XM_026514561.2	1328	1148.9	0	0
XM_026514565.3	3252	3072.9	0	0
XM_026514569.3	1613	1433.9	1	0.299429
XM_026514575.2	435	256.706	0	0
XM_026514576.3	8947	8767.9	1.72944	0.0846882
XM_026514578.3	1647	1467.9	0	0
XM_026514584.3	8951	8771.9	0	0
XM_026514585.3	8642	8462.9	0.256619	0.0130192
XM_026514586.3	8619	8439.9	8.94703	0.45515
XM_026514598.3	3831	3651.9	0	0
XM_026514599.3	3635	3455.9	0	0
XM_026514600.3	3813	3633.9	0	0
XM_026514601.3	3617	3437.9	0	0
XM_026514602.3	3359	3179.9	0.00626701	0.000846173
XM_026514603.3	3299	3119.9	23.6587	3.25583
XM_026514604.3	3341	3161.9	10.3351	1.40339
XM_026514614.3	7003	6823.9	18.0598	1.1363
XM_026514616.3	7102	6922.9	0	0
XM_026514620.3	10029	9849.9	16.0445	0.699373
XM_026514621.3	7566	7386.9	0	0
XM_026514622.3	7979	7799.9	0	0
XM_026514624.3	3278	3098.9	7.77098	1.07667
XM_026514625.3	10384	10204.9	34.2623	1.44152
XM_026514626.3	10245	10065.9	126.738	5.40588
XM_026514627.3	3591	3411.9	107	13.4648
XM_026514628.3	4308	4128.9	1.51371	0.157406
XM_026514629.3	1777	1597.9	73.6209	19.7817
XM_026514630.3	1779	1599.9	72.3791	19.4237
XM_026514632.3	2437	2257.9	49.6187	9.43525
XM_026514635.3	8285	8105.9	6	0.317807
XM_026514636.2	1416	1236.9	0	0
XM_026514639.2	1815	1635.9	2	0.524911
XM_026514640.2	939	759.905	0	0
XM_026514641.3	4833	4653.9	34	3.13671
XM_026514642.3	2957	2777.9	55	8.50078
XM_026514663.3	1587	1407.9	42.2738	12.8917
XM_026514664.3	5073	4893.9	58.61	5.14197
XM_026514665.3	5585	5405.9	6.38997	0.50751
XM_026514668.3	5301	5121.9	46	3.85602
XM_026514669.3	5443	5263.9	15	1.22348
XM_026514670.3	5303	5123.9	0	0
XM_026514677.3	2970	2790.9	28.4731	4.3803
XM_026514678.3	3387	3207.9	0	0
XM_026514679.2	2586	2406.9	0	0
XM_026514684.3	1519	1339.9	0	0
XM_026514687.2	2876	2696.9	32	5.09446
XM_026514689.3	3252	3072.9	17	2.37527
XM_026514690.3	4894	4714.9	0	0
XM_026514691.3	5147	4967.9	1.80894e-08	1.56338e-09
XM_026514692.3	5068	4888.9	22	1.93208
XM_026514693.3	3933	3753.9	16.4405	1.88037
XM_026514694.3	2230	2050.9	7174	1501.86
XM_026514695.3	1691	1511.9	0	0
XM_026514697.3	7286	7106.9	11.0279	0.66623
XM_026514699.3	1905	1725.9	0	0
XM_026514702.3	8938	8758.9	0	0
XM_026514714.3	1903	1723.9	16	3.98493
XM_026514717.3	6210	6030.9	14.4084	1.02577
XM_026514722.3	6204	6024.9	76	5.41598
XM_026514723.3	4524	4344.9	0	0
XM_026514726.3	2656	2476.9	52	9.01379
XM_026514728.3	1975	1795.9	104	24.8636
XM_026514729.3	1893	1713.9	58	14.5296
XM_026514730.3	2128	1948.9	36.4905	8.039
XM_026514731.3	1351	1171.9	12.2919	4.5034
XM_026514734.3	5516	5336.9	9.11881	0.733605
XM_026514735.3	1064	884.905	3.19231	1.54889
XM_026514738.3	1067	887.905	0	0
XM_026514739.3	992	812.905	19.8077	10.4618
XM_026514740.3	1202	1022.9	9.93111	4.16847
XM_026514741.3	1752	1572.9	0	0
XM_026514742.3	14962	14782.9	70.4957	2.04746
XM_026514743.3	14959	14779.9	71.5043	2.07718
XM_026514744.3	2058	1878.9	0	0
XM_026514745.3	14959	14779.9	0	0
XM_026514746.3	14856	14676.9	0	0
XM_026514747.3	2421	2241.9	34.4124	6.59039
XM_026514748.3	953	773.905	4.94627	2.74413
XM_026514749.3	3722	3542.9	3.5996	0.436223
XM_026514750.3	1003	823.905	0	0
XM_026514752.3	806	626.98	0	0
XM_026514754.2	640	460.98	5.6581	5.26989
XM_026514755.3	803	623.98	0	0
XM_026514757.3	657	477.98	0	0
XM_026514758.3	6486	6306.9	0	0
XM_026514761.3	6179	5999.9	0	0
XM_026514763.3	7124	6944.9	0.210991	0.013044
XM_026514769.3	1176	996.905	5	2.15343
XM_026514772.3	1271	1091.9	0	0
XM_026514774.3	1238	1058.9	51.2304	20.7723
XM_026514777.3	2363	2183.9	0	0
XM_026514778.3	3367	3187.9	0	0
XM_026514779.3	2970	2790.9	5	0.769199
XM_026514780.3	920	740.98	5	2.89719
XM_026514782.3	6702	6522.9	0	0
XM_026514783.3	6243	6063.9	0	0
XM_026514785.3	6289	6109.9	28.4696	2.0006
XM_026514786.3	6186	6006.9	0	0
XM_026514787.3	6144	5964.9	0	0
XM_026514788.3	6161	5981.9	0	0
XM_026514789.3	6305	6125.9	0	0
XM_026514790.3	5856	5676.9	0	0
XM_026514792.3	2342	2162.9	137.308	27.2567
XM_026514793.3	2244	2064.9	34.6916	7.21337
XM_026514794.3	1089	909.905	0	0
XM_026514795.2	1899	1719.9	1	0.249637
XM_026514796.3	2263	2083.9	119.337	24.5872
XM_026514797.3	2257	2077.9	0	0
XM_026514799.3	2120	1940.9	0	0
XM_026514800.3	1872	1692.9	29.6635	7.52321
XM_026514801.2	6948	6768.9	4	0.25372
XM_026514802.3	7136	6956.9	41.9897	2.59144
XM_026514803.3	7057	6877.9	0	0
XM_026514804.3	6379	6199.9	3.01028	0.208466
XM_026514805.3	6525	6345.9	1690.19	114.355
XM_026514807.3	7255	7075.9	303.867	18.4381
XM_026514808.3	6519	6339.9	462.246	31.3043
XM_026514812.3	6386	6206.9	69.8198	4.82967
XM_026514816.3	5899	5719.9	74	5.55465
XM_026514817.3	1405	1225.9	0	0
XM_026514819.3	2884	2704.9	0	0
XM_026514820.3	1915	1735.9	2	0.494672
XM_026514823.3	9153	8973.9	133.22	6.37387
XM_026514824.3	9116	8936.9	64.4054	3.0942
XM_026514825.3	3790	3610.9	0	0
XM_026514826.3	3745	3565.9	72.5114	8.73072
XM_026514827.3	5750	5570.9	7	0.539493
XM_026514828.3	5757	5577.9	54.1004	4.16431
XM_026514829.3	10058	9878.9	12.9999	0.564994
XM_026514830.3	1681	1501.9	1	0.285872
XM_026514831.3	6497	6317.9	0	0
XM_026514832.3	6333	6153.9	27	1.88376
XM_026514834.3	4175	3995.9	1	0.107448
XM_026514835.3	1266	1086.9	69	27.2566
XM_026514836.3	4230	4050.9	64	6.78331
XM_026514840.3	4593	4413.9	83.346	8.10728
XM_026514842.3	2548	2368.9	76.7464	13.9099
XM_026514843.3	2358	2178.9	0	0
XM_026514848.3	4808	4628.9	2	0.185509
XM_026514850.3	6888	6708.9	21.4662	1.37378
XM_026514852.3	6748	6568.9	0	0
XM_026514853.3	6837	6657.9	0	0
XM_026514855.3	2873	2693.9	0	0
XM_026514856.3	6705	6525.9	0	0
XM_026514857.3	1281	1101.9	5	1.94823
XM_026514859.3	7617	7437.9	66.7935	3.85564
XM_026514860.2	2850	2670.9	0	0
XM_026514862.3	4926	4746.9	60.7106	5.4912
XM_026514864.3	1399	1219.9	6	2.11173
XM_026514865.3	1641	1461.9	0	0
XM_026514866.3	1622	1442.9	84	24.9951
XM_026514867.3	9156	8976.9	217.128	10.3849
XM_026514868.3	930	750.98	43	24.584
XM_026514871.3	1658	1478.9	35.4615	10.2951
XM_026514873.3	1657	1477.9	59.5385	17.2968
XM_026514874.3	892	712.98	21	12.6461
XM_026514875.3	1931	1751.9	38	9.31293
XM_026514876.3	1050	870.905	0	0
XM_026514877.3	1331	1151.9	0	0
XM_026514878.3	3904	3724.9	485	55.9036
XM_026514879.3	3816	3636.9	0	0
XM_026514880.3	4134	3954.9	31.0458	3.37039
XM_026514882.3	3745	3565.9	0	0
XM_026514883.3	3956	3776.9	0	0
XM_026514885.3	1866	1686.9	0	0
XM_026514887.3	1863	1683.9	12	3.05969
XM_026514891.3	6175	5995.9	101	7.23236
XM_026514892.3	2118	1938.9	511	113.156
XM_026514893.3	5316	5136.9	4.57289	0.382211
XM_026514894.3	2414	2234.9	33.4271	6.42175
XM_026514895.3	2345	2165.9	0	0
XM_026514898.3	6990	6810.9	1	0.0630389
XM_026514902.3	1327	1147.9	6	2.24419
XM_026514903.3	3008	2828.9	146	22.1589
XM_026514904.3	7781	7601.9	212.483	12.001
XM_026514905.3	18138	17958.9	0	0
XM_026514906.3	942	762.905	1738.49	978.398
XM_026514907.3	8868	8688.9	532.307	26.3033
XM_026514908.3	1458	1278.9	1	0.335718
XM_026514909.3	8890	8710.9	639.693	31.5298
XM_026514910.3	2094	1914.9	1.99942	0.448303
XM_026514911.3	1768	1588.9	8	2.16175
XM_026514912.3	3880	3700.9	4	0.464051
XM_026514914.3	3517	3337.9	1	0.128629
XM_026514916.3	5701	5521.9	3.77604	0.293604
XM_026514919.3	1899	1719.9	38.7811	9.68121
XM_026514920.3	1887	1707.9	28.2189	7.09397
XM_026514921.3	930	750.98	0	0
XM_026514922.3	1751	1571.9	1	0.273141
XM_026514924.3	4296	4116.9	0	0
XM_026514925.3	5267	5087.9	0.238908	0.0201607
XM_026514926.3	5062	4882.9	0	0
XM_026514927.3	4336	4156.9	0	0
XM_026514929.3	2134	1954.9	2	0.439256
XM_026514931.3	4273	4093.9	114	11.9559
XM_026514932.2	1623	1443.9	0	0
XM_026514940.3	3116	2936.9	0	0
XM_026514942.2	2805	2625.9	0	0
XM_026514944.3	4804	4624.9	26.3527	2.44645
XM_026514945.3	8610	8430.9	9.7093	0.494455
XM_026514946.3	2598	2418.9	0	0
XM_026514948.3	4475	4295.9	0	0
XM_026514949.3	3989	3809.9	7	0.788855
XM_026514953.3	9455	9275.9	375.71	17.3904
XM_026514954.3	12650	12470.9	42.5603	1.46528
XM_026514955.3	12716	12536.9	0.043398	0.00148625
XM_026514958.3	12557	12377.9	0.000109099	3.78431e-06
XM_026514959.3	4321	4141.9	1	0.103661
XM_026514960.2	276	110.763	0	0
XM_026514961.3	4668	4488.9	307.816	29.4418
XM_026514962.3	4571	4391.9	2	0.19552
XM_026514963.3	7894	7714.9	42.0051	2.33768
XM_026514964.3	7886	7706.9	0.0236516	0.00131763
XM_026514965.3	2491	2311.9	23.4765	4.3599
XM_026514966.3	3154	2974.9	1	0.144325
XM_026514967.3	4698	4518.9	4.00178	0.380219
XM_026514968.3	1946	1766.9	24	5.83192
XM_026514970.3	1080	900.905	0	0
XM_026514971.3	4726	4546.9	138.324	13.0615
XM_026514972.3	4723	4543.9	56.9453	5.38074
XM_026514974.3	4444	4264.9	0	0
XM_026514975.3	1487	1307.9	643	211.081
XM_026514976.3	7325	7145.9	0	0
XM_026514980.3	6266	6086.9	61.9469	4.36955
XM_026514981.1	984	804.905	0	0
XM_026514982.3	19113	18933.9	1684.93	38.2082
XM_026514983.3	2462	2282.9	24	4.51374
XM_026514984.3	1557	1377.9	10.3602	3.22821
XM_026514985.3	1424	1244.9	4.63982	1.60021
XM_026514986.3	6355	6175.9	0	0
XM_026514988.3	3026	2846.9	45	6.78661
XM_026514989.3	675	495.98	0	0
XM_026514990.3	8615	8435.9	362	18.4243
XM_026514991.3	1132	952.905	5510	2482.65
XM_026514996.3	1297	1117.9	0	0
XM_026514998.2	1089	909.905	0	0
XM_026515000.3	1871	1691.9	77	19.5402
XM_026515002.3	1903	1723.9	9	2.24152
XM_026515004.3	582	402.98	8	8.52353
XM_026515005.3	567	387.98	26	28.7725
XM_026515006.3	1344	1164.9	28.4312	10.479
XM_026515007.3	1684	1504.9	2.56881	0.732887
XM_026515008.3	3087	2907.9	121	17.8656
XM_026515009.3	3308	3128.9	650.904	89.3179
XM_026515010.3	3149	2969.9	22.0955	3.1943
XM_026515013.3	1531	1351.9	41	13.0212
XM_026515014.3	1204	1024.9	0	0
XM_026515017.3	7851	7671.9	242	13.5433
XM_026515018.2	2763	2583.9	0	0
XM_026515020.2	5205	5025.9	16	1.36684
XM_026515023.3	2012	1832.9	728	170.532
XM_026515024.3	1561	1381.9	4	1.24278
XM_026515028.3	2594	2414.9	0	0
XM_026515029.3	3348	3168.9	0	0
XM_026515030.3	854	674.98	4	2.54438
XM_026515031.3	849	669.98	0	0
XM_026515033.3	3783	3603.9	11	1.31049
XM_026515035.3	4340	4160.9	2.99975	0.309535
XM_026515037.3	10529	10349.9	0.00102553	4.25426e-05
XM_026515039.3	10489	10309.9	0.160533	0.00668535
XM_026515040.3	10353	10173.9	0	0
XM_026515042.3	10474	10294.9	1.07335	0.0447645
XM_026515043.3	10451	10271.9	19.8771	0.830838
XM_026515044.3	10298	10118.9	0	0
XM_026515045.3	4392	4212.9	0	0
XM_026515046.3	4365	4185.9	42.9123	4.40156
XM_026515047.3	3357	3177.9	21	2.83721
XM_026515048.3	993	813.905	290	152.981
XM_026515049.3	4105	3925.9	4	0.437455
XM_026515051.3	2259	2079.9	3	0.619286
XM_026515052.3	3874	3694.9	66	7.66927
XM_026515054.3	11885	11705.9	0	0
XM_026515056.3	11614	11434.9	0	0
XM_026515058.3	3220	3040.9	0	0
XM_026515060.3	3075	2895.9	0	0
XM_026515061.3	4018	3838.9	40	4.47369
XM_026515062.3	3802	3622.9	0	0
XM_026515065.3	2133	1953.9	9	1.97766
XM_026515066.3	7734	7554.9	144.489	8.21142
XM_026515067.3	7589	7409.9	153.258	8.8802
XM_026515068.3	7125	6945.9	65.2709	4.03463
XM_026515069.3	6999	6819.9	3.06537e-06	1.92983e-07
XM_026515071.3	4801	4621.9	0	0
XM_026515072.3	4808	4628.9	35	3.24641
XM_026515074.3	1949	1769.9	0	0
XM_026515075.3	5515	5335.9	24.8496	1.99951
XM_026515076.3	5505	5325.9	234.131	18.8746
XM_026515077.3	5404	5224.9	0	0
XM_026515078.3	1255	1075.9	5.7193	2.28235
XM_026515079.3	8921	8741.9	2.2807	0.112015
XM_026515081.3	7031	6851.9	11.4647	0.718398
XM_026515082.3	3106	2926.9	2	0.293383
XM_026515087.3	4617	4437.9	0	0
XM_026515090.3	1729	1549.9	26	7.20248
XM_026515091.3	7692	7512.9	3.00981	0.172007
XM_026515092.3	5608	5428.9	0	0
XM_026515093.3	5571	5391.9	0	0
XM_026515094.3	5541	5361.9	0	0
XM_026515095.3	5483	5303.9	0	0
XM_026515096.2	2757	2577.9	0	0
XM_026515097.3	5335	5155.9	0	0
XM_026515098.3	5280	5100.9	0	0
XM_026515102.3	4747	4567.9	3.92587	0.369005
XM_026515105.3	3891	3711.9	38	4.39542
XM_026515106.3	555	376.018	0	0
XM_026515107.3	3131	2951.9	13	1.89084
XM_026515109.3	924	744.98	48777	28111.5
XM_026515110.1	1209	1029.9	0	0
XM_026515111.2	447	268.446	0	0
XM_026515112.2	2807	2627.9	2	0.326764
XM_026515116.1	450	271.446	0	0
XM_026515117.3	4692	4512.9	50	4.75694
XM_026515118.2	1652	1472.9	6	1.749
XM_026515121.3	7298	7118.9	5	0.301558
XM_026515123.1	348	172.769	0	0
XM_026515124.1	942	762.905	0	0
XM_026515125.1	381	203.84	0	0
XM_026515127.3	1778	1598.9	0	0
XM_026515131.3	835	655.98	0	0
XM_026515136.3	1252	1072.9	1	0.400177
XM_026515137.3	1089	909.905	73.9742	34.9058
XM_026515138.3	1334	1154.9	53	19.7035
XM_026515139.2	2718	2538.9	0	0
XM_026515140.3	1585	1405.9	0	0
XM_026515141.2	1150	970.905	0	0
XM_026515142.3	2684	2504.9	111.868	19.1747
XM_026515143.3	2660	2480.9	38.1342	6.59961
XM_026515148.2	1817	1637.9	146	38.2717
XM_026515149.3	837	657.98	42	27.4063
XM_026515154.2	966	786.905	0	0
XM_026515160.3	4522	4342.9	2	0.197726
XM_026515165.3	6518	6338.9	7	0.47413
XM_026515168.3	936	756.98	0	0
XM_026515169.3	3888	3708.9	1	0.115762
XM_026515171.3	2657	2477.9	41.4913	7.18929
XM_026515172.3	7287	7107.9	0	0
XM_026515173.3	7286	7106.9	0	0
XM_026515174.3	6193	6013.9	0	0
XM_026515175.3	4019	3839.9	0	0
XM_026515176.3	4017	3837.9	0	0
XM_026515177.3	6236	6056.9	0	0
XM_026515178.3	4502	4322.9	495	49.1635
XM_026515179.2	702	522.98	0	0
XM_026515180.3	6751	6571.9	10	0.653314
XM_026515181.3	2498	2318.9	0	0
XM_026515182.3	2385	2205.9	0	0
XM_026515184.3	2366	2186.9	0	0
XM_026515187.3	2256	2076.9	0	0
XM_026515189.3	1340	1160.9	19.1481	7.08178
XM_026515191.3	444	265.446	417	674.487
XM_026515194.3	4557	4377.9	14.4146	1.41367
XM_026515195.3	4353	4173.9	4.6341	0.47669
XM_026515196.3	2157	1977.9	0	0
XM_026515214.3	2091	1911.9	6.29721	1.41415
XM_026515220.3	1404	1224.9	13.1244	4.60034
XM_026515221.3	1364	1184.9	6.03945	2.1884
XM_026515224.2	2346	2166.9	0	0
XM_026515225.3	4380	4200.9	0	0
XM_026515226.3	4449	4269.9	84	8.44646
XM_026515227.3	918	738.98	37.5065	21.7915
XM_026515228.3	1460	1280.9	16	5.36311
XM_026515229.3	4136	3956.9	21.5386	2.33709
XM_026515230.2	3660	3480.9	31.4614	3.88061
XM_026515231.3	3378	3198.9	115.935	15.5606
XM_026515233.3	3333	3153.9	21.4283	2.91711
XM_026515234.3	3331	3151.9	23.4952	3.20051
XM_026515235.3	3325	3145.9	0	0
XM_026515236.3	3306	3126.9	0	0
XM_026515237.3	3259	3079.9	0	0
XM_026515238.3	3169	2989.9	1919	275.569
XM_026515249.3	1268	1088.9	78	30.7552
XM_026515251.3	4006	3826.9	23.9994	2.69256
XM_026515253.3	4037	3857.9	0.000642211	7.14726e-05
XM_026515255.3	5316	5136.9	0	0
XM_026515256.3	6578	6398.9	0	0
XM_026515257.3	1601	1421.9	0	0
XM_026515261.3	15256	15076.9	49	1.3954
XM_026515262.3	1358	1178.9	168	61.1849
XM_026515263.3	6897	6717.9	16	1.02259
XM_026515264.3	6864	6684.9	2.83831	0.182296
XM_026515265.3	6858	6678.9	9.16169	0.588957
XM_026515266.3	6630	6450.9	0	0
XM_026515268.3	993	813.905	23	12.133
XM_026515270.3	1977	1797.9	0	0
XM_026515271.3	1796	1616.9	0	0
XM_026515272.3	1706	1526.9	12.2399	3.44174
XM_026515273.3	719	539.98	0	0
XM_026515274.3	6209	6029.9	0	0
XM_026515278.3	1887	1707.9	0	0
XM_026515279.3	6361	6181.9	7.76012	0.538964
XM_026515280.3	6074	5894.9	3	0.218503
XM_026515281.3	2541	2361.9	1599.98	290.848
XM_026515282.3	14375	14195.9	986.999	29.8516
XM_026515283.3	14372	14192.9	0.00108891	3.29407e-05
XM_026515292.2	2292	2112.9	0	0
XM_026515294.3	3058	2878.9	7.68427	1.14601
XM_026515295.3	2065	1885.9	2	0.455327
XM_026515296.3	4029	3849.9	0	0
XM_026515301.3	5121	4941.9	0	0
XM_026515305.2	1608	1428.9	0	0
XM_026515306.3	2744	2564.9	117.312	19.6374
XM_026515307.3	3669	3489.9	0	0
XM_026515310.3	3637	3457.9	29.4462	3.65619
XM_026515311.3	3690	3510.9	158.554	19.3897
XM_026515312.3	1447	1267.9	0	0
XM_026515313.3	1353	1173.9	7	2.56023
XM_026515315.3	6735	6555.9	219	14.3425
XM_026515316.3	3291	3111.9	0	0
XM_026515317.3	1132	952.905	2	0.901144
XM_026515321.3	1074	894.905	0	0
XM_026515323.3	1590	1410.9	0	0
XM_026515324.3	2069	1889.9	0	0
XM_026515325.3	2666	2486.9	14	2.41703
XM_026515326.3	3170	2990.9	0.21255	0.030512
XM_026515327.3	3167	2987.9	0.78745	0.113154
XM_026515328.3	2788	2608.9	38.1912	6.2852
XM_026515329.3	2955	2775.9	0	0
XM_026515330.3	2952	2772.9	0	0
XM_026515331.3	2742	2562.9	0	0
XM_026515332.3	2739	2559.9	0	0
XM_026515333.3	6466	6286.9	0	0
XM_026515336.3	12517	12337.9	151.523	5.27291
XM_026515339.3	7901	7721.9	0	0
XM_026515346.3	5429	5249.9	9.52426e-07	7.7892e-08
XM_026515350.3	5360	5180.9	30	2.48616
XM_026515351.3	12107	11927.9	90.87	3.27092
XM_026515352.3	12105	11925.9	0	0
XM_026515354.3	6856	6676.9	0.0398845	0.00256473
XM_026515355.3	6834	6654.9	2.96012	0.190977
XM_026515356.3	1921	1741.9	1	0.246484
XM_026515359.3	1465	1285.9	1	0.333891
XM_026515360.3	1168	988.905	123	53.4028
XM_026515365.3	12854	12674.9	347	11.7543
XM_026515369.3	5507	5327.9	0.0119344	0.000961737
XM_026515370.3	2224	2044.9	3	0.629886
XM_026515372.3	1733	1553.9	0	0
XM_026515373.3	4524	4344.9	0	0
XM_026515376.3	8048	7868.9	2.00392	0.10934
XM_026515377.3	3070	2890.9	3.52419	0.523406
XM_026515378.3	2139	1959.9	0	0
XM_026515379.3	2985	2805.9	230.449	35.2626
XM_026515381.3	3108	2928.9	0	0
XM_026515382.3	2606	2426.9	26.8159	4.7441
XM_026515384.3	2850	2670.9	490.184	78.7978
XM_026515387.3	1489	1309.9	0	0
XM_026515394.3	1540	1360.9	0	0
XM_026515396.3	2649	2469.9	98	17.0357
XM_026515406.3	3604	3424.9	3	0.376085
XM_026515408.3	8403	8223.9	94.3684	4.92677
XM_026515409.3	3581	3401.9	136	17.1645
XM_026515410.3	1602	1422.9	35	10.561
XM_026515411.3	5270	5090.9	186	15.6867
XM_026515412.3	1672	1492.9	24.0513	6.91704
XM_026515413.3	4168	3988.9	5.94867	0.640295
XM_026515415.2	3757	3577.9	0	0
XM_026515418.2	3627	3447.9	32	3.98481
XM_026515423.3	3373	3193.9	40.0119	5.37874
XM_026515424.3	3361	3181.9	13.9881	1.8875
XM_026515425.3	3953	3773.9	0	0
XM_026515426.3	5946	5766.9	113	8.41297
XM_026515430.2	1584	1404.9	4.78673	1.46287
XM_026515432.2	599	419.98	0	0
XM_026515434.3	9910	9730.9	1.21716e-05	5.3704e-07
XM_026515435.3	9908	9728.9	0	0
XM_026515436.3	9368	9188.9	76.9566	3.5958
XM_026515437.3	6173	5993.9	40.228	2.88159
XM_026515438.3	6350	6170.9	26.772	1.86271
XM_026515439.3	5828	5648.9	3.00593	0.22847
XM_026515443.3	3988	3808.9	43.1622	4.86538
XM_026515444.3	3949	3769.9	54.8378	6.24545
XM_026515445.3	7580	7400.9	87.9999	5.10518
XM_026515448.3	1643	1463.9	1.61664	0.474147
XM_026515452.3	8452	8272.9	0	0
XM_026515453.3	8327	8147.9	0	0
XM_026515454.3	12518	12338.9	0	0
XM_026515456.3	3521	3341.9	0	0
XM_026515457.3	3359	3179.9	0	0
XM_026515458.3	3337	3157.9	15.4142	2.09574
XM_026515459.3	815	635.98	642	433.416
XM_026515460.3	3735	3555.9	0	0
XM_026515461.3	3564	3384.9	30	3.80529
XM_026515462.3	1381	1201.9	346	123.6
XM_026515465.3	9683	9503.9	3.82733	0.172905
XM_026515466.3	5996	5816.9	9	0.6643
XM_026515470.3	6284	6104.9	0	0
XM_026515472.3	7030	6850.9	0	0
XM_026515474.3	6842	6662.9	15.6662	1.00951
XM_026515475.3	7236	7056.9	0	0
XM_026515476.3	6710	6530.9	129.624	8.52168
XM_026515478.3	8611	8431.9	1.09225	0.0556173
XM_026515481.3	2304	2124.9	0	0
XM_026515482.2	2200	2020.9	11	2.33701
XM_026515483.3	6235	6055.9	0	0
XM_026515486.3	2473	2293.9	116.414	21.7894
XM_026515487.3	2470	2290.9	3.14156e-08	5.88777e-09
XM_026515488.3	2460	2280.9	24.1156	4.53947
XM_026515489.3	2420	2240.9	10.041	1.92382
XM_026515490.3	2296	2116.9	22.9665	4.65809
XM_026515491.3	2080	1900.9	40.9542	9.25021
XM_026515492.3	2042	1862.9	3.69412	0.851401
XM_026515493.3	10843	10663.9	121.441	4.88947
XM_026515495.3	2096	1916.9	2	0.447964
XM_026515498.3	1617	1437.9	0	0
XM_026515499.3	2185	2005.9	0	0
XM_026515502.3	3749	3569.9	14	1.68378
XM_026515506.1	1152	972.905	1	0.441309
XM_026515507.1	933	753.98	0	0
XM_026515508.3	8765	8585.9	5	0.250033
XM_026515509.2	1245	1065.9	0	0
XM_026515510.3	1330	1150.9	0	0
XM_026515511.3	1733	1553.9	44.3099	12.2431
XM_026515516.3	859	679.98	0	0
XM_026515517.2	2937	2757.9	0	0
XM_026515519.1	348	172.769	0	0
XM_026515524.3	3509	3329.9	0	0
XM_026515525.1	774	594.98	0	0
XM_026515528.3	2889	2709.9	0	0
XM_026515529.2	1125	945.905	0	0
XM_026515530.2	843	663.98	0	0
XM_026515534.3	1808	1628.9	0	0
XM_026515535.3	1600	1420.9	0	0
XM_026515537.1	978	798.905	0	0
XM_026515539.1	1584	1404.9	2	0.611219
XM_026515542.3	3498	3318.9	43.4936	5.62658
XM_026515548.3	11583	11403.9	27.463	1.03397
XM_026515550.3	11470	11290.9	0	0
XM_026515554.3	11583	11403.9	0	0
XM_026515555.3	948	768.905	0	0
XM_026515556.3	1224	1044.9	0	0
XM_026515557.3	1236	1056.9	4.87534	1.98054
XM_026515560.3	1407	1227.9	0	0
XM_026515561.3	921	741.98	0	0
XM_026515564.3	3060	2880.9	5	0.745169
XM_026515567.3	1931	1751.9	4	0.980309
XM_026515568.3	2360	2180.9	140.238	27.6085
XM_026515569.3	2358	2178.9	28.7617	5.66748
XM_026515573.3	3199	3019.9	1440	204.731
XM_026515575.3	5034	4854.9	8.0421	0.711217
XM_026515577.3	1171	991.905	54	23.3742
XM_026515580.3	1045	865.905	6.69007	3.31722
XM_026515582.3	6325	6145.9	0	0
XM_026515585.3	7112	6932.9	110.013	6.81307
XM_026515586.3	2856	2676.9	64.2347	10.3027
XM_026515587.3	2354	2174.9	8.76525	1.73036
XM_026515590.3	2744	2564.9	11	1.84134
XM_026515591.3	4137	3957.9	188.679	20.4679
XM_026515592.3	4135	3955.9	66.3206	7.19807
XM_026515594.3	878	698.98	0	0
XM_026515595.3	9914	9734.9	1.64265e-05	7.24479e-07
XM_026515596.3	9832	9652.9	1.0226	0.0454841
XM_026515597.3	4007	3827.9	0	0
XM_026515598.3	12808	12628.9	49.5566	1.6848
XM_026515599.3	1517	1337.9	21	6.73919
XM_026515602.3	2121	1941.9	0	0
XM_026515603.3	7836	7656.9	37	2.07473
XM_026515604.3	11225	11045.9	4.05261	0.157524
XM_026515605.3	2484	2304.9	7	1.30394
XM_026515606.3	1711	1531.9	3.40594	0.954594
XM_026515607.3	11820	11640.9	167.284	6.16996
XM_026515608.3	1102	922.905	21.4297	9.96947
XM_026515609.3	1163	983.905	11.2314	4.90113
XM_026515610.3	620	440.98	268.68	261.596
XM_026515613.3	4354	4174.9	64	6.58183
XM_026515614.3	3883	3703.9	4	0.463675
XM_026515615.3	8470	8290.9	5.04088	0.261047
XM_026515616.3	2583	2403.9	0	0
XM_026515617.2	948	768.905	0	0
XM_026515618.3	8737	8557.9	0	0
XM_026515619.3	8635	8455.9	6.73209	0.341825
XM_026515620.3	8558	8378.9	0.11297	0.00578883
XM_026515621.3	8490	8310.9	51.1593	2.64295
XM_026515623.3	8125	7945.9	0	0
XM_026515625.3	8707	8527.9	21.8449	1.09982
XM_026515627.3	5824	5644.9	0.00796168	0.000605566
XM_026515631.3	2764	2584.9	24.9901	4.15085
XM_026515633.3	2773	2593.9	0	0
XM_026515635.3	5591	5411.9	4.79211	0.380181
XM_026515636.3	2062	1882.9	0	0
XM_026515639.3	1680	1500.9	0	0
XM_026515641.3	6952	6772.9	8	0.507141
XM_026515642.3	2675	2495.9	0	0
XM_026515643.3	1673	1493.9	2.47842e-08	7.12305e-09
XM_026515644.3	2494	2314.9	13	2.41115
XM_026515645.3	2458	2278.9	0	0
XM_026515647.3	1146	966.905	82	36.4119
XM_026515648.3	4538	4358.9	5.24787	0.516915
XM_026515649.3	4539	4359.9	3.89024	0.3831
XM_026515650.3	9312	9132.9	5.73966	0.26983
XM_026515651.3	9310	9130.9	0	0
XM_026515658.3	7135	6955.9	0	0
XM_026515659.3	6719	6539.9	5.72063e-08	3.75565e-09
XM_026515660.3	6628	6448.9	5	0.332887
XM_026515662.2	1509	1329.9	0	0
XM_026515663.3	984	804.905	0	0
XM_026515664.3	4505	4325.9	0	0
XM_026515665.3	4503	4323.9	32.9999	3.2768
XM_026515668.3	1968	1788.9	24.0353	5.76867
XM_026515669.3	1955	1775.9	0	0
XM_026515670.3	1951	1771.9	0	0
XM_026515672.3	1453	1273.9	117	39.4332
XM_026515673.3	3172	2992.9	0	0
XM_026515675.3	1763	1583.9	30	8.13216
XM_026515679.3	7843	7663.9	3.96987	0.222402
XM_026515680.3	3512	3332.9	299.179	38.5408
XM_026515681.3	2659	2479.9	14	2.42385
XM_026515682.3	6997	6817.9	0	0
XM_026515683.3	7056	6876.9	4.96811	0.310178
XM_026515684.3	6333	6153.9	71.338	4.97718
XM_026515685.3	7170	6990.9	6.57509	0.403814
XM_026515688.3	6295	6115.9	0	0
XM_026515689.3	6286	6106.9	0	0
XM_026515691.3	5717	5537.9	0	0
XM_026515693.3	5698	5518.9	0	0
XM_026515694.3	5686	5506.9	0	0
XM_026515695.3	5663	5483.9	0	0
XM_026515696.3	5666	5486.9	0	0
XM_026515697.3	5643	5463.9	0	0
XM_026515698.3	5847	5667.9	0	0
XM_026515699.3	6127	5947.9	0	0
XM_026515700.3	3356	3176.9	990	133.796
XM_026515701.3	3892	3712.9	319.684	36.9676
XM_026515702.3	2825	2645.9	0	0
XM_026515703.3	1904	1724.9	0	0
XM_026515704.3	4720	4540.9	1	0.0945521
XM_026515705.2	711	531.98	0	0
XM_026515706.3	807	627.98	15	10.2555
XM_026515707.3	1707	1527.9	0	0
XM_026515708.3	1833	1653.9	4.00486	1.03966
XM_026515709.3	8646	8466.9	79.4498	4.02886
XM_026515710.3	1152	972.905	22	9.70881
XM_026515711.3	4030	3850.9	0	0
XM_026515712.3	1253	1073.9	0	0
XM_026515713.3	2395	2215.9	0	0
XM_026515714.3	1903	1723.9	0	0
XM_026515715.3	1083	903.905	1.14506	0.543902
XM_026515716.3	1460	1280.9	8.95856	3.00286
XM_026515717.3	8507	8327.9	13.7201	0.707352
XM_026515718.3	542	363.056	32	37.8434
XM_026515719.3	1802	1622.9	111	29.3659
XM_026515723.3	2464	2284.9	1	0.187908
XM_026515724.3	1198	1018.9	0	0
XM_026515725.3	2083	1903.9	0	0
XM_026515726.3	1395	1215.9	77.0002	27.1898
XM_026515727.3	1298	1118.9	23.9998	9.20934
XM_026515728.3	1534	1354.9	163.027	51.6613
XM_026515729.3	3143	2963.9	0	0
XM_026515730.3	1476	1296.9	5947.94	1969.12
XM_026515731.3	1074	894.905	0	0
XM_026515732.3	4964	4784.9	7.32923	0.657655
XM_026515733.3	5350	5170.9	0	0
XM_026515734.3	5330	5150.9	61.6242	5.13667
XM_026515735.3	5138	4958.9	0	0
XM_026515736.3	3475	3295.9	1.80169e-06	2.34703e-07
XM_026515737.3	3436	3256.9	10.0462	1.32437
XM_026515738.3	2113	1933.9	25	5.55032
XM_026515740.3	2107	1927.9	0	0
XM_026515741.2	1206	1026.9	0	0
XM_026515742.3	1256	1076.9	20.7098	8.2568
XM_026515743.3	1204	1024.9	8.29011	3.47288
XM_026515744.3	1138	958.905	0.000105613	4.72887e-05
XM_026515745.3	1327	1147.9	0	0
XM_026515748.3	3194	3014.9	119.448	17.0105
XM_026515757.3	4107	3927.9	5	0.546541
XM_026515759.3	1104	924.905	0	0
XM_026515760.3	1963	1783.9	0	0
XM_026515761.3	1878	1698.9	78	19.7124
XM_026515763.3	1365	1185.9	0	0
XM_026515768.3	1270	1090.9	0	0
XM_026515771.3	1160	980.905	35	15.3199
XM_026515774.3	1581	1401.9	20.4098	6.25076
XM_026515775.3	2397	2217.9	69.5902	13.4716
XM_026515779.3	2129	1949.9	2	0.440382
XM_026515783.3	1404	1224.9	7	2.45363
XM_026515784.3	2681	2501.9	1	0.17161
XM_026515786.3	3340	3160.9	115	15.6207
XM_026515787.3	1296	1116.9	100.818	38.7558
XM_026515788.3	1301	1121.9	27.1816	10.4024
XM_026515790.3	2861	2681.9	23	3.68212
XM_026515791.3	1951	1771.9	0	0
XM_026515792.3	1280	1100.9	1	0.389999
XM_026515794.3	594	414.98	9	9.31169
XM_026515795.3	3536	3356.9	38	4.86024
XM_026515796.3	4864	4684.9	0.231791	0.0212427
XM_026515797.3	4854	4674.9	3.76821	0.346079
XM_026515799.3	2285	2105.9	150	30.582
XM_026515804.3	3388	3208.9	0	0
XM_026515805.3	2877	2697.9	3	0.477428
XM_026515807.3	2943	2763.9	0	0
XM_026515808.3	2726	2546.9	0	0
XM_026515810.3	2671	2491.9	3.52625	0.607569
XM_026515811.3	2215	2035.9	0	0
XM_026515814.3	4631	4451.9	28	2.70038
XM_026515819.3	10161	9981.9	5.06994e-06	2.18074e-07
XM_026515820.3	2217	2037.9	43	9.05937
XM_026515822.3	6206	6026.9	62	4.41683
XM_026515823.3	3110	2930.9	111	16.2605
XM_026515824.3	2971	2791.9	0	0
XM_026515825.3	2995	2815.9	12	1.82969
XM_026515826.3	2951	2771.9	0	0
XM_026515829.3	1373	1193.9	2	0.71924
XM_026515832.3	1539	1359.9	1	0.315722
XM_026515833.3	2883	2703.9	0	0
XM_026515836.3	879	699.98	33	20.2414
XM_026515838.3	2540	2360.9	1.9706	0.358371
XM_026515839.3	2669	2489.9	3.7525	0.64707
XM_026515841.3	1603	1423.9	1.2769	0.385027
XM_026515842.3	1992	1812.9	15	3.55246
XM_026515844.3	6002	5822.9	0	0
XM_026515845.3	2639	2459.9	29.3089	5.11557
XM_026515846.3	5911	5731.9	6	0.449434
XM_026515847.3	1870	1690.9	47.6362	12.0957
XM_026515848.3	1895	1715.9	28.3638	7.09717
XM_026515849.3	1861	1681.9	2.19874e-08	5.61288e-09
XM_026515854.3	4184	4004.9	4.03391	0.432462
XM_026515855.3	1547	1367.9	30	9.41627
XM_026515857.3	6550	6370.9	0	0
XM_026515858.3	3086	2906.9	5	0.738504
XM_026515864.3	798	618.98	34	23.5839
XM_026515865.3	389	211.61	0	0
XM_026515866.3	1905	1725.9	96	23.8818
XM_026515867.3	1525	1345.9	34	10.8462
XM_026515868.3	6575	6395.9	0	0
XM_026515870.3	5014	4834.9	5.4992	0.488343
XM_026515871.3	5010	4830.9	70.0657	6.22717
XM_026515872.3	5011	4831.9	2.91834	0.259317
XM_026515873.3	5008	4828.9	31.5167	2.80224
XM_026515874.3	4990	4810.9	0	0
XM_026515875.3	773	593.98	0	0
XM_026515876.3	713	533.98	0	0
XM_026515877.3	2503	2323.9	571	105.495
XM_026515878.3	6290	6110.9	0	0
XM_026515879.3	4266	4086.9	0	0
XM_026515881.3	3967	3787.9	0	0
XM_026515882.3	4218	4038.9	1	0.106304
XM_026515883.3	3920	3740.9	1	0.114772
XM_026515884.3	2127	1947.9	0	0
XM_026515887.3	4154	3974.9	0	0
XM_026515890.2	4791	4611.9	0	0
XM_026515894.3	2235	2055.9	3	0.626515
XM_026515896.3	3664	3484.9	65	8.00822
XM_026515897.3	6605	6425.9	1271	84.9229
XM_026515898.3	2333	2153.9	0.125717	0.0250601
XM_026515899.3	2184	2004.9	0	0
XM_026515901.3	2255	2075.9	13.1518	2.72015
XM_026515903.3	2371	2191.9	0	0
XM_026515905.3	2078	1898.9	0	0
XM_026515906.3	1897	1717.9	0	0
XM_026515907.3	2636	2456.9	443	77.4157
XM_026515908.3	4879	4699.9	55	5.02443
XM_026515909.3	1108	928.905	5	2.31107
XM_026515910.3	816	636.98	515	347.132
XM_026515911.3	406	228.259	17	31.9768
XM_026515912.3	2399	2219.9	20	3.8682
XM_026515913.2	1680	1500.9	0	0
XM_026515914.3	652	472.98	4	3.63103
XM_026515916.3	977	797.905	0	0
XM_026515917.3	1535	1355.9	23	7.28303
XM_026515918.3	1964	1784.9	0	0
XM_026515920.3	2051	1871.9	0	0
XM_026515921.3	1870	1690.9	16	4.0627
XM_026515923.3	1574	1394.9	0	0
XM_026515924.3	4093	3913.9	0	0
XM_026515925.3	4101	3921.9	0	0
XM_026515926.3	4098	3918.9	93.7814	10.2746
XM_026515928.3	2901	2721.9	0	0
XM_026515929.3	2749	2569.9	4	0.668277
XM_026515930.3	4404	4224.9	7.70681	0.783197
XM_026515931.3	1103	923.905	0.285475	0.132664
XM_026515933.3	1408	1228.9	4.0292	1.40771
XM_026515934.3	3294	3114.9	17.7589	2.44784
XM_026515936.3	7740	7560.9	233.099	13.2367
XM_026515938.3	2461	2281.9	266	50.0492
XM_026515939.3	6789	6609.9	114.885	7.46244
XM_026515942.3	3567	3387.9	31.9425	4.0481
XM_026515943.3	1870	1690.9	27.0562	6.87008
XM_026515944.3	6574	6394.9	496	33.3013
XM_026515945.3	2072	1892.9	105	23.8163
XM_026515947.3	5482	5302.9	68	5.50565
XM_026515948.3	4460	4280.9	139.275	13.9685
XM_026515949.3	2427	2247.9	0	0
XM_026515950.3	5148	4968.9	131.976	11.4038
XM_026515951.3	5146	4966.9	0	0
XM_026515952.3	5101	4921.9	55.024	4.7999
XM_026515953.3	5091	4911.9	0	0
XM_026515954.3	5065	4885.9	0	0
XM_026515955.3	5026	4846.9	0	0
XM_026515958.3	5093	4913.9	0	0
XM_026515962.3	5426	5246.9	0	0
XM_026515966.3	5319	5139.9	6	0.501198
XM_026515968.3	1790	1610.9	48	12.7934
XM_026515969.3	6156	5976.9	3.7567	0.269863
XM_026515970.3	4565	4385.9	0.243303	0.0238178
XM_026515973.3	6121	5941.9	0	0
XM_026515975.3	2556	2376.9	579	104.588
XM_026515976.3	3167	2987.9	18.0473	2.59334
XM_026515977.3	3406	3226.9	15.9527	2.12257
XM_026515978.3	3272	3092.9	0	0
XM_026515980.3	3115	2935.9	0	0
XM_026515981.3	3104	2924.9	0	0
XM_026515985.3	3052	2872.9	31	4.63291
XM_026515986.3	3049	2869.9	0	0
XM_026515988.3	3025	2845.9	0	0
XM_026515990.3	1638	1458.9	45	13.2434
XM_026515991.3	2294	2114.9	0	0
XM_026515992.3	1920	1740.9	0	0
XM_026515995.3	1002	822.905	5	2.60876
XM_026515998.3	1091	911.905	101	47.5538
XM_026515999.3	1733	1553.9	1	0.276305
XM_026516000.3	7191	7011.9	18	1.10217
XM_026516005.3	11959	11779.9	211.011	7.69091
XM_026516007.3	3790	3610.9	1.26312	0.15019
XM_026516010.3	2636	2456.9	39.3485	6.87627
XM_026516011.3	10199	10019.9	38.0336	1.62973
XM_026516012.3	3579	3399.9	58	7.32444
XM_026516013.3	3644	3464.9	0	0
XM_026516014.3	2970	2790.9	0	0
XM_026516015.3	3594	3414.9	0	0
XM_026516016.3	5314	5134.9	144	12.0405
XM_026516017.3	2459	2279.9	28	5.27296
XM_026516018.3	1464	1284.9	0	0
XM_026516020.3	3654	3474.9	6	0.741347
XM_026516022.3	1559	1379.9	7	2.17802
XM_026516023.3	1291	1111.9	0	0
XM_026516024.3	9975	9795.9	38	1.66553
XM_026516025.3	10058	9878.9	0	0
XM_026516026.3	2456	2276.9	0	0
XM_026516027.3	1362	1182.9	2	0.725928
XM_026516028.3	3866	3686.9	0	0
XM_026516030.3	2555	2375.9	8.11874	1.46715
XM_026516031.3	17943	17763.9	3.34583	0.0808683
XM_026516033.3	2480	2300.9	40.5812	7.57251
XM_026516035.3	2482	2302.9	0	0
XM_026516036.2	1348	1168.9	776	285.034
XM_026516037.3	2252	2072.9	6.10532e-07	1.26457e-07
XM_026516039.3	1732	1552.9	0	0
XM_026516042.3	857	677.98	1893	1198.8
XM_026516043.3	3632	3452.9	1865	231.904
XM_026516044.3	2415	2235.9	0	0
XM_026516045.3	2708	2528.9	3	0.509333
XM_026516046.3	3973	3793.9	0	0
XM_026516047.3	3895	3715.9	0	0
XM_026516048.3	5298	5118.9	0	0
XM_026516049.3	3786	3606.9	0	0
XM_026516050.3	3838	3658.9	38.0135	4.46067
XM_026516051.3	2355	2175.9	1.83691	0.362461
XM_026516053.3	2718	2538.9	5.94885	1.006
XM_026516054.3	3034	2854.9	454.156	68.301
XM_026516055.3	2439	2259.9	62.1563	11.8089
XM_026516056.3	2268	2088.9	12	2.46647
XM_026516057.3	2211	2031.9	43	9.08612
XM_026516058.3	2429	2249.9	14	2.67164
XM_026516059.3	1144	964.905	2	0.889937
XM_026516061.3	1094	914.905	0	0
XM_026516062.3	2419	2239.9	0	0
XM_026516063.3	1089	909.905	0	0
XM_026516064.3	1847	1667.9	33	8.49486
XM_026516065.3	5913	5733.9	0.000797522	5.9718e-05
XM_026516066.3	5907	5727.9	0	0
XM_026516067.3	3586	3406.9	37.376	4.71027
XM_026516069.3	2688	2508.9	0.000391901	6.70666e-05
XM_026516073.3	4438	4258.9	0	0
XM_026516074.3	2145	1965.9	4	0.873597
XM_026516075.3	3690	3510.9	0	0
XM_026516077.3	3624	3444.9	2	0.249268
XM_026516078.3	777	597.98	314	225.453
XM_026516079.3	3001	2821.9	0	0
XM_026516080.3	3057	2877.9	20	2.98378
XM_026516081.3	4142	3962.9	31.2778	3.38872
XM_026516082.3	2773	2593.9	0	0
XM_026516083.3	1583	1403.9	0	0
XM_026516085.3	2233	2053.9	8	1.67233
XM_026516086.3	3057	2877.9	35	5.22162
XM_026516087.3	4391	4211.9	0.000523611	5.33757e-05
XM_026516088.3	4359	4179.9	10.9995	1.12985
XM_026516089.2	3306	3126.9	2	0.274618
XM_026516092.3	3517	3337.9	0	0
XM_026516094.3	2542	2362.9	0	0
XM_026516095.3	2187	2007.9	0.00123496	0.000264073
XM_026516098.3	3072	2892.9	94	13.9511
XM_026516099.3	3154	2974.9	0	0
XM_026516102.2	2142	1962.9	1	0.218733
XM_026516105.3	1929	1749.9	69.2087	16.9809
XM_026516106.3	2510	2330.9	6.08591	1.12102
XM_026516107.3	917	737.98	1	0.581793
XM_026516108.3	4406	4226.9	15	1.52364
XM_026516109.3	4114	3934.9	28.5727	3.11767
XM_026516115.3	3996	3816.9	10.0259	1.12779
XM_026516117.3	1848	1668.9	144	37.0463
XM_026516118.3	3773	3593.9	0	0
XM_026516119.3	4137	3957.9	0	0
XM_026516120.3	3490	3310.9	0	0
XM_026516121.3	2781	2601.9	21	3.4653
XM_026516122.3	1550	1370.9	22	6.89015
XM_026516123.3	1140	960.905	4.94286	2.20857
XM_026516124.3	1116	936.905	0	0
XM_026516126.3	2205	2025.9	0	0
XM_026516130.3	2978	2798.9	2	0.3068
XM_026516132.3	2742	2562.9	33	5.52834
XM_026516134.3	1790	1610.9	2	0.533057
XM_026516135.3	3878	3698.9	1	0.116075
XM_026516136.3	4862	4682.9	122	11.1856
XM_026516138.3	1123	943.905	15	6.82302
XM_026516139.3	4152	3972.9	0	0
XM_026516141.3	1916	1736.9	0	0
XM_026516143.3	1307	1127.9	1	0.380663
XM_026516144.3	3699	3519.9	0	0
XM_026516145.3	1886	1706.9	0	0
XM_026516146.3	2855	2675.9	6	0.962707
XM_026516147.3	2214	2034.9	0	0
XM_026516149.3	675	495.98	65	56.2681
XM_026516151.3	1611	1431.9	0	0
XM_026516152.3	2835	2655.9	36.7287	5.93754
XM_026516153.3	2544	2364.9	0	0
XM_026516154.3	2677	2497.9	12.2713	2.10925
XM_026516156.3	2516	2336.9	0	0
XM_026516158.3	2558	2378.9	16.463	2.97129
XM_026516159.3	1406	1226.9	11	3.84942
XM_026516160.3	1202	1022.9	0	0
XM_026516161.3	1187	1007.9	46	19.5953
XM_026516163.3	1524	1344.9	12	3.83092
XM_026516164.3	916	736.98	0	0
XM_026516165.3	7733	7553.9	3.64233	0.207024
XM_026516166.3	7730	7550.9	48.2269	2.74223
XM_026516167.3	7347	7167.9	0	0
XM_026516168.3	8760	8580.9	0.00331895	0.000166066
XM_026516169.3	7730	7550.9	0	0
XM_026516170.3	7541	7361.9	42.9595	2.50543
XM_026516171.3	6865	6685.9	15.1166	0.970751
XM_026516173.3	2407	2227.9	20.7019	3.98958
XM_026516179.3	8701	8521.9	26.9967	1.36015
XM_026516180.3	2766	2586.9	15.6782	2.60213
XM_026516191.3	4667	4487.9	0	0
XM_026516192.3	4555	4375.9	0	0
XM_026516193.3	4286	4106.9	0	0
XM_026516194.3	7693	7513.9	0	0
XM_026516195.3	7690	7510.9	0	0
XM_026516197.3	7555	7375.9	0	0
XM_026516198.2	3432	3252.9	1	0.13199
XM_026516202.3	4117	3937.9	70.8282	7.72244
XM_026516206.3	3787	3607.9	14.6588	1.74444
XM_026516207.3	6821	6641.9	0	0
XM_026516208.3	7844	7664.9	36.6205	2.05131
XM_026516209.2	1460	1280.9	0	0
XM_026516211.3	2830	2650.9	3.32021	0.537756
XM_026516213.3	7267	7087.9	19.1623	1.16076
XM_026516220.3	2109	1929.9	0	0
XM_026516223.3	3334	3154.9	0	0
XM_026516227.3	1768	1588.9	0	0
XM_026516232.3	4248	4068.9	4.59877	0.485263
XM_026516233.3	4456	4276.9	28.3343	2.84444
XM_026516234.3	2257	2077.9	5.70841	1.17951
XM_026516235.3	2247	2067.9	0	0
XM_026516236.3	2455	2275.9	0	0
XM_026516238.3	2515	2335.9	0	0
XM_026516239.3	2440	2260.9	31	5.88698
XM_026516240.3	2465	2285.9	1.81493e-05	3.4089e-06
XM_026516241.3	4501	4321.9	9	0.894089
XM_026516242.3	779	599.98	144	103.048
XM_026516244.3	500	321.091	31	41.4521
XM_026516245.3	459	280.391	358.713	549.285
XM_026516246.3	1315	1135.9	18	6.80368
XM_026516247.3	1658	1478.9	90	26.1286
XM_026516248.3	6250	6070.9	0	0
XM_026516249.3	6314	6134.9	0	0
XM_026516251.3	5559	5379.9	0.496183	0.0395987
XM_026516252.3	5550	5370.9	0.174322	0.0139353
XM_026516254.3	5638	5458.9	43.0309	3.38445
XM_026516255.3	12627	12447.9	85.3979	2.94553
XM_026516260.3	12539	12359.9	2.02953e-05	7.05008e-07
XM_026516264.2	1336	1156.9	0	0
XM_026516265.2	1300	1120.9	0	0
XM_026516266.3	1296	1116.9	0	0
XM_026516268.3	3587	3407.9	7	0.88191
XM_026516269.3	810	630.98	101	68.7257
XM_026516270.3	5096	4916.9	11	0.960537
XM_026516271.2	1299	1119.9	0	0
XM_026516272.3	8170	7990.9	5.86157	0.314942
XM_026516273.3	8147	7967.9	252.138	13.5865
XM_026516275.3	1521	1341.9	57	18.2376
XM_026516276.3	4751	4571.9	0	0
XM_026516279.3	1826	1646.9	0	0
XM_026516281.3	4132	3952.9	78.0766	8.48043
XM_026516282.3	2180	2000.9	76	16.308
XM_026516283.3	1111	931.905	81.8053	37.6897
XM_026516284.3	1077	897.905	83.6665	40.0069
XM_026516285.3	1276	1096.9	0	0
XM_026516286.3	5340	5160.9	5.34255	0.444464
XM_026516287.3	2019	1839.9	38	8.86751
XM_026516288.3	798	618.98	180	124.856
XM_026516289.3	2783	2603.9	111	18.3025
XM_026516290.3	2834	2654.9	247	39.9449
XM_026516292.3	677	497.98	0	0
XM_026516293.3	5113	4933.9	216	18.7965
XM_026516295.3	2365	2185.9	46.5283	9.13902
XM_026516296.3	2308	2128.9	15.4717	3.12028
XM_026516297.3	2336	2156.9	0	0
XM_026516298.3	2339	2159.9	0	0
XM_026516299.3	2363	2183.9	16.2735	3.19935
XM_026516308.3	4661	4481.9	16.8493	1.6141
XM_026516323.3	717	537.98	0	0
XM_026516324.3	5946	5766.9	0.140509	0.0104611
XM_026516326.3	5761	5581.9	225.607	17.3534
XM_026516327.3	4179	3999.9	3.33974	0.358489
XM_026516331.3	2791	2611.9	24	3.94518
XM_026516332.3	1980	1800.9	980.335	233.721
XM_026516333.3	4998	4818.9	38	3.3857
XM_026516338.3	2789	2609.9	61	10.035
XM_026516340.3	2433	2253.9	0	0
XM_026516344.3	3288	3108.9	2	0.276208
XM_026516345.3	4099	3919.9	7.01695	0.768575
XM_026516346.3	5582	5402.9	0	0
XM_026516358.3	5680	5500.9	36	2.80984
XM_026516359.3	9917	9737.9	1.25508e-08	5.53375e-10
XM_026516361.3	654	474.98	1	0.903936
XM_026516362.3	828	648.98	0	0
XM_026516364.3	730	550.98	16348	12739.2
XM_026516365.3	440	261.551	1099	1804.07
XM_026516366.3	504	325.091	0	0
XM_026516368.2	742	562.98	0	0
XM_026516369.2	527	348.091	0	0
XM_026516370.3	1281	1101.9	1	0.389645
XM_026516371.3	459	280.391	0	0
XM_026516373.2	1854	1674.9	1	0.256344
XM_026516376.3	3882	3702.9	0	0
XM_026516377.2	330	156.434	0	0
XM_026516380.3	3878	3698.9	0	0
XM_026516382.3	3860	3680.9	0	0
XM_026516384.3	3788	3608.9	4.02815	0.47923
XM_026516386.3	1505	1325.9	235.952	76.4054
XM_026516387.3	1249	1069.9	0	0
XM_026516389.3	2812	2632.9	0	0
XM_026516391.3	3042	2862.9	0	0
XM_026516392.3	2107	1927.9	0	0
XM_026516393.3	5435	5255.9	0	0
XM_026516396.3	912	732.98	0	0
XM_026516400.3	10153	9973.9	284	12.2255
XM_026516401.3	4976	4796.9	7.73992	0.692769
XM_026516402.3	4790	4610.9	21.2601	1.97967
XM_026516403.3	2967	2787.9	3	0.462016
XM_026516404.3	4589	4409.9	0	0
XM_026516406.3	4215	4035.9	0	0
XM_026516407.3	3046	2866.9	27	4.04356
XM_026516408.3	2475	2295.9	13.7639	2.57396
XM_026516409.3	591	411.98	0	0
XM_026516410.2	606	426.98	0	0
XM_026516411.3	3117	2937.9	68.2708	9.97725
XM_026516412.3	3370	3190.9	76.8869	10.3455
XM_026516415.3	10154	9974.9	26.0491	1.12124
XM_026516416.3	5152	4972.9	85	7.33875
XM_026516417.3	11415	11235.9	1.98399	0.0758133
XM_026516418.3	4361	4181.9	0	0
XM_026516420.3	1567	1387.9	17.3397	5.36409
XM_026516421.3	2417	2237.9	413.401	79.3129
XM_026516423.3	6514	6334.9	101.289	6.86493
XM_026516424.3	1161	981.905	28	12.2434
XM_026516425.3	3207	3027.9	0	0
XM_026516426.2	1136	956.905	0	0
XM_026516428.3	5991	5811.9	105.174	7.76971
XM_026516429.3	15133	14953.9	6.85575e-06	1.9684e-07
XM_026516431.3	15124	14944.9	88	2.52815
XM_026516433.3	6256	6076.9	300	21.1959
XM_026516434.3	20705	20525.9	2.60599	0.054511
XM_026516435.3	2186	2006.9	0.171086	0.0366017
XM_026516436.3	2183	2003.9	1.20519	0.258221
XM_026516437.3	3825	3645.9	0	0
XM_026516440.3	1305	1125.9	71.3534	27.2099
XM_026516442.3	1289	1109.9	17.6466	6.82634
XM_026516444.3	5711	5531.9	19.7206	1.53059
XM_026516445.3	4758	4578.9	24.1217	2.26183
XM_026516446.3	4913	4733.9	13.7284	1.24513
XM_026516447.3	4831	4651.9	24.1498	2.22893
XM_026516450.2	7156	6976.9	260	16.0001
XM_026516451.2	1265	1085.9	4	1.58155
XM_026516452.3	3159	2979.9	1.00353	0.144591
XM_026516453.3	5308	5128.9	19.2609	1.61237
XM_026516455.3	7485	7305.9	0	0
XM_026516458.3	582	402.98	1990	2120.23
XM_026516460.3	7139	6959.9	17.0248	1.05025
XM_026516461.3	7531	7351.9	0	0
XM_026516463.3	7467	7287.9	0	0
XM_026516464.3	6966	6786.9	64	4.04876
XM_026516465.3	2568	2388.9	12.1021	2.17507
XM_026516466.3	2654	2474.9	0	0
XM_026516467.3	3536	3356.9	0	0
XM_026516468.3	2732	2552.9	0	0
XM_026516469.3	1797	1617.9	9	2.38838
XM_026516470.3	3586	3406.9	148.059	18.6591
XM_026516471.3	6059	5879.9	223.318	16.3067
XM_026516472.3	3865	3685.9	199	23.1805
XM_026516473.3	5986	5806.9	217	16.0446
XM_026516474.3	1973	1793.9	1	0.239339
XM_026516476.3	2188	2008.9	29.7615	6.36077
XM_026516477.3	2053	1873.9	14.2385	3.26234
XM_026516480.3	7373	7193.9	557.993	33.3025
XM_026516481.3	7364	7184.9	194.122	11.6003
XM_026516482.3	7352	7172.9	100.005	5.98606
XM_026516483.3	3397	3217.9	0	0
XM_026516484.3	11347	11167.9	220.214	8.46616
XM_026516486.3	11078	10898.9	0	0
XM_026516488.3	7241	7061.9	2	0.121597
XM_026516489.3	3091	2911.9	11.5987	1.7102
XM_026516491.2	1554	1374.9	0	0
XM_026516492.2	1443	1263.9	0	0
XM_026516493.3	1568	1388.9	6	1.85478
XM_026516494.2	639	459.98	0	0
XM_026516495.2	480	301.247	0	0
XM_026516496.3	1268	1088.9	93	36.6696
XM_026516497.3	3346	3166.9	32	4.33839
XM_026516499.3	15259	15079.9	5.85503	0.166703
XM_026516500.3	12503	12323.9	72.0272	2.50935
XM_026516505.3	3639	3459.9	0	0
XM_026516506.3	1213	1033.9	56	23.2552
XM_026516508.3	1050	870.905	0	0
XM_026516512.3	1276	1096.9	0	0
XM_026516513.3	2257	2077.9	0	0
XM_026516514.3	3562	3382.9	0	0
XM_026516515.2	6462	6282.9	1	0.0683365
XM_026516516.3	4916	4736.9	3	0.271919
XM_026516517.1	996	816.905	1	0.525584
XM_026516518.2	1385	1205.9	0	0
XM_026516519.1	390	212.589	0	0
XM_026516522.3	978	798.905	0	0
XM_026516523.2	555	376.018	0	0
XM_026516524.3	651	471.98	0	0
XM_026516525.3	2760	2580.9	0	0
XM_026516533.2	3639	3459.9	13.41	1.66409
XM_026516534.3	958	778.905	0	0
XM_026516535.2	768	588.98	0	0
XM_026516537.3	4734	4554.9	2	0.188523
XM_026516539.2	549	370.056	0	0
XM_026516540.3	1672	1492.9	7	2.01317
XM_026516543.2	1350	1170.9	0	0
XM_026516545.3	4916	4736.9	2	0.18128
XM_026516547.3	513	334.091	0	0
XM_026516548.3	5635	5455.9	16.182	1.27344
XM_026516551.3	4379	4199.9	17.2401	1.76244
XM_026516552.3	5773	5593.9	0	0
XM_026516553.3	4511	4331.9	0	0
XM_026516554.3	5695	5515.9	0	0
XM_026516557.3	2785	2605.9	0	0
XM_026516562.3	4913	4733.9	39	3.53719
XM_026516565.3	5466	5286.9	53	4.30415
XM_026516566.3	5323	5143.9	0	0
XM_026516567.3	7830	7650.9	125	7.01472
XM_026516568.3	1550	1370.9	0	0
XM_026516569.3	2267	2087.9	0	0
XM_026516570.3	2255	2075.9	87.4682	18.0907
XM_026516571.3	2285	2105.9	0	0
XM_026516573.3	1552	1372.9	3.53178	1.1045
XM_026516574.3	2568	2388.9	16	2.87564
XM_026516575.3	13250	13070.9	0.47432	0.0155804
XM_026516576.3	3171	2991.9	0	0
XM_026516578.3	3546	3366.9	3.81958	0.487078
XM_026516580.3	10938	10758.9	10.1542	0.405219
XM_026516585.3	6929	6749.9	54	3.43486
XM_026516588.3	8148	7968.9	226	12.1765
XM_026516589.3	5789	5609.9	1.25643e-05	9.61605e-07
XM_026516595.3	2885	2705.9	229.798	36.4626
XM_026516596.3	2843	2663.9	128.336	20.6844
XM_026516597.3	2837	2657.9	13.3488	2.15633
XM_026516598.3	2796	2616.9	331.869	54.4492
XM_026516599.3	2750	2570.9	16.9476	2.83032
XM_026516609.3	16586	16406.9	5.95047e-07	1.55718e-08
XM_026516610.3	592	412.98	277	287.981
XM_026516611.3	4106	3926.9	68.9999	7.54417
XM_026516612.3	1562	1382.9	0	0
XM_026516613.3	4659	4479.9	125	11.9799
XM_026516614.3	1134	954.905	0	0
XM_026516615.3	2833	2653.9	0	0
XM_026516616.3	2668	2488.9	124	21.3908
XM_026516618.3	1028	848.905	89	45.0137
XM_026516619.3	1708	1528.9	671.575	188.594
XM_026516620.3	2325	2145.9	59	11.8047
XM_026516621.3	3560	3380.9	20.8588	2.64892
XM_026516622.3	3410	3230.9	0.0156929	0.00208541
XM_026516624.3	3162	2982.9	8.11675	1.1683
XM_026516625.3	1609	1429.9	29	8.70772
XM_026516626.3	6116	5936.9	14	1.01247
XM_026516627.3	6219	6039.9	0	0
XM_026516628.3	2343	2163.9	1.25268	0.248551
XM_026516629.2	3027	2847.9	0	0
XM_026516630.3	1500	1320.9	0.000110468	3.59068e-05
XM_026516632.3	3863	3683.9	27.9977	3.26308
XM_026516633.3	3811	3631.9	0	0
XM_026516634.2	1497	1317.9	0.00214731	0.000699558
XM_026516635.3	2167	1987.9	0	0
XM_026516636.3	4477	4297.9	133	13.2864
XM_026516637.2	777	597.98	0	0
XM_026516638.3	4251	4071.9	44	4.63947
XM_026516639.3	8143	7963.9	35.4198	1.90956
XM_026516641.3	2692	2512.9	36.4662	6.23057
XM_026516642.2	750	570.98	1	0.751956
XM_026516643.3	4383	4203.9	0	0
XM_026516644.3	4268	4088.9	0	0
XM_026516652.3	893	713.98	665.131	399.977
XM_026516653.3	3714	3534.9	2.20138	0.267381
XM_026516661.3	3573	3393.9	234.408	29.6542
XM_026516664.3	4492	4312.9	375.211	37.3524
XM_026516666.3	5222	5042.9	19.7894	1.68487
XM_026516669.3	9916	9736.9	54.6043	2.40779
XM_026516671.3	3232	3052.9	0	0
XM_026516672.3	1138	958.905	0	0
XM_026516673.3	1108	928.905	2	0.924426
XM_026516674.3	5120	4940.9	494.719	42.9898
XM_026516675.3	3610	3430.9	7	0.875997
XM_026516676.3	1297	1117.9	36	13.8265
XM_026516677.3	2245	2065.9	49	10.1836
XM_026516678.3	1344	1164.9	0	0
XM_026516680.3	17494	17314.9	0	0
XM_026516684.3	18302	18122.9	0	0
XM_026516686.3	16963	16783.9	33.632	0.860347
XM_026516688.3	11311	11131.9	188.157	7.25712
XM_026516689.3	3139	2959.9	25.4694	3.6945
XM_026516690.3	2043	1863.9	8.13286e-07	1.87341e-07
XM_026516691.3	2019	1839.9	18	4.2004
XM_026516692.3	854	674.98	204	129.763
XM_026516694.3	6540	6360.9	2.87378	0.193976
XM_026516695.3	6428	6248.9	6.59285e-05	4.52984e-06
XM_026516696.3	6428	6248.9	6.59285e-05	4.52984e-06
XM_026516697.3	3969	3789.9	24	2.71892
XM_026516702.3	9198	9018.9	0	0
XM_026516705.2	666	486.98	0	0
XM_026516706.2	8436	8256.9	3.19797	0.166292
XM_026516708.3	3049	2869.9	93.3161	13.9605
XM_026516717.3	4533	4353.9	0	0
XM_026516718.3	4368	4188.9	0	0
XM_026516719.3	4355	4175.9	0	0
XM_026516721.3	1238	1058.9	0	0
XM_026516722.3	1222	1042.9	0	0
XM_026516723.3	753	573.98	4	2.9921
XM_026516724.3	2940	2760.9	0	0
XM_026516727.3	2074	1894.9	9	2.03924
XM_026516728.3	1465	1285.9	2	0.667782
XM_026516730.3	1803	1623.9	0	0
XM_026516732.2	576	396.98	0	0
XM_026516734.3	5028	4848.9	0	0
XM_026516737.3	2441	2261.9	115.024	21.8336
XM_026516738.3	1023	843.905	0	0
XM_026516739.3	4110	3930.9	0	0
XM_026516744.3	9913	9733.9	217.217	9.58121
XM_026516749.3	1025	845.905	62.9013	31.9265
XM_026516750.3	8821	8641.9	13.0987	0.650777
XM_026516751.3	492	313.186	0	0
XM_026516752.3	972	792.905	8.01527	4.34021
XM_026516754.2	609	429.98	0	0
XM_026516755.3	2532	2352.9	77	14.0508
XM_026516758.3	7245	7065.9	0	0
XM_026516759.3	5680	5500.9	0	0
XM_026516767.3	1339	1159.9	6.08692	2.25314
XM_026516769.3	5230	5050.9	0	0
XM_026516770.3	5551	5371.9	0	0
XM_026516771.3	5401	5221.9	5	0.411107
XM_026516775.3	2503	2323.9	244	45.0801
XM_026516777.3	2414	2234.9	0	0
XM_026516778.3	6615	6435.9	2	0.133424
XM_026516779.3	6429	6249.9	0	0
XM_026516781.3	6297	6117.9	0	0
XM_026516782.3	2477	2297.9	203	37.9295
XM_026516783.3	3881	3701.9	45.4356	5.26969
XM_026516785.3	1541	1361.9	0	0
XM_026516786.3	3935	3755.9	0	0
XM_026516787.3	2860	2680.9	148	23.7025
XM_026516789.3	1814	1634.9	4	1.05046
XM_026516790.3	1294	1114.9	0	0
XM_026516791.3	2353	2173.9	13	2.56753
XM_026516792.3	1572	1392.9	0	0
XM_026516793.3	2127	1947.9	0	0
XM_026516794.3	921	741.98	1	0.578657
XM_026516795.3	2231	2051.9	7	1.46472
XM_026516798.3	1461	1281.9	2	0.669866
XM_026516802.3	1038	858.905	9	4.49895
XM_026516803.3	1173	993.905	579	250.119
XM_026516804.3	1111	931.905	18	8.29305
XM_026516805.3	3109	2929.9	16.8093	2.46325
XM_026516808.3	2167	1987.9	5.48579	1.18483
XM_026516810.3	6849	6669.9	363	23.3669
XM_026516812.3	2519	2339.9	8	1.46793
XM_026516813.3	3941	3761.9	0	0
XM_026516814.3	3979	3799.9	0	0
XM_026516815.3	8652	8472.9	7.58353	0.384284
XM_026516816.3	3698	3518.9	740	90.2896
XM_026516818.3	5385	5205.9	9.60826e-05	7.92432e-06
XM_026516820.3	7297	7117.9	127	7.66064
XM_026516821.3	1374	1194.9	0	0
XM_026516822.2	561	381.98	0	0
XM_026516823.3	1900	1720.9	53	13.2231
XM_026516830.2	4946	4766.9	230	20.7159
XM_026516831.3	5057	4877.9	0	0
XM_026516832.3	2583	2403.9	43	7.68006
XM_026516833.3	731	551.98	5335	4149.77
XM_026516834.3	4763	4583.9	32.0275	2.99986
XM_026516835.3	2716	2536.9	14	2.36939
XM_026516846.3	2239	2059.9	6	1.2506
XM_026516849.3	5600	5420.9	0	0
XM_026516850.3	7379	7199.9	43	2.56422
XM_026516852.3	7288	7108.9	0	0
XM_026516853.3	7192	7012.9	0	0
XM_026516854.3	5883	5703.9	0	0
XM_026516857.3	5832	5652.9	0	0
XM_026516862.3	5433	5253.9	0	0
XM_026516863.3	5418	5238.9	3.88261e-08	3.18197e-09
XM_026516864.3	5382	5202.9	0	0
XM_026516865.3	5340	5160.9	0	0
XM_026516866.3	5283	5103.9	0	0
XM_026516868.3	5277	5097.9	0	0
XM_026516869.3	5220	5040.9	0	0
XM_026516870.3	5125	4945.9	75	6.51072
XM_026516871.3	2005	1825.9	0	0
XM_026516873.3	1912	1732.9	4	0.991057
XM_026516874.2	1119	939.905	0	0
XM_026516875.2	2140	1960.9	80	17.5165
XM_026516876.3	6560	6380.9	7.17926	0.483071
XM_026516877.3	6635	6455.9	1.71158e-06	1.13829e-07
XM_026516878.3	6246	6066.9	20.5589	1.45494
XM_026516879.3	6609	6429.9	0	0
XM_026516880.3	6530	6350.9	0	0
XM_026516881.3	2216	2036.9	0	0
XM_026516882.3	6745	6565.9	2	0.130782
XM_026516883.3	1573	1393.9	16.4223	5.05843
XM_026516884.3	1858	1678.9	7.92462	2.02659
XM_026516885.3	1164	984.905	0	0
XM_026516886.3	4130	3950.9	0	0
XM_026516889.3	4038	3858.9	0	0
XM_026516890.3	5546	5366.9	0	0
XM_026516891.3	2961	2781.9	0	0
XM_026516892.3	2893	2713.9	14	2.21486
XM_026516893.3	3022	2842.9	0	0
XM_026516894.3	2043	1863.9	3.72575	0.858231
XM_026516895.3	1637	1457.9	0	0
XM_026516896.3	1576	1396.9	0	0
XM_026516897.3	1581	1401.9	28.2968	8.66626
XM_026516898.3	1833	1653.9	0	0
XM_026516899.3	509	330.091	480	624.34
XM_026516900.3	1591	1411.9	117	35.579
XM_026516901.3	3895	3715.9	0	0
XM_026516903.3	4357	4177.9	3	0.308302
XM_026516904.3	6358	6178.9	27.0441	1.8792
XM_026516905.3	6273	6093.9	0	0
XM_026516906.3	2991	2811.9	8.69964	1.32836
XM_026516907.3	4695	4515.9	5.30036	0.503934
XM_026516908.3	1979	1799.9	127	30.2948
XM_026516909.3	4566	4386.9	1	0.0978713
XM_026516910.3	2247	2067.9	64.3072	13.3519
XM_026516912.3	3217	3037.9	118	16.6771
XM_026516915.3	1636	1456.9	3	0.884104
XM_026516917.3	5557	5377.9	4	0.319345
XM_026516920.3	5668	5488.9	0	0
XM_026516923.3	993	813.905	0	0
XM_026516924.3	2012	1832.9	0	0
XM_026516925.3	1953	1773.9	51	12.3439
XM_026516926.3	7748	7568.9	216	12.2528
XM_026516928.3	7690	7510.9	0	0
XM_026516930.3	6362	6182.9	7	0.486092
XM_026516931.3	2358	2178.9	3	0.591148
XM_026516932.3	1753	1573.9	7	1.90956
XM_026516937.3	2030	1850.9	0	0
XM_026516938.3	1962	1782.9	29	6.98366
XM_026516939.3	5823	5643.9	0	0
XM_026516942.3	3381	3201.9	14	1.8773
XM_026516943.3	1910	1730.9	5.00839	1.24233
XM_026516945.3	1312	1132.9	0	0
XM_026516946.3	3207	3027.9	3.21434	0.455788
XM_026516948.3	2736	2556.9	0	0
XM_026516950.3	2265	2085.9	29.7857	6.13093
XM_026516951.3	7635	7455.9	28.1162	1.61909
XM_026516952.3	7632	7452.9	15.4174	0.888178
XM_026516953.3	3207	3027.9	0	0
XM_026516954.3	3084	2904.9	0	0
XM_026516955.3	3291	3111.9	0	0
XM_026516956.3	3215	3035.9	0.207832	0.0293926
XM_026516957.3	3205	3025.9	15.404	2.1857
XM_026516958.3	1073	893.905	5.38821	2.58802
XM_026516960.3	2026	1846.9	368	85.5494
XM_026516961.2	621	441.98	0	0
XM_026516963.3	3771	3591.9	0	0
XM_026516968.3	4987	4807.9	3	0.267904
XM_026516969.3	4064	3884.9	32.217	3.56056
XM_026516970.3	3759	3579.9	25.4285	3.04974
XM_026516974.2	1527	1347.9	0	0
XM_026516975.3	761	581.98	26	19.1813
XM_026516976.3	2838	2658.9	0	0
XM_026516978.2	2169	1989.9	0	0
XM_026516979.3	651	471.98	39	35.4776
XM_026516980.3	1326	1146.9	11	4.11793
XM_026516981.3	1340	1160.9	0	0
XM_026516982.3	5372	5192.9	0	0
XM_026516984.3	5594	5414.9	68	5.39177
XM_026516986.3	5103	4923.9	0	0
XM_026516987.3	3450	3270.9	23	3.01907
XM_026516988.3	1845	1665.9	0	0
XM_026516992.3	2010	1830.9	22.8676	5.36251
XM_026516993.3	1089	909.905	22	10.381
XM_026516994.3	1079	899.905	0	0
XM_026516995.3	1115	935.905	0	0
XM_026516996.3	1099	919.905	0	0
XM_026516997.3	1684	1504.9	10.5263	3.00317
XM_026516998.3	9295	9115.9	0	0
XM_026516999.3	8809	8629.9	343.788	17.104
XM_026517000.3	8888	8708.9	42.5838	2.0994
XM_026517001.3	8759	8579.9	19.4842	0.975022
XM_026517002.3	4015	3835.9	6	0.671579
XM_026517007.3	8057	7877.9	0	0
XM_026517008.3	8425	8245.9	79.5507	4.14209
XM_026517009.3	8442	8262.9	0	0
XM_026517010.3	7679	7499.9	84	4.8088
XM_026517011.3	1257	1077.9	0	0
XM_026517013.3	1408	1228.9	54	18.8664
XM_026517014.3	7123	6943.9	54	3.3389
XM_026517015.3	8449	8269.9	14	0.726844
XM_026517017.3	2249	2069.9	100	20.7426
XM_026517019.3	3809	3629.9	0	0
XM_026517020.3	5047	4867.9	316	27.8714
XM_026517021.3	4838	4658.9	0	0
XM_026517022.3	6260	6080.9	0	0
XM_026517023.3	6258	6078.9	0	0
XM_026517024.3	6255	6075.9	0	0
XM_026517025.3	6246	6066.9	12.0824	0.855065
XM_026517026.3	6240	6060.9	0.000465969	3.3009e-05
XM_026517027.3	6219	6039.9	0	0
XM_026517028.3	6273	6093.9	0.344692	0.0242856
XM_026517030.3	6601	6421.9	0	0
XM_026517032.3	3060	2880.9	0	0
XM_026517035.3	3521	3341.9	0	0
XM_026517036.3	6292	6112.9	10	0.70237
XM_026517037.3	7178	6998.9	4.47299	0.274398
XM_026517038.3	7228	7048.9	0.000413155	2.51655e-05
XM_026517039.3	6703	6523.9	11.3018	0.743798
XM_026517040.3	5374	5194.9	3.26432	0.269791
XM_026517042.3	5449	5269.9	2.45435e-08	1.99962e-09
XM_026517043.3	5455	5275.9	0	0
XM_026517048.3	3725	3545.9	0	0
XM_026517050.3	8594	8414.9	22.3726	1.14151
XM_026517051.2	4036	3856.9	75.3686	8.39006
XM_026517052.3	5163	4983.9	4.99755	0.430528
XM_026517053.3	5160	4980.9	0	0
XM_026517055.3	5265	5085.9	15.2613	1.28836
XM_026517056.3	1337	1157.9	183	67.8565
XM_026517057.3	1291	1111.9	0	0
XM_026517059.3	4532	4352.9	1	0.0986357
XM_026517060.2	1350	1170.9	0	0
XM_026517061.3	3592	3412.9	23	2.89346
XM_026517063.3	1922	1742.9	18	4.43417
XM_026517064.3	1067	887.905	43	20.7929
XM_026517066.3	3777	3597.9	33	3.93802
XM_026517068.3	1014	834.905	356.792	183.481
XM_026517069.3	939	759.905	11.2078	6.3325
XM_026517070.3	6677	6497.9	344	22.73
XM_026517072.3	631	451.98	1495	1420.15
XM_026517073.3	2687	2507.9	14	2.39679
XM_026517074.2	1311	1131.9	0	0
XM_026517075.3	4520	4340.9	21	2.07708
XM_026517077.3	1311	1131.9	1337	507.148
XM_026517078.3	6370	6190.9	5.52573	0.383221
XM_026517080.3	6526	6346.9	0	0
XM_026517081.3	5908	5728.9	0	0
XM_026517082.2	483	304.217	1	1.41134
XM_026517083.3	8000	7820.9	0.00203404	0.000111665
XM_026517086.3	7830	7650.9	26.3789	1.48033
XM_026517087.3	7826	7646.9	75.1801	4.22115
XM_026517090.2	4601	4421.9	0	0
XM_026517091.2	4496	4316.9	7.03994	0.70018
XM_026517092.2	4598	4418.9	0	0
XM_026517093.3	8191	8011.9	65.071	3.48711
XM_026517094.3	8131	7951.9	91.929	4.96358
XM_026517095.3	3579	3399.9	0	0
XM_026517096.3	3465	3285.9	0.931608	0.121728
XM_026517097.3	3576	3396.9	0	0
XM_026517098.2	1048	868.905	6	2.96478
XM_026517099.3	1167	987.905	7	3.04226
XM_026517100.3	1580	1400.9	9	2.75834
XM_026517101.3	1527	1347.9	0	0
XM_026517102.3	3021	2841.9	0	0
XM_026517103.3	7663	7483.9	37.3478	2.14265
XM_026517104.3	7800	7620.9	15.9646	0.899428
XM_026517107.3	9391	9211.9	13.1699	0.613828
XM_026517109.3	9292	9112.9	0	0
XM_026517110.3	11075	10895.9	231.891	9.13763
XM_026517112.3	3872	3692.9	18.9231	2.20007
XM_026517113.3	1171	991.905	90.1731	39.032
XM_026517114.3	14364	14184.9	8.11484	0.245622
XM_026517116.3	14343	14163.9	56.0985	1.70052
XM_026517117.3	14340	14160.9	73.9615	2.24248
XM_026517120.3	3465	3285.9	0	0
XM_026517121.3	4406	4226.9	1.53341e-05	1.55757e-06
XM_026517122.3	4383	4203.9	0.0189661	0.00193704
XM_026517123.3	4383	4203.9	5.13323e-07	5.24265e-08
XM_026517124.3	4328	4148.9	14.9352	1.54558
XM_026517125.3	4206	4026.9	0	0
XM_026517126.3	4131	3951.9	0	0
XM_026517129.3	2483	2303.9	0	0
XM_026517131.3	2597	2417.9	0	0
XM_026517132.3	3410	3230.9	0	0
XM_026517133.3	3270	3090.9	42.5923	5.91641
XM_026517135.3	6092	5912.9	0	0
XM_026517143.3	6019	5839.9	0	0
XM_026517144.3	5963	5783.9	0	0
XM_026517151.3	6276	6096.9	0	0
XM_026517152.3	6235	6055.9	41.4953	2.94194
XM_026517153.3	6021	5841.9	0	0
XM_026517154.3	6045	5865.9	0	0
XM_026517155.2	1287	1107.9	0	0
XM_026517156.3	1464	1284.9	0	0
XM_026517161.3	2238	2058.9	1557	324.688
XM_026517162.3	6049	5869.9	135	9.87452
XM_026517163.3	554	375.018	0	0
XM_026517165.3	8099	7919.9	15.5814	0.844695
XM_026517167.3	2660	2480.9	0	0
XM_026517168.3	2535	2355.9	93	16.9488
XM_026517169.3	2362	2182.9	0	0
XM_026517170.3	3675	3495.9	0	0
XM_026517171.3	4882	4702.9	0	0
XM_026517172.3	5047	4867.9	0	0
XM_026517173.3	5223	5043.9	0	0
XM_026517174.3	6171	5991.9	9	0.644898
XM_026517176.3	1059	879.905	0	0
XM_026517177.3	4556	4376.9	1.95807e-08	1.92076e-09
XM_026517184.3	1567	1387.9	0	0
XM_026517186.3	1941	1761.9	0	0
XM_026517187.3	591	411.98	133	138.608
XM_026517191.2	890	710.98	0	0
XM_026517193.3	1061	881.905	89.6802	43.6605
XM_026517194.3	4741	4561.9	0	0
XM_026517195.3	4727	4547.9	0	0
XM_026517199.2	1359	1179.9	0	0
XM_026517200.3	1620	1440.9	0	0
XM_026517201.3	1329	1149.9	0	0
XM_026517202.3	829	649.98	0	0
XM_026517204.2	1491	1311.9	0	0
XM_026517205.2	522	343.091	0	0
XM_026517206.2	567	387.98	0	0
XM_026517207.3	1386	1206.9	0	0
XM_026517208.2	390	212.589	0	0
XM_026517209.2	1698	1518.9	0	0
XM_026517210.2	606	426.98	0	0
XM_026517211.3	868	688.98	0	0
XM_026517212.2	1056	876.905	0	0
XM_026517213.3	1421	1241.9	0	0
XM_026517214.3	438	259.551	0	0
XM_026517215.3	805	625.98	0	0
XM_026517216.2	774	594.98	0	0
XM_026517217.3	573	393.98	0	0
XM_026517219.1	381	203.84	0	0
XM_026517220.3	2714	2534.9	0	0
XM_026517221.3	2142	1962.9	10	2.18733
XM_026517223.3	1280	1100.9	7	2.72999
XM_026517224.3	2903	2723.9	0.219379	0.0345794
XM_026517225.3	2894	2714.9	16.4778	2.60589
XM_026517226.3	2895	2715.9	0	0
XM_026517227.3	2896	2716.9	6.30287	0.996041
XM_026517230.3	9438	9258.9	13	0.602833
XM_026517231.3	9423	9243.9	0	0
XM_026517233.2	771	591.98	0	0
XM_026517234.3	5023	4843.9	3	0.265913
XM_026517235.3	2335	2155.9	141	28.0804
XM_026517236.3	9383	9203.9	0	0
XM_026517238.3	8804	8624.9	101	5.02783
XM_026517241.3	4131	3951.9	34.6725	3.76697
XM_026517242.3	1938	1758.9	25.0549	6.11594
XM_026517246.3	2634	2454.9	13.8517	2.4226
XM_026517247.3	3255	3075.9	0	0
XM_026517248.3	1413	1233.9	0	0
XM_026517250.3	4768	4588.9	5	0.467815
XM_026517251.3	482	303.217	0	0
XM_026517252.3	5332	5152.9	330	27.4964
XM_026517253.3	1733	1553.9	24	6.63132
XM_026517255.3	6903	6723.9	68.6889	4.3861
XM_026517257.3	1837	1657.9	3.84411	0.995519
XM_026517258.3	3279	3099.9	0	0
XM_026517259.3	1962	1782.9	21.0254	5.06324
XM_026517260.3	1834	1654.9	2.64836e-06	6.87095e-07
XM_026517261.3	1696	1516.9	74.9746	21.2212
XM_026517262.3	1108	928.905	1	0.462213
XM_026517263.3	2318	2138.9	58.3059	11.704
XM_026517264.3	643	463.98	155.714	144.092
XM_026517266.3	13666	13486.9	96	3.05613
XM_026517267.3	5095	4915.9	82	7.16183
XM_026517270.3	1485	1305.9	0	0
XM_026517271.2	1189	1009.9	0	0
XM_026517273.3	3864	3684.9	0	0
XM_026517280.3	6322	6142.9	31.1195	2.17506
XM_026517281.3	2968	2788.9	13.4872	2.07635
XM_026517282.3	6403	6223.9	239.393	16.5144
XM_026517283.3	2972	2792.9	0	0
XM_026517284.3	6479	6299.9	12.1731	0.829621
XM_026517285.3	6212	6032.9	123.33	8.77719
XM_026517287.3	2840	2660.9	84	13.5539
XM_026517289.3	3001	2821.9	0	0
XM_026517290.3	1933	1753.9	2	0.489596
XM_026517291.3	2787	2607.9	277	45.6038
XM_026517293.3	4191	4011.9	11	1.17721
XM_026517294.3	6068	5888.9	72.8016	5.30786
XM_026517295.3	6065	5885.9	14.6617	1.06951
XM_026517296.3	6639	6459.9	104.448	6.94202
XM_026517297.3	3501	3321.9	1.00896	0.130406
XM_026517299.3	6465	6285.9	0.000222193	1.51767e-05
XM_026517300.3	2936	2756.9	29	4.51637
XM_026517301.3	4327	4147.9	22	2.27723
XM_026517305.3	936	756.98	0	0
XM_026517306.3	6775	6595.9	164	10.6754
XM_026517307.3	5851	5671.9	0	0
XM_026517308.3	3192	3012.9	500	71.2522
XM_026517309.3	8206	8026.9	20.9333	1.1197
XM_026517312.3	5029	4849.9	838	74.1864
XM_026517313.3	5272	5092.9	0	0
XM_026517314.3	6971	6791.9	9.91338	0.626677
XM_026517316.3	4189	4009.9	59.0636	6.32411
XM_026517318.3	4273	4093.9	0	0
XM_026517319.2	258	96.6942	0	0
XM_026517320.3	14173	13993.9	164	5.03174
XM_026517321.3	5449	5269.9	22.2098	1.80949
XM_026517322.3	5556	5376.9	0	0
XM_026517324.3	4293	4113.9	7.79017	0.813029
XM_026517325.3	1230	1050.9	0	0
XM_026517328.3	5173	4993.9	52.0058	4.47121
XM_026517347.3	15794	15614.9	2	0.0549926
XM_026517348.3	4134	3954.9	65.0446	7.06136
XM_026517349.3	4128	3948.9	0	0
XM_026517350.3	2417	2237.9	0	0
XM_026517351.3	1240	1060.9	0.0242338	0.00980751
XM_026517352.2	528	349.091	0	0
XM_026517353.3	1237	1057.9	0.975766	0.396016
XM_026517354.3	1348	1168.9	13	4.77505
XM_026517355.2	480	301.247	0	0
XM_026517357.3	8672	8492.9	61.5716	3.1127
XM_026517358.3	6168	5988.9	103.747	7.43773
XM_026517359.3	6159	5979.9	131.844	9.4663
XM_026517360.2	528	349.091	0	0
XM_026517361.3	673	493.98	43.1434	37.4989
XM_026517365.3	739	559.98	3.8316	2.93779
XM_026517366.3	666	486.98	0	0
XM_026517367.3	12812	12632.9	192	6.52546
XM_026517369.3	8426	8246.9	12.0009	0.624794
XM_026517371.3	1938	1758.9	1.00139	0.244441
XM_026517372.3	8167	7987.9	129	6.93378
XM_026517373.2	900	720.98	0	0
XM_026517374.2	1584	1404.9	0	0
XM_026517375.3	2091	1911.9	0	0
XM_026517376.3	1269	1089.9	0	0
XM_026517379.2	2781	2601.9	0	0
XM_026517380.1	459	280.391	0	0
XM_026517381.2	1764	1584.9	1	0.270901
XM_026517383.2	1149	969.905	0	0
XM_026517384.2	936	756.98	0	0
XM_026517387.2	576	396.98	0	0
XM_026517388.2	3240	3060.9	0	0
XM_026517389.1	747	567.98	0	0
XM_026517391.3	5794	5614.9	6.41344	0.490413
XM_026517392.1	1047	867.905	0	0
XM_026517393.2	660	480.98	0	0
XM_026517394.3	4878	4698.9	6	0.548237
XM_026517396.3	1026	846.905	0	0
XM_026517397.3	948	768.905	0	0
XM_026517398.2	945	765.905	0	0
XM_026517399.2	963	783.905	0	0
XM_026517400.3	3387	3207.9	0	0
XM_026517402.3	372	195.24	0	0
XM_026517403.3	7010	6830.9	109	6.85112
XM_026517405.3	5103	4923.9	10	0.871975
XM_026517406.3	3381	3201.9	37.048	4.96786
XM_026517408.3	3826	3646.9	147.847	17.4062
XM_026517409.3	1939	1759.9	9	2.19567
XM_026517410.3	1178	998.905	18.6341	8.00934
XM_026517411.3	1124	944.905	4.75621	2.16116
XM_026517412.3	5919	5739.9	1	0.0748012
XM_026517415.3	10917	10737.9	0	0
XM_026517416.3	459	280.391	0	0
XM_026517418.2	1883	1703.9	36	9.07132
XM_026517420.3	3509	3329.9	50.5805	6.52176
XM_026517421.3	4079	3899.9	0	0
XM_026517422.3	4076	3896.9	30.6106	3.37261
XM_026517423.3	4061	3881.9	7.17685	0.793784
XM_026517424.3	4131	3951.9	59.5632	6.4712
XM_026517426.3	2395	2215.9	6.88859	1.33473
XM_026517427.3	2444	2264.9	299	56.6806
XM_026517428.3	2413	2233.9	0	0
XM_026517430.2	2139	1959.9	0	0
XM_026517431.2	1890	1710.9	0	0
XM_026517432.2	2271	2091.9	1	0.205245
XM_026517434.3	12533	12353.9	38	1.32067
XM_026517439.3	6631	6451.9	1	0.0665465
XM_026517441.3	1636	1456.9	35	10.3146
XM_026517442.3	2017	1837.9	0	0
XM_026517444.3	5887	5707.9	59	4.43801
XM_026517447.3	6350	6170.9	0	0
XM_026517448.3	1863	1683.9	0	0
XM_026517449.3	1671	1491.9	18.4565	5.31157
XM_026517450.3	1477	1297.9	0	0
XM_026517451.3	1370	1190.9	11.5435	4.16172
XM_026517452.3	1287	1107.9	0	0
XM_026517453.3	2098	1918.9	7.53497	1.68594
XM_026517455.3	10564	10384.9	0	0
XM_026517456.3	3949	3769.9	0	0
XM_026517457.3	5398	5218.9	2.73349	0.22488
XM_026517458.2	1173	993.905	0	0
XM_026517462.3	2752	2572.9	35.0247	5.84473
XM_026517464.3	1154	974.905	0	0
XM_026517466.3	4327	4147.9	45	4.65798
XM_026517467.3	2283	2103.9	6	1.22444
XM_026517468.3	8152	7972.9	233.023	12.5486
XM_026517469.3	6603	6423.9	103.412	6.9117
XM_026517470.3	5465	5285.9	111.356	9.045
XM_026517471.3	5505	5325.9	249.644	20.1252
XM_026517472.3	10071	9891.9	62	2.69107
XM_026517473.3	1334	1154.9	0	0
XM_026517474.3	1315	1135.9	0	0
XM_026517475.3	1065	885.905	9.93829	4.81657
XM_026517476.3	1272	1092.9	0	0
XM_026517479.3	2015	1835.9	188	43.9664
XM_026517483.3	5932	5752.9	10.0235	0.748078
XM_026517485.3	2204	2024.9	99	20.9915
XM_026517486.3	13849	13669.9	442.393	13.8949
XM_026517487.2	5595	5415.9	0	0
XM_026517488.3	5578	5398.9	0	0
XM_026517489.3	5785	5605.9	0	0
XM_026517491.3	4654	4474.9	7	0.671626
XM_026517502.3	13403	13223.9	15.3183	0.497353
XM_026517503.3	3204	3024.9	9	1.27745
XM_026517504.3	4382	4202.9	20.1347	2.05688
XM_026517506.3	10939	10759.9	91	3.63117
XM_026517507.3	7993	7813.9	28.7082	1.57743
XM_026517508.3	7951	7771.9	101.292	5.59577
XM_026517510.3	1560	1380.9	2	0.621842
XM_026517511.3	6331	6151.9	0	0
XM_026517512.3	3476	3296.9	0	0
XM_026517513.3	3415	3235.9	5.99996	0.796098
XM_026517515.3	4789	4609.9	0	0
XM_026517516.3	4698	4518.9	0	0
XM_026517517.3	2210	2030.9	0	0
XM_026517518.3	2074	1894.9	39	8.83671
XM_026517519.3	1975	1795.9	0	0
XM_026517522.3	709	529.98	8.92536	7.23069
XM_026517523.3	629	449.98	2.07464	1.97953
XM_026517524.3	2843	2663.9	65.3099	10.5263
XM_026517525.3	3106	2926.9	0	0
XM_026517526.3	8103	7923.9	6.95079	0.376624
XM_026517528.3	1764	1584.9	10	2.70901
XM_026517529.3	891	711.98	0	0
XM_026517531.3	1221	1041.9	0	0
XM_026517532.3	9505	9325.9	2.90123e-07	1.33568e-08
XM_026517533.3	9484	9304.9	5.49836e-06	2.53708e-07
XM_026517535.3	9511	9331.9	1.25333e-07	5.76646e-09
XM_026517538.3	9373	9193.9	34.8181	1.62599
XM_026517540.2	1002	822.905	0	0
XM_026517541.3	11862	11682.9	4.69382	0.1725
XM_026517543.3	2237	2057.9	52	10.849
XM_026517545.3	6339	6159.9	6	0.418206
XM_026517546.3	8315	8135.9	0	0
XM_026517547.3	8014	7834.9	18.4811	1.01276
XM_026517551.3	1601	1421.9	0	0
XM_026517552.3	4537	4357.9	29.3614	2.89276
XM_026517553.3	4527	4347.9	34.4592	3.40282
XM_026517554.3	4501	4321.9	1.34979e-06	1.34092e-07
XM_026517557.3	4393	4213.9	64.4423	6.56598
XM_026517558.3	4067	3887.9	13.7371	1.51702
XM_026517559.3	2027	1847.9	5	1.16173
XM_026517561.3	2757	2577.9	70	11.6586
XM_026517570.3	10282	10102.9	0	0
XM_026517571.3	10280	10100.9	0	0
XM_026517572.3	10205	10025.9	0	0
XM_026517573.3	10203	10023.9	0	0
XM_026517574.3	9889	9709.9	1	0.0442179
XM_026517575.3	3950	3770.9	41	4.66822
XM_026517576.3	540	361.056	6	7.13495
XM_026517577.3	645	465.98	0	0
XM_026517579.3	636	456.98	4	3.75817
XM_026517580.3	636	456.98	0	0
XM_026517581.3	3358	3178.9	2.01193	0.271737
XM_026517582.3	3125	2945.9	11	1.6032
XM_026517583.3	1142	962.905	0	0
XM_026517584.2	815	635.98	0	0
XM_026517586.3	4296	4116.9	0	0
XM_026517588.3	753	573.98	0	0
XM_026517589.3	8406	8226.9	18	0.939398
XM_026517590.2	1740	1560.9	0	0
XM_026517591.3	2455	2275.9	0	0
XM_026517592.3	2352	2172.9	15	2.9639
XM_026517593.3	1630	1450.9	0	0
XM_026517594.3	3455	3275.9	0.00417427	0.000547095
XM_026517595.3	2637	2457.9	0	0
XM_026517596.3	7170	6990.9	156.971	9.6405
XM_026517597.3	7128	6948.9	31.0289	1.91718
XM_026517599.3	3158	2978.9	9	1.29718
XM_026517600.3	2739	2559.9	0	0
XM_026517602.3	3262	3082.9	9.32958	1.29932
XM_026517604.3	2015	1835.9	11	2.5725
XM_026517605.3	3681	3501.9	9	1.10345
XM_026517606.3	3539	3359.9	0	0
XM_026517607.1	969	789.905	0	0
XM_026517608.3	3973	3793.9	56.4266	6.38574
XM_026517610.3	12907	12727.9	1.68678	0.0569004
XM_026517612.3	12823	12643.9	0	0
XM_026517615.3	1758	1578.9	13	3.53509
XM_026517616.3	877	697.98	0	0
XM_026517617.3	300	130.105	0	0
XM_026517618.3	2160	1980.9	0	0
XM_026517619.3	737	557.98	0	0
XM_026517620.3	771	591.98	1	0.725281
XM_026517621.3	1560	1380.9	0	0
XM_026517622.3	5368	5188.9	0	0
XM_026517623.3	2870	2690.9	0	0
XM_026517625.3	5257	5077.9	21.041	1.77908
XM_026517626.3	3858	3678.9	11	1.28377
XM_026517627.2	812	632.98	0	0
XM_026517628.3	3951	3771.9	327.592	37.2894
XM_026517630.3	3708	3528.9	96.408	11.7297
XM_026517631.3	4624	4444.9	57.5708	5.56101
XM_026517632.3	4622	4442.9	103.947	10.0452
XM_026517633.3	4577	4397.9	19.292	1.88341
XM_026517634.3	4574	4394.9	0	0
XM_026517635.3	4532	4352.9	0.0139585	0.00137681
XM_026517636.3	4529	4349.9	0.0356045	0.0035143
XM_026517637.3	4657	4477.9	0.0143865	0.00137941
XM_026517638.3	4633	4453.9	15.9856	1.541
XM_026517641.3	4239	4059.9	24	2.5381
XM_026517642.3	3212	3032.9	0	0
XM_026517643.3	3115	2935.9	87.9596	12.8634
XM_026517645.3	3088	2908.9	0	0
XM_026517646.3	2991	2811.9	67.5658	10.3167
XM_026517647.3	3224	3044.9	11	1.55107
XM_026517648.3	4996	4816.9	30.9902	2.76229
XM_026517650.3	4096	3916.9	0	0
XM_026517651.3	4100	3920.9	0	0
XM_026517652.3	4044	3864.9	0	0
XM_026517653.3	1639	1459.9	53	15.5871
XM_026517654.3	1513	1333.9	0	0
XM_026517655.3	7137	6957.9	2	0.123414
XM_026517656.3	2642	2462.9	44	7.67041
XM_026517657.3	8189	8009.9	61.8512	3.31539
XM_026517658.3	8120	7940.9	0	0
XM_026517659.3	2394	2214.9	39	7.56002
XM_026517660.3	910	730.98	0	0
XM_026517661.3	857	677.98	17	10.7658
XM_026517663.3	7624	7444.9	0	0
XM_026517664.3	10071	9891.9	5.63021	0.244376
XM_026517665.3	10007	9827.9	0.679187	0.0296717
XM_026517666.3	9955	9775.9	0	0
XM_026517667.3	1152	972.905	0	0
XM_026517668.3	9895	9715.9	68.9422	3.0466
XM_026517669.3	9801	9621.9	52.2674	2.33229
XM_026517670.3	9970	9790.9	0	0
XM_026517672.3	1401	1221.9	0	0
XM_026517673.3	4282	4102.9	1.00574	0.105247
XM_026517674.3	6648	6468.9	16	1.06195
XM_026517675.3	6966	6786.9	0	0
XM_026517677.3	653	473.98	1	0.905843
XM_026517678.3	6922	6742.9	0	0
XM_026517682.3	3540	3360.9	9	1.14974
XM_026517683.3	3681	3501.9	0	0
XM_026517685.3	3976	3796.9	4	0.452318
XM_026517688.3	3620	3440.9	0	0
XM_026517690.3	4506	4326.9	27.2769	2.70665
XM_026517691.3	4496	4316.9	25.719	2.55797
XM_026517692.3	1758	1578.9	12	3.26316
XM_026517693.3	1072	892.905	18.0263	8.6679
XM_026517694.3	835	655.98	5.97374	3.90993
XM_026517695.3	1193	1013.9	316	133.815
XM_026517696.3	3623	3443.9	47	5.85949
XM_026517697.3	1966	1786.9	22	5.28609
XM_026517699.2	915	735.98	0	0
XM_026517700.3	1896	1716.9	12	3.00088
XM_026517701.3	1481	1301.9	10	3.29788
XM_026517702.3	2293	2113.9	0	0
XM_026517703.3	2507	2327.9	0	0
XM_026517704.3	1335	1155.9	8	2.97154
XM_026517707.3	1634	1454.9	0	0
XM_026517709.3	3859	3679.9	13	1.51677
XM_026517710.3	8217	8037.9	4.06622	0.217201
XM_026517711.3	7950	7770.9	31.9171	1.76346
XM_026517712.3	6248	6068.9	0.188209	0.0133151
XM_026517714.3	6242	6062.9	64.5677	4.57244
XM_026517715.3	2279	2099.9	0	0
XM_026517716.3	2195	2015.9	8	1.70386
XM_026517718.3	2120	1940.9	0	0
XM_026517719.3	2811	2631.9	19.7373	3.21981
XM_026517720.3	1384	1204.9	30.2627	10.7837
XM_026517723.3	2184	2004.9	10	2.14151
XM_026517724.3	2136	1956.9	0	0
XM_026517725.3	2365	2185.9	4	0.785674
XM_026517726.3	2266	2086.9	3518	723.78
XM_026517727.3	3189	3009.9	0	0
XM_026517728.3	2620	2440.9	4	0.703595
XM_026517730.3	4170	3990.9	14.4489	1.55445
XM_026517731.3	4301	4121.9	0	0
XM_026517732.3	1955	1775.9	63.8453	15.4356
XM_026517734.3	4780	4600.9	25.6643	2.39497
XM_026517735.3	3048	2868.9	6.49369	0.971827
XM_026517737.3	2786	2606.9	21.6204	3.56084
XM_026517738.3	1745	1565.9	4	1.09675
XM_026517739.3	4648	4468.9	13.3104	1.27881
XM_026517740.3	2898	2718.9	0	0
XM_026517742.3	2119	1939.9	1	0.221326
XM_026517747.3	12119	11939.9	2.25398e-05	8.10516e-07
XM_026517750.3	12074	11894.9	0	0
XM_026517753.3	14891	14711.9	282	8.22988
XM_026517754.2	648	468.98	0	0
XM_026517755.3	5801	5621.9	170.626	13.0309
XM_026517757.3	3583	3403.9	17	2.1443
XM_026517760.3	2976	2796.9	1.36081	0.208897
XM_026517762.3	1532	1352.9	6.63919	2.10699
XM_026517763.3	2396	2216.9	4	0.774687
XM_026517764.3	2002	1822.9	2.99014	0.704273
XM_026517765.3	2010	1830.9	0.00985996	0.00231219
XM_026517766.3	2713	2533.9	988.132	167.432
XM_026517767.3	1745	1565.9	0	0
XM_026517768.3	9510	9330.9	0	0
XM_026517770.3	5386	5206.9	64	5.27732
XM_026517771.3	9411	9231.9	565.52	26.3009
XM_026517772.3	9429	9249.9	0	0
XM_026517773.3	903	723.98	0	0
XM_026517776.3	9871	9691.9	40.3088	1.78568
XM_026517778.3	9423	9243.9	33.8203	1.57085
XM_026517779.3	4519	4339.9	0	0
XM_026517782.3	2768	2588.9	0	0
XM_026517784.3	2263	2083.9	376	77.4682
XM_026517785.2	786	606.98	0	0
XM_026517786.3	6258	6078.9	196	13.8434
XM_026517787.3	10025	9845.9	62	2.70364
XM_026517788.3	10002	9822.9	0	0
XM_026517791.3	3508	3328.9	7.99999	1.03181
XM_026517793.3	6406	6226.9	0	0
XM_026517794.3	5335	5155.9	0	0
XM_026517795.3	5462	5282.9	35	2.84452
XM_026517797.3	3998	3818.9	0	0
XM_026517798.3	1730	1550.9	31	8.58203
XM_026517799.3	4323	4143.9	281	29.1145
XM_026517800.3	4721	4541.9	29.9029	2.82676
XM_026517801.3	4464	4284.9	13.0971	1.31234
XM_026517802.3	4216	4036.9	0	0
XM_026517803.3	4213	4033.9	0	0
XM_026517804.3	3511	3331.9	153.178	19.7387
XM_026517805.3	3446	3266.9	42.2954	5.55866
XM_026517806.3	3599	3419.9	44.7046	5.61244
XM_026517807.3	8228	8048.9	58	3.09389
XM_026517811.3	7681	7501.9	0	0
XM_026517812.3	2450	2270.9	0	0
XM_026517813.3	2334	2154.9	0	0
XM_026517814.3	2375	2195.9	5	0.97762
XM_026517816.3	5798	5618.9	68	5.19602
XM_026517817.3	774	594.98	0	0
XM_026517819.3	2096	1916.9	531.363	119.016
XM_026517821.3	4935	4755.9	153.099	13.8214
XM_026517822.3	4772	4592.9	62.9008	5.88006
XM_026517823.3	4439	4259.9	196.672	19.8224
XM_026517824.3	5843	5663.9	3.74523	0.283907
XM_026517825.3	4599	4419.9	0	0
XM_026517826.3	2266	2086.9	56.3191	11.5869
XM_026517828.3	2154	1974.9	6.68089	1.45245
XM_026517829.3	1174	994.905	21	9.06257
XM_026517830.3	8458	8278.9	0	0
XM_026517831.3	8413	8233.9	0	0
XM_026517832.3	8414	8234.9	21.243	1.10757
XM_026517833.3	8042	7862.9	29.823	1.62848
XM_026517834.3	4437	4257.9	30	3.02509
XM_026517838.3	2107	1927.9	41.0651	9.14535
XM_026517839.3	2161	1981.9	71.9349	15.5837
XM_026517840.3	7300	7120.9	0.843452	0.0508556
XM_026517841.3	7273	7093.9	745.993	45.1505
XM_026517842.3	7923	7743.9	0	0
XM_026517843.3	6985	6805.9	0	0
XM_026517845.3	3159	2979.9	0	0
XM_026517846.3	2825	2645.9	3.64488	0.591456
XM_026517847.3	4554	4374.9	62.9961	6.18242
XM_026517848.3	2323	2143.9	1	0.200266
XM_026517850.3	1530	1350.9	8	2.5426
XM_026517852.3	2956	2776.9	175.388	27.1177
XM_026517854.3	1462	1282.9	3.0931	1.03517
XM_026517857.3	6056	5876.9	29.5732	2.16055
XM_026517862.3	3547	3367.9	0	0
XM_026517863.3	3407	3227.9	6	0.798075
XM_026517866.3	4772	4592.9	563.94	52.718
XM_026517867.3	4206	4026.9	9	0.959588
XM_026517869.3	2675	2495.9	0	0
XM_026517870.3	2512	2332.9	16	2.94467
XM_026517871.3	4792	4612.9	30	2.79229
XM_026517873.3	1367	1187.9	7	2.53005
XM_026517874.3	1191	1011.9	0	0
XM_026517876.3	3597	3417.9	0	0
XM_026517877.3	3345	3165.9	50	6.78087
XM_026517878.3	5693	5513.9	279.204	21.7408
XM_026517879.3	5542	5362.9	406.961	32.5811
XM_026517880.3	5530	5350.9	0.000669937	5.37552e-05
XM_026517881.3	768	588.98	0	0
XM_026517882.3	3753	3573.9	25	3.00338
XM_026517883.3	6437	6257.9	48	3.29326
XM_026517884.3	6510	6330.9	0	0
XM_026517885.3	3274	3094.9	8	1.10983
XM_026517888.3	5648	5468.9	0	0
XM_026517891.3	7145	6965.9	1	0.0616362
XM_026517893.3	4992	4812.9	66.2238	5.90772
XM_026517894.3	2371	2191.9	2	0.391762
XM_026517895.3	4836	4656.9	18.5152	1.70704
XM_026517899.3	3628	3448.9	11	1.36938
XM_026517900.3	1424	1244.9	24	8.2773
XM_026517901.3	2537	2357.9	118	21.4867
XM_026517903.3	2990	2810.9	8	1.22196
XM_026517905.3	10531	10351.9	72	2.98625
XM_026517908.3	3683	3503.9	0	0
XM_026517912.3	2750	2570.9	0	0
XM_026517913.3	777	597.98	0	0
XM_026517914.3	4652	4472.9	0.00641065	0.000615355
XM_026517916.3	1909	1729.9	3	0.744582
XM_026517917.2	2239	2059.9	0	0
XM_026517920.3	1806	1626.9	0	0
XM_026517921.3	1803	1623.9	0	0
XM_026517922.2	300	130.105	0	0
XM_026517923.3	3317	3137.9	0	0
XM_026517924.3	644	464.98	0	0
XM_026517925.3	2574	2394.9	37.2963	6.68638
XM_026517926.2	942	762.905	0	0
XM_026517927.2	975	795.905	0	0
XM_026517928.3	951	771.905	0	0
XM_026517929.3	930	750.98	0	0
XM_026517930.3	930	750.98	0	0
XM_026517931.3	930	750.98	0	0
XM_026517932.3	2574	2394.9	0	0
XM_026517933.2	951	771.905	0	0
XM_026517934.3	1582	1402.9	0	0
XM_026517935.1	954	774.905	0	0
XM_026517936.1	960	780.905	0	0
XM_026517937.2	948	768.905	0	0
XM_026517938.3	948	768.905	0	0
XM_026517940.1	1089	909.905	0	0
XM_026517941.3	2980	2800.9	0	0
XM_026517943.2	966	786.905	0	0
XM_026517944.2	1032	852.905	0	0
XM_026517945.3	2865	2685.9	2	0.319708
XM_026517947.3	2678	2498.9	1	0.171816
XM_026517948.3	1260	1080.9	0	0
XM_026517949.3	2549	2369.9	0	0
XM_026517950.3	2508	2328.9	0	0
XM_026517951.3	3061	2881.9	28	4.1715
XM_026517952.3	3037	2857.9	0	0
XM_026517954.3	2713	2533.9	0	0
XM_026517957.3	5746	5566.9	12	0.92551
XM_026517959.3	6048	5868.9	87.3784	6.39235
XM_026517960.3	4202	4022.9	0	0
XM_026517961.3	4112	3932.9	66.4617	7.25557
XM_026517962.3	2322	2142.9	0	0
XM_026517963.3	2548	2368.9	0.000807148	0.000146291
XM_026517964.3	2274	2094.9	0.000192278	3.94075e-05
XM_026517966.3	2262	2082.9	0.346527	0.07143
XM_026517967.3	3580	3400.9	65.0853	8.21679
XM_026517972.3	2533	2353.9	0.00129485	0.000236181
XM_026517974.3	2518	2338.9	5.43697	0.998062
XM_026517975.3	2405	2225.9	0	0
XM_026517976.3	576	396.98	3	3.24463
XM_026517977.3	13910	13730.9	9.34588e-05	2.92236e-06
XM_026517979.3	13859	13679.9	279.496	8.77216
XM_026517980.3	13835	13655.9	37.153	1.16812
XM_026517981.3	13769	13589.9	0	0
XM_026517982.3	13718	13538.9	0	0
XM_026517984.3	6759	6579.9	8.448	0.551249
XM_026517985.3	6743	6563.9	0	0
XM_026517986.3	6808	6628.9	0	0
XM_026517987.3	7474	7294.9	0.0109103	0.000642141
XM_026517988.3	6650	6470.9	0.00054515	3.61713e-05
XM_026517989.3	6717	6537.9	113.889	7.47924
XM_026517990.3	4630	4450.9	96.2397	9.28366
XM_026517992.3	4203	4023.9	22.7994	2.4327
XM_026517994.2	858	678.98	0	0
XM_026517996.3	772	592.98	0	0
XM_026518001.3	1333	1153.9	6.46514	2.40559
XM_026518004.3	4438	4258.9	0	0
XM_026518008.3	738	558.98	0	0
XM_026518011.3	1193	1013.9	86	36.4179
XM_026518012.3	815	635.98	0	0
XM_026518014.3	802	622.98	24.1897	16.6713
XM_026518015.3	800	620.98	3.91395	2.70615
XM_026518016.3	738	558.98	13.8154	10.6116
XM_026518021.3	764	584.98	0	0
XM_026518023.2	619	439.98	1.53486	1.49779
XM_026518024.3	13033	12853.9	24.6477	0.823295
XM_026518026.3	12946	12766.9	146.913	4.94071
XM_026518028.3	6120	5940.9	9.56792	0.691478
XM_026518029.3	13580	13400.9	14.5066	0.464779
XM_026518030.3	6162	5982.9	0.00097313	6.98349e-05
XM_026518032.3	1257	1077.9	46	18.3228
XM_026518033.3	1933	1753.9	0	0
XM_026518036.3	1706	1526.9	47.908	13.4713
XM_026518037.3	2734	2554.9	9	1.51245
XM_026518038.3	3271	3091.9	0	0
XM_026518042.3	1613	1433.9	0	0
XM_026518044.3	8376	8196.9	0	0
XM_026518046.3	9267	9087.9	35	1.65355
XM_026518050.3	987	807.905	0	0
XM_026518051.3	4558	4378.9	0	0
XM_026518052.3	2799	2619.9	2.09198	0.342835
XM_026518054.3	10698	10518.9	15.0725	0.615218
XM_026518057.3	10448	10268.9	16.9398	0.708267
XM_026518059.3	2595	2415.9	1	0.177719
XM_026518060.3	2675	2495.9	0	0
XM_026518064.3	2522	2342.9	15	2.74884
XM_026518065.3	2689	2509.9	0	0
XM_026518066.3	7064	6884.9	48.6992	3.03695
XM_026518067.3	7063	6883.9	97.041	6.05249
XM_026518069.3	7722	7542.9	127.831	7.27629
XM_026518070.3	3553	3373.9	2.86036	0.364
XM_026518071.3	3580	3400.9	8.68893e-05	1.09695e-05
XM_026518072.3	3460	3280.9	2.93349e-06	3.83887e-07
XM_026518074.3	1108	928.905	0	0
XM_026518075.3	1140	960.905	0	0
XM_026518076.3	1140	960.905	11	4.91503
XM_026518079.3	1389	1209.9	0	0
XM_026518080.3	1280	1100.9	0	0
XM_026518081.3	5025	4845.9	5	0.443005
XM_026518082.3	7952	7772.9	30.7472	1.69839
XM_026518083.3	6369	6189.9	0	0
XM_026518084.3	879	699.98	12.5783	7.71522
XM_026518085.3	2559	2379.9	30	5.41222
XM_026518088.3	2974	2794.9	397.843	61.1165
XM_026518089.3	2821	2641.9	12.5485	2.03934
XM_026518090.3	2699	2519.9	0.0516533	0.00880091
XM_026518093.3	8010	7830.9	115	6.30521
XM_026518094.3	1983	1803.9	34	8.09243
XM_026518095.3	1516	1336.9	155	49.7788
XM_026518097.3	1207	1027.9	0	0
XM_026518098.3	3235	3055.9	14.3371	2.01435
XM_026518099.3	3238	3058.9	3.98426	0.559236
XM_026518100.3	5399	5219.9	9.59824	0.789482
XM_026518101.3	5378	5198.9	17.823	1.47191
XM_026518102.3	1724	1544.9	0	0
XM_026518104.2	1365	1185.9	0	0
XM_026518106.3	3113	2933.9	0	0
XM_026518107.3	7169	6989.9	165.938	10.1927
XM_026518108.3	6482	6302.9	48.1496	3.27994
XM_026518109.3	8642	8462.9	0	0
XM_026518110.3	1486	1306.9	0	0
XM_026518111.3	14668	14488.9	6.02569	0.17856
XM_026518114.3	859	679.98	1819	1148.55
XM_026518115.3	1740	1560.9	0	0
XM_026518116.3	1300	1120.9	40.6528	15.5717
XM_026518117.3	3694	3514.9	2	0.244304
XM_026518120.3	2206	2026.9	15.1583	3.21093
XM_026518121.3	2191	2011.9	50.8417	10.8499
XM_026518122.3	2322	2142.9	0	0
XM_026518123.3	3436	3256.9	0	0
XM_026518124.2	1076	896.905	0	0
XM_026518125.3	5264	5084.9	31.61	2.66904
XM_026518126.3	2354	2174.9	11	2.17153
XM_026518127.3	3534	3354.9	0	0
XM_026518128.3	2089	1909.9	8	1.79842
XM_026518129.3	3565	3385.9	633	80.268
XM_026518130.3	1183	1003.9	4.15791	1.77826
XM_026518132.3	21459	21279.9	78.9682	1.59329
XM_026518133.3	21258	21078.9	0	0
XM_026518134.3	21219	21039.9	2.03185	0.041463
XM_026518135.3	21417	21237.9	0	0
XM_026518136.3	21216	21036.9	0	0
XM_026518137.3	21327	21147.9	0	0
XM_026518138.3	21294	21114.9	0	0
XM_026518139.3	21066	20886.9	0	0
XM_026518140.3	20958	20778.9	0	0
XM_026518141.3	1143	963.905	0	0
XM_026518143.3	4343	4163.9	14	1.44358
XM_026518144.3	3445	3265.9	1	0.131465
XM_026518145.3	2793	2613.9	6.28844	1.03292
XM_026518147.3	930	750.98	0	0
XM_026518154.3	1150	970.905	2702	1194.87
XM_026518155.3	4598	4418.9	12	1.16595
XM_026518156.3	4581	4401.9	0	0
XM_026518157.3	4696	4516.9	0	0
XM_026518166.3	3112	2932.9	0.00557874	0.000816679
XM_026518169.3	3095	2915.9	10.9944	1.61887
XM_026518170.3	1488	1308.9	0	0
XM_026518171.3	940	760.905	1	0.564265
XM_026518173.3	937	757.905	72	40.7879
XM_026518174.3	765	585.98	0	0
XM_026518176.3	11571	11391.9	154	5.80414
XM_026518177.3	11561	11381.9	0	0
XM_026518179.3	3894	3714.9	39	4.50744
XM_026518181.3	694	514.98	91	75.869
XM_026518182.3	2045	1865.9	9	2.07094
XM_026518183.3	1365	1185.9	0	0
XM_026518184.3	654	474.98	274	247.679
XM_026518185.3	3090	2910.9	2	0.294996
XM_026518189.3	3329	3149.9	0	0
XM_026518190.3	4105	3925.9	2	0.218728
XM_026518191.3	6169	5989.9	137.987	9.89082
XM_026518192.3	6115	5935.9	0	0
XM_026518195.3	7714	7534.9	0	0
XM_026518196.3	7557	7377.9	0	0
XM_026518197.3	1273	1093.9	0	0
XM_026518201.3	9312	9132.9	0	0
XM_026518202.3	2194	2014.9	1	0.213088
XM_026518204.3	4590	4410.9	11	1.07072
XM_026518205.3	3480	3300.9	8.91468	1.15954
XM_026518206.3	3076	2896.9	5	0.741053
XM_026518207.3	11273	11093.9	12.6575	0.489864
XM_026518208.3	11427	11247.9	0	0
XM_026518210.3	12109	11929.9	187.721	6.75599
XM_026518211.3	11716	11536.9	26.2792	0.977993
XM_026518212.3	2600	2420.9	0	0
XM_026518213.3	1515	1335.9	2.48901	0.799952
XM_026518214.3	1349	1169.9	72.5821	26.6374
XM_026518217.3	885	705.98	14.9289	9.07922
XM_026518220.3	730	550.98	26.0689	20.3142
XM_026518221.3	887	707.98	2.93108	1.77754
XM_026518222.3	5526	5346.9	0	0
XM_026518224.3	4792	4612.9	0	0
XM_026518225.3	4426	4246.9	20.2438	2.0466
XM_026518226.3	4484	4304.9	0.642872	0.0641172
XM_026518227.3	4168	3988.9	0	0
XM_026518230.3	2645	2465.9	0	0
XM_026518231.3	5483	5303.9	15.0818	1.22087
XM_026518232.3	4634	4454.9	23.8398	2.29762
XM_026518234.3	799	619.98	40.8426	28.2846
XM_026518235.3	2302	2122.9	0	0
XM_026518238.3	8126	7946.9	0	0
XM_026518240.3	8019	7839.9	0	0
XM_026518242.3	7992	7812.9	0	0
XM_026518244.3	7971	7791.9	0	0
XM_026518251.3	4292	4112.9	0	0
XM_026518252.3	4158	3978.9	0	0
XM_026518253.3	4086	3906.9	0.750774	0.0825069
XM_026518258.3	1409	1229.9	0	0
XM_026518260.3	2136	1956.9	0	0
XM_026518261.3	2112	1932.9	0	0
XM_026518262.3	17396	17216.9	0	0
XM_026518266.3	1962	1782.9	12.9291	3.11352
XM_026518267.3	2151	1971.9	6.55867	1.42805
XM_026518268.3	2127	1947.9	5.23346	1.15354
XM_026518269.3	4870	4690.9	0	0
XM_026518270.3	2830	2650.9	2	0.323929
XM_026518271.3	5422	5242.9	9.99532	0.818537
XM_026518272.3	4977	4797.9	17.0047	1.5217
XM_026518273.3	5632	5452.9	53.7938	4.23563
XM_026518274.2	1968	1788.9	0	0
XM_026518275.2	1698	1518.9	1	0.282672
XM_026518276.3	1985	1805.9	182.124	43.2998
XM_026518278.3	1988	1808.9	20.876	4.95501
XM_026518282.3	18438	18258.9	85.0752	2.00051
XM_026518283.3	7527	7347.9	213.63	12.4828
XM_026518285.3	14544	14364.9	19.1192	0.571453
XM_026518287.3	3355	3175.9	0	0
XM_026518291.3	4832	4652.9	0	0
XM_026518292.2	1762	1582.9	2	0.542486
XM_026518293.3	6001	5821.9	79.9578	5.8967
XM_026518294.3	6624	6444.9	27.0422	1.80152
XM_026518296.2	1596	1416.9	0	0
XM_026518299.3	12091	11911.9	0	0
XM_026518307.3	11727	11547.9	58	2.15644
XM_026518315.2	942	762.905	0	0
XM_026518317.2	945	765.905	0	0
XM_026518318.2	954	774.905	0	0
XM_026518320.1	945	765.905	0	0
XM_026518321.2	957	777.905	0	0
XM_026518322.2	1041	861.905	0	0
XM_026518324.2	948	768.905	0	0
XM_026518325.3	942	762.905	0	0
XM_026518326.1	1029	849.905	0	0
XM_026518327.3	960	780.905	0	0
XM_026518328.3	960	780.905	0	0
XM_026518329.2	939	759.905	0	0
XM_026518330.2	951	771.905	0	0
XM_026518331.3	11529	11349.9	0	0
XM_026518332.2	945	765.905	0	0
XM_026518334.2	945	765.905	0	0
XM_026518335.1	948	768.905	0	0
XM_026518336.1	942	762.905	0	0
XM_026518338.3	1029	849.905	0	0
XM_026518339.1	954	774.905	0	0
XM_026518340.3	956	776.905	0	0
XM_026518341.1	960	780.905	0	0
XM_026518342.2	963	783.905	0	0
XM_026518343.2	951	771.905	0	0
XM_026518344.3	945	765.905	0	0
XM_026518345.2	2291	2111.9	0	0
XM_026518346.3	1005	825.905	0	0
XM_026518347.2	972	792.905	0	0
XM_026518349.3	2358	2178.9	0	0
XM_026518351.3	2539	2359.9	7	1.27355
XM_026518352.3	4647	4467.9	0	0
XM_026518353.3	3301	3121.9	0	0
XM_026518355.2	951	771.905	0	0
XM_026518356.2	951	771.905	0	0
XM_026518357.1	951	771.905	0	0
XM_026518358.1	945	765.905	0	0
XM_026518359.1	957	777.905	0	0
XM_026518360.1	954	774.905	0	0
XM_026518361.3	951	771.905	0	0
XM_026518362.3	960	780.905	0	0
XM_026518363.2	933	753.98	0	0
XM_026518364.3	951	771.905	0	0
XM_026518365.2	945	765.905	0	0
XM_026518366.2	951	771.905	0	0
XM_026518367.3	936	756.98	0	0
XM_026518368.3	945	765.905	0	0
XM_026518369.2	939	759.905	0	0
XM_026518371.2	978	798.905	0	0
XM_026518372.3	948	768.905	0	0
XM_026518374.2	957	777.905	0	0
XM_026518375.2	957	777.905	0	0
XM_026518376.2	948	768.905	0	0
XM_026518377.2	936	756.98	0	0
XM_026518378.2	942	762.905	0	0
XM_026518379.3	942	762.905	0	0
XM_026518380.2	942	762.905	0	0
XM_026518382.2	939	759.905	0	0
XM_026518383.2	942	762.905	0	0
XM_026518384.2	939	759.905	0	0
XM_026518385.2	936	756.98	0	0
XM_026518386.2	1002	822.905	0	0
XM_026518387.3	954	774.905	0	0
XM_026518388.1	957	777.905	0	0
XM_026518389.3	969	789.905	0	0
XM_026518390.2	968	788.905	0	0
XM_026518391.3	981	801.905	0	0
XM_026518392.2	960	780.905	0	0
XM_026518393.2	945	765.905	0	0
XM_026518398.3	7857	7677.9	3	0.167761
XM_026518399.3	954	774.905	0	0
XM_026518400.2	945	765.905	0	0
XM_026518401.2	1020	840.905	0	0
XM_026518402.3	1568	1388.9	0	0
XM_026518403.3	2611	2431.9	307.973	54.3725
XM_026518405.3	966	786.905	0	0
XM_026518407.2	666	486.98	0	0
XM_026518408.3	5234	5054.9	6	0.509626
XM_026518409.3	2591	2411.9	4	0.712055
XM_026518410.3	1411	1231.9	0	0
XM_026518412.3	3835	3655.9	3	0.352322
XM_026518413.3	7870	7690.9	99.5841	5.55938
XM_026518414.3	696	516.98	0	0
XM_026518415.3	4473	4293.9	16.308	1.63065
XM_026518417.3	5979	5799.9	86	6.36636
XM_026518419.3	9870	9690.9	163.107	7.2264
XM_026518420.3	7116	6936.9	0	0
XM_026518421.3	2129	1949.9	7	1.54134
XM_026518422.3	7118	6938.9	0	0
XM_026518423.3	7586	7406.9	0	0
XM_026518425.3	6635	6455.9	0.0224887	0.00149562
XM_026518426.3	1921	1741.9	52.7683	13.0066
XM_026518427.3	2674	2494.9	0	0
XM_026518430.3	2622	2442.9	1	0.175755
XM_026518431.3	3303	3123.9	0	0
XM_026518432.3	3303	3123.9	0	0
XM_026518433.3	3303	3123.9	0	0
XM_026518435.3	1256	1076.9	15	5.98036
XM_026518436.3	9855	9675.9	213	9.45152
XM_026518438.3	2239	2059.9	313	65.2395
XM_026518439.3	4379	4199.9	5.01174	0.512345
XM_026518440.3	13520	13340.9	184	5.92169
XM_026518441.3	13514	13334.9	0	0
XM_026518442.3	2259	2079.9	13.0157	2.68681
XM_026518443.3	1577	1397.9	0	0
XM_026518444.3	1460	1280.9	5.98433	2.00591
XM_026518445.3	4723	4543.9	140.917	13.3152
XM_026518446.3	4742	4562.9	245.083	23.0614
XM_026518447.3	8802	8622.9	0	0
XM_026518449.3	6337	6157.9	11	0.766961
XM_026518451.3	5858	5678.9	0.00179143	0.000135441
XM_026518452.3	6105	5925.9	39.6608	2.87356
XM_026518454.3	7346	7166.9	13	0.778799
XM_026518456.3	7247	7067.9	0	0
XM_026518459.3	2342	2162.9	0	0
XM_026518460.3	1291	1111.9	5.31432	2.05208
XM_026518461.3	6419	6239.9	0.842485	0.0579692
XM_026518462.3	1262	1082.9	1.45092e-08	5.75263e-09
XM_026518463.3	8769	8589.9	0	0
XM_026518464.3	5127	4947.9	61.3584	5.32434
XM_026518465.3	4507	4327.9	7.98061	0.79172
XM_026518467.3	8817	8637.9	112.086	5.5713
XM_026518468.3	9034	8854.9	75	3.63656
XM_026518469.3	8766	8586.9	0	0
XM_026518470.3	6454	6274.9	834.937	57.1294
XM_026518471.3	8655	8475.9	0	0
XM_026518472.3	4203	4023.9	4	0.426801
XM_026518473.3	2936	2756.9	1	0.155737
XM_026518474.3	5052	4872.9	8	0.704881
XM_026518475.3	10818	10638.9	0.409014	0.0165065
XM_026518476.3	10815	10635.9	0.590986	0.023857
XM_026518477.3	8669	8489.9	0	0
XM_026518478.3	2985	2805.9	0	0
XM_026518480.3	2754	2574.9	1	0.166745
XM_026518481.3	1168	988.905	9.15652	3.97548
XM_026518482.3	1198	1018.9	0	0
XM_026518483.3	1794	1614.9	11.7496	3.12383
XM_026518484.3	7712	7532.9	56.018	3.19285
XM_026518486.3	895	715.98	0	0
XM_026518487.3	3473	3293.9	9.11808	1.18852
XM_026518488.2	2028	1848.9	18.8819	4.38475
XM_026518489.3	4289	4109.9	0	0
XM_026518490.3	4245	4065.9	347	36.6426
XM_026518491.3	4407	4227.9	0	0
XM_026518492.3	4364	4184.9	0	0
XM_026518495.3	4333	4153.9	0	0
XM_026518496.3	4280	4100.9	0	0
XM_026518499.3	3414	3234.9	0	0
XM_026518500.3	6644	6464.9	17	1.12902
XM_026518502.3	12347	12167.9	5.78273e-05	2.04047e-06
XM_026518505.3	12263	12083.9	22.7076	0.80682
XM_026518508.3	4426	4246.9	1052.02	106.357
XM_026518509.3	4961	4781.9	5.9554	0.534716
XM_026518510.3	4331	4151.9	124.574	12.8823
XM_026518513.3	14554	14374.9	0	0
XM_026518515.3	7170	6990.9	0	0
XM_026518516.3	7033	6853.9	0	0
XM_026518519.3	4395	4215.9	5.58979	0.569269
XM_026518520.3	6870	6690.9	272.324	17.4749
XM_026518521.3	3523	3343.9	0	0
XM_026518522.3	4221	4041.9	0	0
XM_026518523.3	3599	3419.9	0	0
XM_026518524.3	3386	3206.9	0	0
XM_026518526.3	2620	2440.9	0	0
XM_026518528.3	1626	1446.9	4.45585	1.32222
XM_026518530.3	1493	1313.9	2.54415	0.831367
XM_026518533.3	7452	7272.9	80.8115	4.77066
XM_026518539.3	8430	8250.9	451	23.4687
XM_026518541.3	5772	5592.9	0	0
XM_026518542.3	7228	7048.9	16.3775	0.99756
XM_026518544.3	12837	12657.9	169.378	5.74523
XM_026518547.3	2053	1873.9	0	0
XM_026518548.3	1255	1075.9	36.2728	14.4751
XM_026518549.3	5811	5631.9	3.39711	0.258981
XM_026518550.3	5698	5518.9	0	0
XM_026518551.3	5730	5550.9	0	0
XM_026518552.3	5965	5785.9	0	0
XM_026518553.3	6693	6513.9	40.8701	2.69388
XM_026518557.3	7239	7059.9	0	0
XM_026518560.3	7154	6974.9	116.946	7.19879
XM_026518561.3	6885	6705.9	7.43283	0.475894
XM_026518562.3	15657	15477.9	0	0
XM_026518563.3	15574	15394.9	23.6337	0.659127
XM_026518564.3	13547	13367.9	0.000180319	5.79149e-06
XM_026518566.3	419	240.905	0	0
XM_026518568.3	3490	3310.9	23.8685	3.09523
XM_026518570.3	3828	3648.9	366	43.0657
XM_026518571.3	1962	1782.9	15.0382	3.62144
XM_026518572.3	3556	3376.9	27	3.43288
XM_026518575.3	12321	12141.9	4.0727	0.144016
XM_026518578.3	8055	7875.9	91	4.96083
XM_026518580.3	12586	12406.9	122.736	4.24737
XM_026518582.3	12343	12163.9	23.1715	0.817888
XM_026518584.3	6494	6314.9	291	19.7852
XM_026518585.3	6440	6260.9	1.34881e-05	9.2497e-07
XM_026518586.3	6262	6082.9	0	0
XM_026518587.3	9164	8984.9	14.276	0.68219
XM_026518589.3	8626	8446.9	15	0.762442
XM_026518594.3	6690	6510.9	0	0
XM_026518596.3	6749	6569.9	21.1346	1.38118
XM_026518600.3	6182	6002.9	453.114	32.4086
XM_026518603.3	1342	1162.9	38	14.0298
XM_026518604.3	1354	1174.9	167.997	61.3922
XM_026518606.3	9090	8910.9	19.1003	0.920306
XM_026518610.3	10892	10712.9	0	0
XM_026518612.3	10849	10669.9	456	18.3492
XM_026518613.3	1793	1613.9	8.9043	2.36884
XM_026518614.3	11807	11627.9	445.984	16.4676
XM_026518618.3	11898	11718.9	70.9182	2.59827
XM_026518624.3	11795	11615.9	0	0
XM_026518626.3	2326	2146.9	43	8.59942
XM_026518628.3	1721	1541.9	0	0
XM_026518630.3	8600	8420.9	0.591675	0.0301674
XM_026518631.3	2413	2233.9	49.075	9.43212
XM_026518633.3	8581	8401.9	0	0
XM_026518636.3	989	809.905	6.22915	3.30224
XM_026518641.3	2240	2060.9	58.1511	12.1147
XM_026518642.3	2237	2057.9	0	0
XM_026518643.3	4027	3847.9	46.0371	5.13685
XM_026518644.3	824	644.98	4.65548e-07	3.09907e-07
XM_026518645.3	842	662.98	0	0
XM_026518649.3	1901	1721.9	0	0
XM_026518650.3	12070	11890.9	100.353	3.6235
XM_026518652.3	519	340.091	169	213.356
XM_026518654.3	6423	6243.9	1	0.0687634
XM_026518657.3	930	750.98	24.2267	13.8509
XM_026518663.3	1519	1339.9	0	0
XM_026518664.3	2121	1941.9	110	24.3208
XM_026518665.1	978	798.905	2	1.07485
XM_026518666.3	1924	1744.9	3	0.738181
XM_026518667.3	1238	1058.9	0	0
XM_026518668.3	3661	3481.9	37.8989	4.6733
XM_026518670.3	5491	5311.9	4.95197	0.400259
XM_026518671.3	1436	1256.9	6.07466	2.07507
XM_026518672.3	1487	1307.9	65.9253	21.6416
XM_026518673.3	1480	1300.9	0	0
XM_026518676.3	3384	3204.9	0	0
XM_026518680.3	5983	5803.9	0	0
XM_026518684.3	6058	5878.9	0	0
XM_026518686.3	5866	5686.9	13	0.981479
XM_026518690.3	2580	2400.9	27.7939	4.97036
XM_026518691.3	3194	3014.9	81	11.5352
XM_026518692.3	3130	2950.9	0	0
XM_026518693.3	3726	3546.9	6	0.726299
XM_026518694.3	7986	7806.9	0	0
XM_026518696.3	7918	7738.9	3.06039e-06	1.69789e-07
XM_026518697.3	7839	7659.9	2	0.112104
XM_026518698.2	921	741.98	0	0
XM_026518699.3	3586	3406.9	0	0
XM_026518700.3	7259	7079.9	0	0
XM_026518701.3	7103	6923.9	21	1.30221
XM_026518702.3	7515	7335.9	0	0
XM_026518708.3	3585	3405.9	64.3792	8.11571
XM_026518713.3	5737	5557.9	139	10.7378
XM_026518719.3	2219	2039.9	2.00026	0.421008
XM_026518721.3	1379	1199.9	175	62.6188
XM_026518723.3	1202	1022.9	0	0
XM_026518730.3	2906	2726.9	26	4.09371
XM_026518731.3	4811	4631.9	0	0
XM_026518732.3	5383	5203.9	0.000382396	3.15499e-05
XM_026518733.3	4821	4641.9	0	0
XM_026518740.3	992	812.905	4.17401	2.20459
XM_026518742.3	9873	9693.9	522.324	23.1342
XM_026518743.3	2478	2298.9	21.8465	4.08013
XM_026518746.3	2430	2250.9	0	0
XM_026518747.3	2372	2192.9	0	0
XM_026518752.3	7020	6840.9	0.505164	0.0317053
XM_026518757.3	3343	3163.9	9.28141	1.25952
XM_026518758.3	3824	3644.9	7.57776	0.892624
XM_026518760.3	2545	2365.9	2.14083	0.388506
XM_026518761.3	2940	2760.9	34.4954	5.36442
XM_026518762.3	2940	2760.9	152.22	23.672
XM_026518763.3	2862	2682.9	332.882	53.272
XM_026518764.3	2844	2664.9	15.2317	2.45403
XM_026518765.3	2880	2700.9	376.283	59.8162
XM_026518766.3	2868	2688.9	3.2064	0.511983
XM_026518767.3	2808	2628.9	37.6809	6.15403
XM_026518769.3	2035	1855.9	0	0
XM_026518772.3	1966	1786.9	0	0
XM_026518773.3	2668	2488.9	1	0.172506
XM_026518774.3	6789	6609.9	4	0.259823
XM_026518775.3	5518	5338.9	70.1909	5.64472
XM_026518776.3	5470	5290.9	5.81882e-07	4.72192e-08
XM_026518778.3	5372	5192.9	41.8702	3.46185
XM_026518779.3	2511	2331.9	4.20042	0.773384
XM_026518780.3	13072	12892.9	331.418	11.0367
XM_026518781.3	12984	12804.9	86.9361	2.91499
XM_026518782.3	11034	10854.9	0.800699	0.0316706
XM_026518783.3	2190	2010.9	1	0.213512
XM_026518786.3	5249	5069.9	126.899	10.7466
XM_026518787.3	5508	5328.9	7.02138	0.565716
XM_026518789.3	11602	11422.9	7.56931	0.284507
XM_026518790.3	11600	11420.9	7.57803	0.284885
XM_026518791.3	11570	11390.9	53.9814	2.0347
XM_026518792.3	11570	11390.9	0	0
XM_026518793.3	9779	9599.9	0	0
XM_026518794.3	9776	9596.9	39	1.7448
XM_026518802.3	1795	1615.9	3	0.797111
XM_026518804.3	5910	5730.9	2	0.149837
XM_026518805.3	2692	2512.9	3.27042	0.558781
XM_026518806.3	2707	2527.9	0	0
XM_026518807.3	2648	2468.9	10.1763	1.76969
XM_026518808.3	3824	3644.9	4.65691	0.548562
XM_026518809.3	2732	2552.9	4.27553	0.719066
XM_026518810.3	1935	1755.9	0	0
XM_026518811.3	2151	1971.9	20.1728	4.39232
XM_026518812.3	5241	5061.9	144	12.2141
XM_026518813.3	5704	5524.9	7	0.543985
XM_026518814.3	20803	20623.9	289.355	6.02384
XM_026518815.3	13727	13547.9	489.769	15.5215
XM_026518816.3	16070	15890.9	160.876	4.34665
XM_026518818.3	4512	4332.9	2.05735	0.203865
XM_026518822.3	6306	6126.9	144.198	10.1049
XM_026518823.3	9083	8903.9	0	0
XM_026518825.3	13891	13711.9	8.39707	0.262932
XM_026518826.3	2915	2735.9	31	4.8649
XM_026518827.3	1499	1319.9	0	0
XM_026518828.3	935	755.98	17	9.65499
XM_026518829.3	3522	3342.9	273.722	35.156
XM_026518831.3	6081	5901.9	7	0.509236
XM_026518832.3	12009	11829.9	5	0.181469
XM_026518833.3	2029	1849.9	185	42.9374
XM_026518835.2	3972	3792.9	0	0
XM_026518836.3	2748	2568.9	0	0
XM_026518837.3	9669	9489.9	102.107	4.61962
XM_026518839.3	8037	7857.9	0	0
XM_026518841.2	4233	4053.9	0	0
XM_026518842.2	4467	4287.9	0	0
XM_026518843.3	4615	4435.9	0	0
XM_026518846.2	1002	822.905	1	0.521752
XM_026518848.3	1368	1188.9	0	0
XM_026518850.3	2671	2491.9	0.0752304	0.0129621
XM_026518852.3	2046	1866.9	0	0
XM_026518853.3	4348	4168.9	1.99904	0.205879
XM_026518854.3	4345	4165.9	4.00096	0.412352
XM_026518855.3	4231	4051.9	0	0
XM_026518858.3	3005	2825.9	52.3811	7.95849
XM_026518859.3	3001	2821.9	10.6189	1.61566
XM_026518860.3	4727	4547.9	14.0186	1.32345
XM_026518861.3	746	566.98	0	0
XM_026518864.3	2723	2543.9	0	0
XM_026518868.3	1509	1329.9	2	0.645688
XM_026518869.3	1460	1280.9	0	0
XM_026518871.3	3293	3113.9	0	0
XM_026518877.3	2539	2359.9	23	4.18453
XM_026518879.3	3521	3341.9	4	0.513901
XM_026518881.3	5607	5427.9	0	0
XM_026518882.3	2328	2148.9	113	22.5774
XM_026518883.2	1437	1257.9	0	0
XM_026518884.1	1344	1164.9	0	0
XM_026518885.1	228	75.9499	0	0
XM_026518886.3	5858	5678.9	579.132	43.7851
XM_026518887.3	5791	5611.9	46.6257	3.56721
XM_026518888.3	2081	1901.9	129.043	29.1313
XM_026518890.2	1270	1090.9	0.313258	0.12329
XM_026518891.3	1918	1738.9	25	6.17274
XM_026518892.2	1872	1692.9	7.23545e-08	1.83504e-08
XM_026518893.3	1485	1305.9	0	0
XM_026518894.3	6626	6446.9	0	0
XM_026518895.3	6623	6443.9	0	0
XM_026518897.3	1503	1323.9	0	0
XM_026518900.3	4019	3839.9	0	0
XM_026518902.3	7961	7781.9	95	5.24145
XM_026518904.3	2891	2711.9	7	1.10825
XM_026518905.3	1295	1115.9	17	6.54087
XM_026518906.3	5740	5560.9	11	0.849299
XM_026518907.3	1493	1313.9	51	16.6656
XM_026518909.3	6939	6759.9	0	0
XM_026518910.3	6892	6712.9	86.2553	5.51682
XM_026518912.3	6450	6270.9	14	0.958542
XM_026518913.3	16728	16548.9	24.3566	0.631919
XM_026518914.3	16725	16545.9	45.3398	1.17653
XM_026518915.3	16722	16542.9	45.7074	1.18628
XM_026518918.3	16844	16664.9	20.698	0.533259
XM_026518919.3	11398	11218.9	128.131	4.90361
XM_026518921.3	3022	2842.9	3	0.453077
XM_026518923.3	2965	2785.9	18.7629	2.89165
XM_026518924.3	2544	2364.9	0	0
XM_026518926.3	6086	5906.9	22.157	1.61051
XM_026518929.3	6089	5909.9	43.843	3.18518
XM_026518930.3	528	349.091	0	0
XM_026518933.3	3130	2950.9	53	7.71142
XM_026518936.3	3631	3451.9	0	0
XM_026518938.3	3628	3448.9	35	4.35713
XM_026518939.3	1055	875.905	0	0
XM_026518940.3	1859	1679.9	0	0
XM_026518941.3	4009	3829.9	123	13.7889
XM_026518947.3	3372	3192.9	70.0133	9.41474
XM_026518954.3	8289	8109.9	14	0.741183
XM_026518955.3	651	471.98	0	0
XM_026518956.3	570	390.98	0	0
XM_026518957.3	19115	18935.9	0	0
XM_026518958.3	18919	18739.9	0	0
XM_026518959.3	18841	18661.9	0	0
XM_026518960.3	18726	18546.9	0	0
XM_026518961.3	18702	18522.9	0	0
XM_026518963.3	5268	5088.9	279	23.5393
XM_026518964.3	7680	7500.9	35.1524	2.01213
XM_026518965.3	7598	7418.9	28.8476	1.66949
XM_026518966.3	7697	7517.9	0	0
XM_026518967.3	7089	6909.9	96.1951	5.97715
XM_026518968.3	6923	6743.9	10.8049	0.687894
XM_026518969.3	5701	5521.9	17	1.32182
XM_026518970.3	5635	5455.9	0	0
XM_026518972.3	3349	3169.9	0	0
XM_026518973.3	3948	3768.9	58	6.60733
XM_026518974.3	9837	9657.9	13.1736	0.585645
XM_026518978.3	2601	2421.9	0	0
XM_026518979.3	2109	1929.9	0	0
XM_026518980.3	3846	3666.9	3	0.351265
XM_026518981.3	9356	9176.9	53.5097	2.50351
XM_026518982.3	10230	10050.9	0	0
XM_026518983.3	9207	9027.9	0	0
XM_026518984.3	9239	9059.9	23.9598	1.13546
XM_026518985.3	6652	6472.9	91.0638	6.04032
XM_026518986.3	6596	6416.9	0	0
XM_026518987.3	3419	3239.9	0	0
XM_026518988.3	3406	3226.9	7	0.931377
XM_026518989.3	4595	4415.9	65.9988	6.41697
XM_026518990.3	3422	3242.9	0	0
XM_026518991.3	2074	1894.9	0	0
XM_026518992.3	2051	1871.9	0	0
XM_026518993.3	1941	1761.9	6	1.46212
XM_026518994.3	4146	3966.9	145	15.6939
XM_026518996.3	3732	3552.9	58	7.00903
XM_026518999.3	3790	3610.9	57.222	6.80394
XM_026519001.3	3206	3026.9	0	0
XM_026519003.3	3182	3002.9	0	0
XM_026519004.3	4619	4439.9	0	0
XM_026519008.3	1613	1433.9	1.49738	0.448357
XM_026519009.3	1639	1459.9	0	0
XM_026519010.3	1391	1211.9	7	2.47995
XM_026519015.3	1235	1055.9	0	0
XM_026519017.3	1509	1329.9	0	0
XM_026519023.3	2660	2480.9	49.6826	8.5982
XM_026519025.3	2634	2454.9	0	0
XM_026519026.3	2615	2435.9	20.6153	3.63364
XM_026519028.3	2378	2198.9	6.70218	1.30865
XM_026519030.3	7629	7449.9	87.2974	5.03111
XM_026519032.3	3288	3108.9	30.6581	4.234
XM_026519036.3	3294	3114.9	0	0
XM_026519037.3	3007	2827.9	0	0
XM_026519038.3	2899	2719.9	5	0.789278
XM_026519039.3	10520	10340.9	141	5.85429
XM_026519041.3	993	813.905	0	0
XM_026519042.3	3578	3398.9	0	0
XM_026519044.3	4195	4015.9	4	0.427652
XM_026519045.3	610	430.98	0	0
XM_026519046.3	1742	1562.9	3	0.824142
XM_026519047.3	1348	1168.9	97.9755	35.9875
XM_026519048.3	4183	4003.9	7	0.750633
XM_026519049.2	3792	3612.9	166.903	19.8345
XM_026519050.3	2879	2699.9	6	0.954149
XM_026519051.3	7575	7395.9	3	0.174158
XM_026519052.3	3196	3016.9	0	0
XM_026519053.3	3288	3108.9	0	0
XM_026519055.3	3142	2962.9	11.854	1.71776
XM_026519059.3	8192	8012.9	0	0
XM_026519060.3	6421	6241.9	4.02855	0.277106
XM_026519063.3	3848	3668.9	0	0
XM_026519064.3	4869	4689.9	0	0
XM_026519065.3	1516	1336.9	0	0
XM_026519066.3	8556	8376.9	24	1.2301
XM_026519068.3	3883	3703.9	153	17.7356
XM_026519069.3	3395	3215.9	1084	144.724
XM_026519071.3	8693	8513.9	3.21916	0.162341
XM_026519072.3	1597	1417.9	0	0
XM_026519073.3	3176	2996.9	1	0.143265
XM_026519074.2	885	705.98	1	0.608164
XM_026519076.3	8692	8512.9	0	0
XM_026519077.1	954	774.905	0	0
XM_026519081.3	270	105.978	0	0
XM_026519082.3	8588	8408.9	0	0
XM_026519084.3	2685	2505.9	0	0
XM_026519086.3	6229	6049.9	167.349	11.8765
XM_026519087.3	657	477.98	0	0
XM_026519088.2	2619	2439.9	0	0
XM_026519089.2	201	59.6973	0	0
XM_026519090.3	287	119.501	0	0
XM_026519091.3	3303	3123.9	0	0
XM_026519092.3	5960	5780.9	11	0.816978
XM_026519093.2	1095	915.905	0	0
XM_026519094.1	291	122.777	0	0
XM_026519095.2	909	729.98	0	0
XM_026519096.3	1509	1329.9	0	0
XM_026519097.2	651	471.98	0	0
XM_026519098.2	618	438.98	0	0
XM_026519099.3	4330	4150.9	3	0.310307
XM_026519100.3	1575	1395.9	0	0
XM_026519101.3	1479	1299.9	1	0.330295
XM_026519103.3	6855	6675.9	13.0245	0.83765
XM_026519104.3	4391	4211.9	0	0
XM_026519105.3	3819	3639.9	27.9359	3.29523
XM_026519106.3	3778	3598.9	40.3036	4.80825
XM_026519107.3	3753	3573.9	0	0
XM_026519108.3	3633	3453.9	3.79824e-08	4.72156e-09
XM_026519109.3	5697	5517.9	57.1877	4.44981
XM_026519110.3	6378	6198.9	0	0
XM_026519115.3	7355	7175.9	61.2355	3.66387
XM_026519117.3	4317	4137.9	423.081	43.8992
XM_026519118.3	7273	7093.9	23.9192	1.44769
XM_026519119.3	5575	5395.9	5.50769	0.438247
XM_026519120.3	5669	5489.9	0	0
XM_026519123.3	3325	3145.9	10.9853	1.49927
XM_026519125.3	3186	3006.9	20.4032	2.91335
XM_026519127.3	2533	2353.9	431	78.6144
XM_026519128.3	2691	2511.9	114.321	19.5406
XM_026519129.3	4123	3943.9	18	1.95956
XM_026519130.3	2497	2317.9	31	5.74222
XM_026519131.3	2949	2769.9	29	4.49518
XM_026519132.3	1319	1139.9	9.02955	3.40103
XM_026519134.3	2476	2296.9	3.97045	0.742181
XM_026519135.3	4258	4078.9	29.7175	3.12811
XM_026519136.3	4881	4701.9	16.0471	1.46533
XM_026519137.3	9958	9778.9	114.235	5.01561
XM_026519138.3	5511	5331.9	1	0.0805251
XM_026519142.3	4435	4255.9	6.20619	0.626105
XM_026519143.3	4375	4195.9	28.7938	2.94637
XM_026519144.3	4177	3997.9	0	0
XM_026519157.3	6000	5820.9	0	0
XM_026519158.3	4138	3958.9	0.000144219	1.56409e-05
XM_026519159.3	19935	19755.9	0	0
XM_026519160.3	19932	19752.9	0	0
XM_026519161.3	17748	17568.9	0	0
XM_026519162.3	20068	19888.9	11.8708	0.256261
XM_026519163.3	17661	17481.9	1.70731	0.0419311
XM_026519168.3	8789	8609.9	0	0
XM_026519174.3	2670	2490.9	2.22041	0.382727
XM_026519175.3	6026	5846.9	0	0
XM_026519176.3	1216	1036.9	0	0
XM_026519177.3	5370	5190.9	3.6362	0.300759
XM_026519178.3	1122	942.905	0	0
XM_026519179.3	6610	6430.9	0	0
XM_026519182.3	6396	6216.9	0	0
XM_026519185.3	3212	3032.9	0	0
XM_026519187.3	1901	1721.9	0	0
XM_026519188.3	6620	6440.9	0	0
XM_026519190.3	639	459.98	3	2.80024
XM_026519192.3	4678	4498.9	87	8.30283
XM_026519195.3	3039	2859.9	5.71582	0.858105
XM_026519196.3	2944	2764.9	27.2842	4.23686
XM_026519197.3	5900	5720.9	10.8856	0.81696
XM_026519198.3	1859	1679.9	7	1.78907
XM_026519200.3	10521	10341.9	0.000182479	7.57574e-06
XM_026519201.3	1454	1274.9	18.4076	6.19915
XM_026519204.3	2909	2729.9	0	0
XM_026519207.3	3856	3676.9	32.8716	3.83841
XM_026519208.3	3769	3589.9	18.7208	2.23901
XM_026519210.3	13669	13489.9	6.82107	0.217099
XM_026519212.3	4669	4489.9	0	0
XM_026519213.3	1496	1316.9	0	0
XM_026519214.3	4136	3956.9	0	0
XM_026519215.3	6011	5831.9	78	5.74246
XM_026519216.3	5973	5793.9	0	0
XM_026519217.3	1140	960.905	0	0
XM_026519218.3	5359	5179.9	52	4.31018
XM_026519222.3	16080	15900.9	60.3098	1.62847
XM_026519225.3	2794	2614.9	32	5.25421
XM_026519227.3	6078	5898.9	4	0.29114
XM_026519228.3	11249	11069.9	2.84992	0.110535
XM_026519230.3	9483	9303.9	0	0
XM_026519231.3	9279	9099.9	0	0
XM_026519238.3	738	558.98	0	0
XM_026519239.3	743	563.98	0	0
XM_026519240.3	639	459.98	0	0
XM_026519241.3	13742	13562.9	117.964	3.73432
XM_026519243.3	2238	2058.9	51.9452	10.8323
XM_026519250.3	14793	14613.9	1.40945	0.0414093
XM_026519254.3	802	622.98	6	4.13514
XM_026519255.3	3704	3524.9	281.488	34.2867
XM_026519256.3	2472	2292.9	48.5119	9.08398
XM_026519259.3	3607	3427.9	0	0
XM_026519262.3	3644	3464.9	0	0
XM_026519263.3	3540	3360.9	10	1.27749
XM_026519264.3	3748	3568.9	0	0
XM_026519265.3	7069	6889.9	35	2.18106
XM_026519269.3	7053	6873.9	0	0
XM_026519279.3	11436	11256.9	4.79751	0.182983
XM_026519283.3	4669	4489.9	8.94436	0.855314
XM_026519284.3	6539	6359.9	4.4576	0.300929
XM_026519285.3	2234	2054.9	1	0.20894
XM_026519286.3	8343	8163.9	125.338	6.5917
XM_026519287.2	2007	1827.9	0	0
XM_026519289.3	8387	8207.9	188.662	9.86884
XM_026519290.3	7341	7161.9	250.781	15.0342
XM_026519291.3	7315	7135.9	2.17185e-08	1.30676e-09
XM_026519292.3	7486	7306.9	76.2416	4.47994
XM_026519293.3	7300	7120.9	3.38398e-07	2.04036e-08
XM_026519294.3	7374	7194.9	0	0
XM_026519295.3	7287	7107.9	0	0
XM_026519296.3	19466	19286.9	1.30432	0.0290359
XM_026519298.3	5309	5129.9	0	0
XM_026519299.3	1113	933.905	0	0
XM_026519303.3	19476	19296.9	67.3849	1.4993
XM_026519307.3	19301	19121.9	0	0
XM_026519308.3	8968	8788.9	2.52951e-08	1.23571e-09
XM_026519314.3	1524	1344.9	39.5982	12.6415
XM_026519315.3	1041	861.905	4.39398	2.18883
XM_026519317.3	6472	6292.9	190	12.9633
XM_026519319.3	2850	2670.9	0	0
XM_026519330.3	7329	7149.9	55	3.30275
XM_026519331.3	1555	1375.9	47	14.6664
XM_026519332.3	2200	2020.9	53	11.2601
XM_026519333.3	5678	5498.9	0	0
XM_026519334.3	5761	5581.9	81.8635	6.29682
XM_026519335.3	5700	5520.9	0	0
XM_026519336.3	5569	5389.9	0.0227334	0.00181091
XM_026519338.3	5733	5553.9	0	0
XM_026519339.3	5539	5359.9	33.1137	2.65256
XM_026519340.3	3979	3799.9	16.4019	1.85325
XM_026519341.3	6372	6192.9	3	0.207989
XM_026519343.3	6376	6196.9	70.7989	4.90529
XM_026519347.3	2623	2443.9	23.7407	4.17084
XM_026519348.3	592	412.98	0	0
XM_026519349.3	861	681.98	2	1.25913
XM_026519350.3	12041	11861.9	45.2092	1.63639
XM_026519351.3	11990	11810.9	0.00836757	0.000304179
XM_026519353.3	12347	12167.9	0	0
XM_026519355.3	4051	3871.9	293.594	32.5564
XM_026519359.3	11108	10928.9	21	0.825004
XM_026519360.3	848	668.98	6	3.8508
XM_026519362.3	736	556.98	10	7.70857
XM_026519363.3	15017	14837.9	90.1124	2.60751
XM_026519364.3	14567	14387.9	0	0
XM_026519367.3	14847	14667.9	33.1377	0.969992
XM_026519368.3	15082	14902.9	14.8496	0.427815
XM_026519370.3	2477	2297.9	3.92134	0.732682
XM_026519372.3	3292	3112.9	10.9582	1.51142
XM_026519373.3	2112	1932.9	8.04182	1.78631
XM_026519374.3	7136	6956.9	26.1538	1.6141
XM_026519376.3	2678	2498.9	687	118.038
XM_026519378.3	7121	6941.9	5.44381	0.336696
XM_026519380.2	471	292.277	0	0
XM_026519382.1	3687	3507.9	0	0
XM_026519384.3	3912	3732.9	216.526	24.9045
XM_026519385.2	832	652.98	0	0
XM_026519386.1	2199	2019.9	0	0
XM_026519387.2	1425	1245.9	0	0
XM_026519389.3	3195	3015.9	5	0.711813
XM_026519390.3	2991	2811.9	180	27.4843
XM_026519394.3	4161	3981.9	0	0
XM_026519395.3	3708	3528.9	38.4342	4.67618
XM_026519398.3	7529	7349.9	115	6.71784
XM_026519399.3	7337	7157.9	0	0
XM_026519400.3	4785	4605.9	0	0
XM_026519401.3	4625	4445.9	0	0
XM_026519403.3	3020	2840.9	10	1.51132
XM_026519405.3	17020	16840.9	0	0
XM_026519406.3	7335	7155.9	60.5206	3.63122
XM_026519409.3	1689	1509.9	134	38.1038
XM_026519410.3	8930	8750.9	9	0.441573
XM_026519411.3	414	236.073	72	130.948
XM_026519412.3	6964	6784.9	0.339569	0.0214881
XM_026519413.3	8239	8059.9	24.4569	1.30282
XM_026519414.3	3249	3069.9	1	0.139858
XM_026519420.3	7099	6919.9	5.58481	0.346514
XM_026519422.3	4924	4744.9	0	0
XM_026519423.3	4964	4784.9	23	2.0638
XM_026519425.3	2220	2040.9	0	0
XM_026519426.3	1599	1419.9	128	38.7047
XM_026519427.3	8276	8096.9	23	1.21961
XM_026519429.3	7140	6960.9	26.0041	1.60394
XM_026519431.3	7914	7734.9	0	0
XM_026519432.3	5314	5134.9	0	0
XM_026519434.3	4862	4682.9	0	0
XM_026519435.3	4667	4487.9	6.67737	0.638816
XM_026519436.3	4640	4460.9	0	0
XM_026519437.2	456	277.419	0	0
XM_026519439.3	2418	2238.9	0	0
XM_026519441.3	3989	3809.9	153.734	17.3249
XM_026519442.2	792	612.98	0	0
XM_026519443.2	5009	4829.9	193	17.1566
XM_026519444.3	4316	4136.9	56	5.812
XM_026519445.3	4866	4686.9	25.7316	2.35719
XM_026519446.3	5736	5556.9	11	0.84991
XM_026519448.3	4861	4681.9	38	3.48477
XM_026519449.3	1778	1598.9	51	13.695
XM_026519450.3	1746	1566.9	0	0
XM_026519451.3	836	656.98	0	0
XM_026519454.3	5340	5160.9	0	0
XM_026519467.3	3904	3724.9	0.000618083	7.12434e-05
XM_026519469.3	3813	3633.9	0	0
XM_026519470.3	2595	2415.9	1	0.177719
XM_026519471.3	3709	3529.9	84	10.2171
XM_026519474.3	2435	2255.9	1	0.190324
XM_026519475.2	871	691.98	1	0.620468
XM_026519476.3	6315	6135.9	5	0.349868
XM_026519477.3	7738	7558.9	0	0
XM_026519478.3	3298	3118.9	646	88.9291
XM_026519479.3	6793	6613.9	410	26.6158
XM_026519480.3	3136	2956.9	110	15.9723
XM_026519481.3	2499	2319.9	5	0.925365
XM_026519482.3	2609	2429.9	0	0
XM_026519484.3	801	621.98	35.0671	24.2067
XM_026519485.3	746	566.98	2.93292	2.22098
XM_026519487.3	6584	6404.9	0	0
XM_026519488.3	6337	6157.9	52	3.62563
XM_026519489.3	2931	2751.9	0	0
XM_026519490.3	2508	2328.9	46	8.48046
XM_026519491.3	1581	1401.9	0	0
XM_026519495.3	1506	1326.9	0	0
XM_026519496.3	2907	2727.9	439	69.0953
XM_026519498.3	1219	1039.9	0	0
XM_026519499.3	1897	1717.9	0	0
XM_026519500.3	13633	13453.9	27.8549	0.888927
XM_026519504.3	2973	2793.9	0	0
XM_026519505.3	4549	4369.9	46	4.51959
XM_026519506.3	4651	4471.9	0	0
XM_026519507.3	6154	5974.9	0	0
XM_026519508.3	2086	1906.9	79.0111	17.7899
XM_026519511.3	1186	1006.9	53	22.5996
XM_026519513.3	717	537.98	0	0
XM_026519514.3	2920	2740.9	7.16737	1.12274
XM_026519515.3	2754	2574.9	0.932044	0.155414
XM_026519516.3	8673	8493.9	17.0789	0.863308
XM_026519517.3	2638	2458.9	0	0
XM_026519520.3	2047	1867.9	114	26.2038
XM_026519521.3	6456	6276.9	103	7.04539
XM_026519525.3	2556	2376.9	13	2.34825
XM_026519526.3	5083	4903.9	410	35.8968
XM_026519527.3	3039	2859.9	0	0
XM_026519528.3	2958	2778.9	24.9602	3.85645
XM_026519530.3	1356	1176.9	0	0
XM_026519531.3	4561	4381.9	1.63192	0.1599
XM_026519533.3	3557	3377.9	0	0
XM_026519534.3	4992	4812.9	28.5345	2.54552
XM_026519535.3	2705	2525.9	152.247	25.8789
XM_026519536.3	2536	2356.9	111.753	20.3577
XM_026519538.3	26590	26410.9	17.362	0.282247
XM_026519539.3	3551	3371.9	9	1.14599
XM_026519540.3	6932	6752.9	74.6146	4.74402
XM_026519542.3	26378	26198.9	0.0234118	0.000383676
XM_026519543.3	2593	2413.9	1	0.177866
XM_026519544.3	2835	2655.9	13	2.10157
XM_026519545.3	4147	3967.9	0	0
XM_026519546.3	3081	2901.9	1	0.147955
XM_026519549.3	3262	3082.9	12	1.67122
XM_026519550.3	5305	5125.9	64.4295	5.39669
XM_026519553.3	4173	3993.9	1	0.107502
XM_026519554.3	3407	3227.9	0	0
XM_026519569.3	6332	6152.9	13.6715	0.954002
XM_026519570.3	6324	6144.9	41.3285	2.88767
XM_026519571.3	9973	9793.9	70	3.06871
XM_026519573.3	9832	9652.9	0	0
XM_026519574.3	9815	9635.9	74	3.29726
XM_026519577.3	13784	13604.9	5	0.157793
XM_026519578.3	2975	2795.9	0	0
XM_026519580.3	2624	2444.9	0	0
XM_026519587.3	22533	22353.9	0	0
XM_026519591.3	11526	11346.9	22.1966	0.83989
XM_026519592.3	8784	8604.9	74	3.69232
XM_026519594.3	3858	3678.9	22.2238	2.59366
XM_026519597.3	11470	11290.9	0	0
XM_026519608.3	7963	7783.9	0	0
XM_026519611.3	16687	16507.9	0.524382	0.0136386
XM_026519614.3	16353	16173.9	222.622	5.90971
XM_026519616.3	7966	7786.9	0	0
XM_026519617.3	9564	9384.9	0	0
XM_026519619.3	9500	9320.9	0	0
XM_026519620.3	9730	9550.9	0	0
XM_026519626.3	7818	7638.9	9.45501	0.531428
XM_026519627.3	9290	9110.9	1.99989	0.0942451
XM_026519628.3	9359	9179.9	0.000105914	4.9537e-06
XM_026519629.3	4904	4724.9	517	46.9798
XM_026519630.3	5280	5100.9	0	0
XM_026519631.3	5225	5045.9	14	1.19125
XM_026519632.3	1317	1137.9	51	19.2432
XM_026519635.3	1805	1625.9	0	0
XM_026519636.3	1802	1622.9	0	0
XM_026519637.3	1770	1590.9	1.13572	0.306508
XM_026519638.3	7167	6987.9	385.104	23.6616
XM_026519640.3	1637	1457.9	0	0
XM_026519641.3	1625	1445.9	13.7005	4.06827
XM_026519642.3	1727	1547.9	42.5827	11.8114
XM_026519643.3	1601	1421.9	7.60079	2.2951
XM_026519644.3	2405	2225.9	3.11598	0.601038
XM_026519646.3	5836	5656.9	39	2.96005
XM_026519647.3	7254	7074.9	0	0
XM_026519648.3	5997	5817.9	0	0
XM_026519649.3	1521	1341.9	1	0.319957
XM_026519650.3	6037	5857.9	63	4.61755
XM_026519651.3	4414	4234.9	6.62752	0.671926
XM_026519652.3	3856	3676.9	5	0.58385
XM_026519653.3	9692	9512.9	1.98378	0.089535
XM_026519654.3	7087	6907.9	0.000255539	1.58827e-05
XM_026519658.3	9675	9495.9	20.4746	0.925746
XM_026519659.3	6201	6021.9	219.706	15.6647
XM_026519660.3	6185	6005.9	19.7545	1.41222
XM_026519661.3	6037	5857.9	42.539	3.11787
XM_026519667.3	3608	3428.9	0	0
XM_026519668.3	3665	3485.9	14.142	1.74184
XM_026519670.3	3527	3347.9	30.858	3.95739
XM_026519671.3	4986	4806.9	0	0
XM_026519673.3	4403	4223.9	5.24456	0.533099
XM_026519674.3	4906	4726.9	0	0
XM_026519675.3	5107	4927.9	1.99268	0.173616
XM_026519685.3	3428	3248.9	2	0.264306
XM_026519689.3	1086	906.905	0	0
XM_026519691.3	2511	2331.9	2	0.368241
XM_026519692.2	2127	1947.9	0	0
XM_026519694.3	3506	3326.9	31.5405	4.07044
XM_026519695.3	3149	2969.9	0	0
XM_026519696.3	3033	2853.9	52.4595	7.8922
XM_026519697.3	2826	2646.9	83	13.4634
XM_026519700.3	15913	15733.9	0.000313691	8.5601e-06
XM_026519703.3	6482	6302.9	5	0.340598
XM_026519704.3	6395	6215.9	8	0.552585
XM_026519705.3	4140	3960.9	31.9428	3.46252
XM_026519718.3	4345	4165.9	94.0451	9.6926
XM_026519720.3	4329	4149.9	0	0
XM_026519722.3	4397	4217.9	0	0
XM_026519725.3	2327	2147.9	1.99958	0.399704
XM_026519729.3	3067	2887.9	0	0
XM_026519730.2	2389	2209.9	0	0
XM_026519731.3	6187	6007.9	519.691	37.1395
XM_026519732.3	1128	948.905	648	293.201
XM_026519733.3	4005	3825.9	0	0
XM_026519734.3	4002	3822.9	0	0
XM_026519735.2	3809	3629.9	0	0
XM_026519739.3	6091	5911.9	86.0108	6.24654
XM_026519740.3	6713	6533.9	9	0.591402
XM_026519743.3	1089	909.905	0.107152	0.0505612
XM_026519744.3	1087	907.905	1.89285	0.895136
XM_026519745.3	5430	5250.9	19	1.55358
XM_026519746.3	2364	2184.9	233.365	45.8582
XM_026519747.3	2341	2161.9	73.6349	14.6238
XM_026519748.3	3232	3052.9	31	4.35975
XM_026519749.3	3227	3047.9	0	0
XM_026519750.3	1891	1711.9	5	1.25402
XM_026519752.2	2631	2451.9	0	0
XM_026519753.3	4425	4245.9	1	0.101121
XM_026519755.3	3925	3745.9	10	1.14619
XM_026519762.3	1504	1324.9	0	0
XM_026519763.3	1803	1623.9	2592.4	685.417
XM_026519764.3	11412	11232.9	44.8462	1.71414
XM_026519765.3	10935	10755.9	22.9334	0.91545
XM_026519770.3	3492	3312.9	8	1.0368
XM_026519772.3	1508	1328.9	0	0
XM_026519774.3	1586	1406.9	0	0
XM_026519775.3	1427	1247.9	0	0
XM_026519776.3	2457	2277.9	567	106.871
XM_026519777.3	13101	12921.9	308.438	10.2484
XM_026519778.3	12947	12767.9	0	0
XM_026519779.3	13865	13685.9	0	0
XM_026519780.3	1455	1275.9	1.54329	0.519328
XM_026519782.3	6697	6517.9	18.7462	1.23487
XM_026519783.3	6354	6174.9	0.253754	0.0176439
XM_026519784.3	1483	1303.9	0	0
XM_026519785.3	2672	2492.9	20.0146	3.4471
XM_026519789.3	849	669.98	0	0
XM_026519791.3	2367	2187.9	26	5.10221
XM_026519794.3	4272	4092.9	1.73042	0.181524
XM_026519796.3	6886	6706.9	2.69394	0.172456
XM_026519799.3	23666	23486.9	49.9269	0.912687
XM_026519800.3	7206	7026.9	29.8124	1.82157
XM_026519801.3	21844	21664.9	0	0
XM_026519802.3	3599	3419.9	0	0
XM_026519803.3	3140	2960.9	5	0.725035
XM_026519804.3	2806	2626.9	4	0.653776
XM_026519806.3	1302	1122.9	0	0
XM_026519807.3	4304	4124.9	32.5378	3.38678
XM_026519809.3	22528	22348.9	300.307	5.76929
XM_026519814.3	5047	4867.9	0	0
XM_026519815.3	5160	4980.9	16	1.37919
XM_026519816.3	1847	1667.9	6	1.54452
XM_026519817.3	1484	1304.9	0	0
XM_026519818.3	4791	4611.9	126.171	11.7461
XM_026519823.3	5922	5742.9	70.5828	5.27692
XM_026519824.3	2176	1996.9	91	19.5658
XM_026519826.3	5766	5586.9	15	1.15275
XM_026519830.3	1518	1338.9	4.28265	1.37333
XM_026519832.3	7119	6939.9	6.2359	0.385797
XM_026519834.3	7008	6828.9	0	0
XM_026519835.3	5938	5758.9	94.3928	7.0374
XM_026519839.3	1230	1050.9	0	0
XM_026519840.3	5958	5778.9	18.7749	1.39491
XM_026519841.3	4419	4239.9	9.22513	0.934179
XM_026519842.3	1050	870.905	0	0
XM_026519843.3	1540	1360.9	55.8504	17.6202
XM_026519844.3	1526	1346.9	0	0
XM_026519845.3	1420	1240.9	0.149618	0.0517676
XM_026519846.3	1416	1236.9	0	0
XM_026519847.3	1030	850.905	13	6.55958
XM_026519848.3	1481	1301.9	0	0
XM_026519850.3	885	705.98	0	0
XM_026519851.3	1845	1665.9	0	0
XM_026519853.3	1810	1630.9	0	0
XM_026519854.3	1747	1567.9	2	0.547676
XM_026519855.3	3295	3115.9	30	4.13381
XM_026519856.3	8707	8527.9	766	38.5656
XM_026519857.3	9072	8892.9	1	0.0482803
XM_026519858.3	2885	2705.9	88	13.9632
XM_026519859.3	4255	4075.9	41.393	4.3603
XM_026519860.3	3299	3119.9	78.9959	10.8712
XM_026519861.2	513	334.091	0	0
XM_026519862.3	1307	1127.9	47	17.8912
XM_026519863.3	3379	3199.9	0	0
XM_026519866.3	2137	1957.9	0	0
XM_026519867.3	1959	1779.9	38	9.16643
XM_026519869.3	1716	1536.9	8	2.23489
XM_026519870.3	8379	8199.9	0	0
XM_026519871.3	17059	16879.9	2857.67	72.6867
XM_026519872.3	8749	8569.9	65.6497	3.28905
XM_026519873.3	1993	1813.9	17	4.02391
XM_026519875.2	5906	5726.9	0	0
XM_026519876.3	6469	6289.9	67	4.57345
XM_026519877.3	6098	5918.9	71.5426	5.18964
XM_026519881.3	1615	1435.9	0	0
XM_026519883.3	4009	3829.9	0	0
XM_026519888.3	5044	4864.9	0	0
XM_026519890.2	4306	4126.9	5.21333	0.542381
XM_026519891.2	4279	4099.9	4.36504e-07	4.57118e-08
XM_026519892.2	4249	4069.9	0	0
XM_026519893.3	4526	4346.9	137.787	13.6094
XM_026519894.3	4141	3961.9	42	4.55154
XM_026519895.3	4249	4069.9	19	2.00439
XM_026519898.3	1811	1631.9	11.4898	3.02294
XM_026519899.3	1689	1509.9	0	0
XM_026519901.3	8081	7901.9	0	0
XM_026519904.3	2629	2449.9	75.7028	13.2671
XM_026519906.3	2125	1945.9	105.297	23.2332
XM_026519911.3	1874	1694.9	91.5599	23.1939
XM_026519912.3	1791	1611.9	0	0
XM_026519914.3	8902	8722.9	79.0827	3.89254
XM_026519922.3	2381	2201.9	0	0
XM_026519923.3	4069	3889.9	5	0.55188
XM_026519927.3	1183	1003.9	208.295	89.084
XM_026519928.3	1180	1000.9	0	0
XM_026519929.3	1144	964.905	34.9111	15.5343
XM_026519930.3	1103	923.905	5.79388	2.6925
XM_026519931.3	5999	5819.9	2.06512	0.15235
XM_026519933.3	6018	5838.9	0	0
XM_026519935.3	2206	2026.9	188	39.8234
XM_026519939.3	563	383.98	33	36.8993
XM_026519941.3	2312	2132.9	127	25.565
XM_026519942.3	1183	1003.9	14	5.98755
XM_026519943.3	1127	947.905	0	0
XM_026519944.3	3682	3502.9	14	1.71598
XM_026519945.3	2297	2117.9	0	0
XM_026519946.3	2250	2070.9	0	0
XM_026519947.3	2135	1955.9	2	0.439032
XM_026519948.3	6745	6565.9	130	8.50085
XM_026519950.3	2571	2391.9	0	0
XM_026519951.3	5168	4988.9	3.14662e-05	2.70802e-06
XM_026519952.3	5196	5016.9	63	5.3916
XM_026519954.3	3207	3027.9	0	0
XM_026519955.3	3233	3053.9	0	0
XM_026519956.3	3320	3140.9	0	0
XM_026519962.3	1607	1427.9	0	0
XM_026519963.3	1414	1234.9	4	1.39072
XM_026519967.3	4056	3876.9	16	1.77194
XM_026519968.3	1619	1439.9	1.18225e-08	3.52523e-09
XM_026519969.3	1599	1419.9	1	0.302381
XM_026519971.3	3215	3035.9	2	0.282849
XM_026519976.3	1141	961.905	25	11.1589
XM_026519978.3	2110	1930.9	609	135.416
XM_026519984.3	4135	3955.9	0	0
XM_026519988.3	1345	1165.9	0	0
XM_026519992.3	2453	2273.9	0	0
XM_026519993.3	1274	1094.9	0	0
XM_026519997.3	1324	1144.9	5	1.87506
XM_026519998.3	3296	3116.9	403	55.513
XM_026519999.3	3923	3743.9	10	1.1468
XM_026520000.2	595	415.98	0	0
XM_026520001.3	588	408.98	3	3.14943
XM_026520002.3	2415	2235.9	0	0
XM_026520003.3	1662	1482.9	5.52983	1.60108
XM_026520006.3	2026	1846.9	80	18.5977
XM_026520008.3	4922	4742.9	3	0.271575
XM_026520015.3	2726	2546.9	0	0
XM_026520016.3	3937	3757.9	0	0
XM_026520017.3	4292	4112.9	0	0
XM_026520018.3	5751	5571.9	0	0
XM_026520020.3	5180	5000.9	75.3364	6.468
XM_026520021.3	4093	3913.9	7	0.767894
XM_026520022.2	2343	2163.9	0	0
XM_026520030.3	2767	2587.9	44	7.29992
XM_026520031.3	2708	2528.9	0	0
XM_026520032.3	5577	5397.9	4	0.318162
XM_026520034.3	610	430.98	7	6.97355
XM_026520035.3	807	627.98	0	0
XM_026520036.3	1214	1034.9	199	82.5593
XM_026520040.3	1226	1046.9	0	0
XM_026520041.3	3691	3511.9	1	0.122256
XM_026520042.2	6296	6116.9	0.000131725	9.24594e-06
XM_026520043.2	6289	6109.9	0.000586971	4.12473e-05
XM_026520044.2	6237	6057.9	40.9993	2.90581
XM_026520045.3	2369	2189.9	0	0
XM_026520046.3	4860	4680.9	16.8646	1.54689
XM_026520047.2	1359	1179.9	0	0
XM_026520050.3	4351	4171.9	0	0
XM_026520051.3	4302	4122.9	0	0
XM_026520053.3	2886	2706.9	72.9005	11.563
XM_026520057.3	6012	5832.9	25.3605	1.86675
XM_026520058.3	6249	6069.9	0	0
XM_026520059.3	5782	5602.9	17.4298	1.33565
XM_026520060.3	3330	3150.9	17.9991	2.45261
XM_026520061.3	8194	8014.9	3.32293	0.178007
XM_026520064.3	2496	2316.9	28	5.18876
XM_026520065.3	2479	2299.9	0	0
XM_026520067.3	3252	3072.9	0	0
XM_026520068.3	3103	2923.9	11.9667	1.75721
XM_026520069.3	3240	3060.9	0	0
XM_026520070.3	3354	3174.9	0.00090099	0.000121844
XM_026520071.3	2487	2307.9	0	0
XM_026520072.3	2419	2239.9	0	0
XM_026520073.3	1080	900.905	69	32.8839
XM_026520074.3	2744	2564.9	113	18.9156
XM_026520075.3	1326	1146.9	2	0.748714
XM_026520076.3	2448	2268.9	18	3.4062
XM_026520078.2	630	450.98	0	0
XM_026520079.3	1492	1312.9	0	0
XM_026520080.3	771	591.98	64	46.418
XM_026520081.3	2409	2229.9	0	0
XM_026520082.3	2421	2241.9	22.1601	4.24393
XM_026520083.3	2472	2292.9	12.3483	2.31224
XM_026520084.3	1853	1673.9	13.4916	3.46056
XM_026520085.3	4463	4283.9	30.9094	3.09787
XM_026520087.3	4448	4268.9	10.6513	1.07127
XM_026520088.3	4457	4277.9	10.4393	1.04774
XM_026520089.3	4425	4245.9	0	0
XM_026520090.3	2167	1987.9	15	3.23973
XM_026520091.3	3113	2933.9	21.9395	3.21066
XM_026520092.3	3038	2858.9	326.525	49.0378
XM_026520095.2	3591	3411.9	1	0.125839
XM_026520096.3	2262	2082.9	34	7.00847
XM_026520097.3	1955	1775.9	0	0
XM_026520098.3	1148	968.905	3.48643	1.54495
XM_026520101.3	2991	2811.9	6.37274	0.973059
XM_026520102.3	2996	2816.9	0.627256	0.0956062
XM_026520104.3	4229	4049.9	31	3.28647
XM_026520105.3	4226	4046.9	0	0
XM_026520107.3	2848	2668.9	30	4.82616
XM_026520108.2	1145	965.905	0	0
XM_026520110.3	1789	1609.9	108	28.803
XM_026520111.3	1283	1103.9	0	0
XM_026520123.3	10593	10413.9	35	1.44301
XM_026520128.3	9861	9681.9	0	0
XM_026520131.3	7379	7199.9	3.23182	0.192723
XM_026520132.3	7368	7188.9	23.7682	1.41954
XM_026520135.3	684	504.98	0	0
XM_026520136.3	9530	9350.9	18	0.82648
XM_026520137.3	3380	3200.9	2	0.268269
XM_026520140.3	3769	3589.9	53	6.33879
XM_026520143.3	4250	4070.9	120	12.6562
XM_026520144.3	4145	3965.9	0	0
XM_026520148.3	2182	2002.9	0	0
XM_026520149.3	4030	3850.9	1947	217.078
XM_026520151.3	597	417.98	0	0
XM_026520152.3	6500	6320.9	7.01677	0.476619
XM_026520154.2	459	280.391	0	0
XM_026520155.1	459	280.391	0	0
XM_026520156.3	3737	3557.9	308	37.1681
XM_026520162.2	498	319.091	0	0
XM_026520163.2	2512	2332.9	0	0
XM_026520168.3	2699	2519.9	2	0.340768
XM_026520169.3	2053	1873.9	14	3.2077
XM_026520175.3	3682	3502.9	54.0042	6.6193
XM_026520176.2	2514	2334.9	0	0
XM_026520177.2	1101	921.905	0	0
XM_026520178.2	687	507.98	0	0
XM_026520180.3	1203	1023.9	0	0
XM_026520181.3	4182	4002.9	2	0.21452
XM_026520183.3	1002	822.905	1548	807.672
XM_026520206.3	7301	7121.9	0.0259348	0.00156351
XM_026520208.3	7271	7091.9	6.40171	0.387567
XM_026520209.3	7287	7107.9	0.338131	0.0204248
XM_026520211.3	6496	6316.9	15	1.01953
XM_026520213.2	1932	1752.9	0	0
XM_026520214.2	2011	1831.9	0	0
XM_026520216.3	4345	4165.9	5.34666	0.551044
XM_026520219.3	1285	1105.9	17	6.60001
XM_026520220.3	1280	1100.9	0	0
XM_026520222.3	1878	1698.9	8.28795	2.09455
XM_026520224.3	3449	3269.9	40	5.25216
XM_026520226.3	5261	5081.9	0.00119586	0.000101034
XM_026520228.3	14152	13972.9	115	3.53366
XM_026520229.3	5078	4898.9	0	0
XM_026520232.3	2394	2214.9	151	29.2709
XM_026520233.3	2014	1834.9	0	0
XM_026520234.3	3307	3127.9	1	0.137265
XM_026520235.3	4282	4102.9	11.925	1.2479
XM_026520236.3	4205	4025.9	15.075	1.60771
XM_026520239.3	7739	7559.9	0	0
XM_026520240.3	5784	5604.9	28	2.14488
XM_026520241.3	1859	1679.9	0	0
XM_026520242.3	8089	7909.9	0	0
XM_026520243.3	15812	15632.9	164.971	4.53086
XM_026520244.3	15808	15628.9	0.0141742	0.000389389
XM_026520245.3	15433	15253.9	651.015	18.3241
XM_026520246.3	2362	2182.9	115	22.6192
XM_026520247.3	532	353.091	2264.74	2753.88
XM_026520248.3	5123	4943.9	29	2.5185
XM_026520249.3	4301	4121.9	227	23.6451
XM_026520253.3	5257	5077.9	2.25013	0.190255
XM_026520254.3	4780	4600.9	57.6981	5.38433
XM_026520257.3	11020	10840.9	0	0
XM_026520258.3	6442	6262.9	36.1382	2.47745
XM_026520259.3	624	444.98	17.7444	17.1212
XM_026520260.3	1353	1173.9	3.22092	1.17804
XM_026520261.3	6306	6126.9	8.9156	0.624774
XM_026520262.3	5254	5074.9	0	0
XM_026520263.3	6619	6439.9	1.91121	0.127422
XM_026520264.3	6598	6418.9	110.698	7.40445
XM_026520265.3	6024	5844.9	82.5005	6.06028
XM_026520266.3	2342	2162.9	48.1492	9.55796
XM_026520268.3	10564	10384.9	0	0
XM_026520270.3	10574	10394.9	0	0
XM_026520271.3	10571	10391.9	54.9887	2.27191
XM_026520272.3	10526	10346.9	0	0
XM_026520273.3	8808	8628.9	3.27669	0.16304
XM_026520274.3	10127	9947.9	0	0
XM_026520276.3	3740	3560.9	1251	150.838
XM_026520277.3	2583	2403.9	0	0
XM_026520279.3	4275	4095.9	290.043	30.4036
XM_026520281.3	1360	1180.9	65.8734	23.9502
XM_026520282.3	1268	1088.9	1.27968	0.504572
XM_026520284.3	1257	1077.9	35.0073	13.9441
XM_026520285.3	1176	996.905	2.12018e-05	9.13131e-06
XM_026520286.3	4030	3850.9	154.158	17.1876
XM_026520287.2	4138	3958.9	129.842	14.0817
XM_026520289.3	4926	4746.9	8.00052	0.723638
XM_026520290.3	4211	4031.9	111	11.8202
XM_026520292.3	4954	4774.9	0	0
XM_026520293.3	5002	4822.9	0.067377	0.00599814
XM_026520294.3	2791	2611.9	687.07	112.942
XM_026520296.3	10195	10015.9	48.3969	2.07463
XM_026520298.3	10045	9865.9	9.71504e-08	4.22786e-09
XM_026520299.3	6577	6397.9	31	2.08035
XM_026520300.2	1275	1095.9	0	0
XM_026520301.3	4318	4138.9	28	2.9046
XM_026520303.3	7694	7514.9	22.5354	1.28753
XM_026520304.3	4264	4084.9	1689.44	177.572
XM_026520307.3	7013	6833.9	442	27.7694
XM_026520309.3	3044	2864.9	62	9.29169
XM_026520310.3	4490	4310.9	0	0
XM_026520312.3	2970	2790.9	36	5.53823
XM_026520315.3	6541	6361.9	32.6438	2.20307
XM_026520318.3	1494	1314.9	0	0
XM_026520320.3	6767	6587.9	0	0
XM_026520321.3	6688	6508.9	0	0
XM_026520322.3	6549	6369.9	39.2654	2.64661
XM_026520324.3	1577	1397.9	187	57.4351
XM_026520325.3	7764	7584.9	0	0
XM_026520327.3	7499	7319.9	7.1209e-07	4.17679e-08
XM_026520328.3	7420	7240.9	1.00571	0.0596338
XM_026520329.3	3220	3040.9	0	0
XM_026520330.3	2586	2406.9	0	0
XM_026520332.3	2789	2609.9	1	0.164509
XM_026520337.3	642	462.98	0	0
XM_026520338.3	6423	6243.9	0	0
XM_026520339.3	6221	6041.9	31	2.20293
XM_026520340.3	860	680.98	4	2.52196
XM_026520341.3	988	808.905	0	0
XM_026520343.3	4410	4230.9	0	0
XM_026520345.3	8637	8457.9	230	11.6756
XM_026520346.3	5355	5175.9	403	33.4297
XM_026520348.3	3932	3752.9	0	0
XM_026520350.3	4520	4340.9	31	3.06616
XM_026520353.3	2180	2000.9	6	1.28747
XM_026520355.3	4767	4587.9	16	1.49734
XM_026520357.3	3442	3262.9	0	0
XM_026520358.2	1385	1205.9	196.076	69.8111
XM_026520360.3	1263	1083.9	0	0
XM_026520361.2	672	492.98	0	0
XM_026520363.3	6003	5823.9	2.29545	0.169226
XM_026520366.3	1959	1779.9	0	0
XM_026520367.3	1726	1546.9	4	1.11022
XM_026520368.3	1050	870.905	9	4.43696
XM_026520370.3	1105	925.905	0	0
XM_026520371.3	1353	1173.9	0	0
XM_026520372.3	2338	2158.9	82	16.3077
XM_026520373.3	2712	2532.9	10	1.6951
XM_026520374.3	2778	2598.9	0	0
XM_026520376.3	7839	7659.9	140	7.84726
XM_026520377.3	6104	5924.9	0	0
XM_026520379.3	6179	5999.9	35	2.50459
XM_026520380.3	4295	4115.9	27	2.81651
XM_026520381.3	4195	4015.9	2.45433e-07	2.624e-08
XM_026520382.3	3762	3582.9	61.2153	7.33564
XM_026520388.3	2143	1963.9	2	0.437243
XM_026520391.3	1525	1345.9	52	16.5883
XM_026520394.3	757	577.98	0	0
XM_026520396.3	2061	1881.9	8	1.82518
XM_026520398.3	1628	1448.9	1	0.296329
XM_026520401.3	2238	2058.9	0	0
XM_026520405.3	8484	8304.9	15	0.775479
XM_026520407.3	5955	5775.9	1.02071	0.0758743
XM_026520408.3	5864	5684.9	52.2885	3.94909
XM_026520409.3	1920	1740.9	47.5663	11.7311
XM_026520410.3	1854	1674.9	0.124458	0.031904
XM_026520411.3	762	582.98	4.56897e-06	3.36494e-06
XM_026520412.3	757	577.98	1.66538	1.23713
XM_026520413.3	8515	8335.9	75	3.86298
XM_026520414.3	2710	2530.9	131.586	22.3227
XM_026520415.3	2808	2628.9	0	0
XM_026520416.3	2079	1899.9	18.1983	4.11257
XM_026520417.3	1035	855.905	24.8017	12.4414
XM_026520418.3	2452	2272.9	18	3.4002
XM_026520419.3	2100	1920.9	100.535	22.4711
XM_026520420.3	2105	1925.9	55.5224	12.3779
XM_026520421.3	2114	1934.9	13.096	2.90598
XM_026520422.3	1990	1810.9	0	0
XM_026520423.3	2719	2539.9	49.8165	8.42112
XM_026520424.3	2631	2451.9	169.183	29.6256
XM_026520425.3	3503	3323.9	5	0.645855
XM_026520426.3	4290	4110.9	6	0.626653
XM_026520428.3	3600	3420.9	0	0
XM_026520429.3	3597	3417.9	10	1.25618
XM_026520430.2	554	375.018	108	123.647
XM_026520434.3	2200	2020.9	0	0
XM_026520435.3	1679	1499.9	9	2.57628
XM_026520438.3	8688	8508.9	551	27.803
XM_026520441.3	28176	27996.9	25.7223	0.394469
XM_026520444.3	10963	10783.9	160.278	6.38132
XM_026520447.3	2344	2164.9	320	63.4636
XM_026520454.3	5982	5802.9	0	0
XM_026520462.3	5967	5787.9	0	0
XM_026520463.3	2456	2276.9	0	0
XM_026520464.3	5946	5766.9	4.54879	0.338662
XM_026520466.3	2447	2267.9	7.45121	1.41064
XM_026520467.3	6197	6017.9	0	0
XM_026520468.3	3806	3626.9	0	0
XM_026520469.3	11178	10998.9	15.4812	0.60432
XM_026520470.3	2459	2279.9	109.703	20.6594
XM_026520471.3	2423	2243.9	65.2965	12.4939
XM_026520472.3	5922	5742.9	0	0
XM_026520473.3	5581	5401.9	2.86025	0.227337
XM_026520474.3	2477	2297.9	1.78328	0.333198
XM_026520476.3	4063	3883.9	21	2.32148
XM_026520478.3	11170	10990.9	26.5484	1.03709
XM_026520480.3	11116	10936.9	0	0
XM_026520481.3	10940	10760.9	3.73922	0.149192
XM_026520483.3	10461	10281.9	0.341661	0.0142671
XM_026520484.2	558	379.018	0	0
XM_026520488.1	396	218.393	0	0
XM_026520489.1	1347	1167.9	0	0
XM_026520490.3	3179	2999.9	0	0
XM_026520492.2	1786	1606.9	0	0
XM_026520493.2	1059	879.905	0	0
XM_026520494.3	4138	3958.9	37	4.01273
XM_026520495.3	3569	3389.9	3	0.379968
XM_026520496.1	321	148.359	0	0
XM_026520497.3	388	210.631	0	0
XM_026520498.2	939	759.905	0	0
XM_026520499.3	5817	5637.9	74	5.63543
XM_026520500.3	5549	5369.9	16.1895	1.29444
XM_026520501.3	5223	5043.9	51.1576	4.35468
XM_026520502.3	5287	5107.9	3.65463e-06	3.07195e-07
XM_026520503.3	5293	5113.9	7.89761e-07	6.63065e-08
XM_026520504.3	5229	5049.9	10.8424	0.921841
XM_026520505.3	3441	3261.9	1	0.131626
XM_026520506.3	441	262.525	0	0
XM_026520509.3	4523	4343.9	255.103	25.2144
XM_026520510.3	7271	7091.9	26.6423	1.61295
XM_026520511.3	14307	14127.9	263.372	8.00395
XM_026520512.3	6400	6220.9	14.7053	1.01492
XM_026520513.3	6277	6097.9	81.2947	5.72394
XM_026520514.3	1664	1484.9	14.5454	4.20571
XM_026520515.3	10170	9990.9	9.7872	0.420598
XM_026520517.3	2445	2265.9	0	0
XM_026520518.3	2524	2344.9	0	0
XM_026520519.3	2241	2061.9	0	0
XM_026520521.3	5516	5336.9	2	0.160899
XM_026520523.3	5030	4850.9	0	0
XM_026520526.3	2036	1856.9	54	12.4858
XM_026520528.3	5234	5054.9	7.59848	0.645397
XM_026520529.3	4949	4769.9	0	0
XM_026520531.3	4937	4757.9	0	0
XM_026520532.3	4934	4754.9	74.0721	6.68846
XM_026520535.3	3881	3701.9	0	0
XM_026520536.3	6370	6190.9	0	0
XM_026520537.3	6374	6194.9	0	0
XM_026520538.3	6274	6094.9	0.000186615	1.3146e-05
XM_026520539.3	6741	6561.9	5.51624e-06	3.60933e-07
XM_026520540.3	6245	6065.9	68.0952	4.81986
XM_026520541.3	6449	6269.9	1.05287e-06	7.20986e-08
XM_026520543.3	2171	1991.9	0	0
XM_026520545.3	5664	5484.9	3.21594	0.25174
XM_026520546.2	1261	1081.9	0	0
XM_026520547.3	12655	12475.9	0	0
XM_026520548.3	12619	12439.9	0	0
XM_026520549.3	12708	12528.9	7.63454	0.261627
XM_026520550.3	3416	3236.9	99.9301	13.255
XM_026520551.3	12724	12544.9	0.237017	0.00811197
XM_026520553.3	5653	5473.9	44.165	3.46413
XM_026520554.3	12478	12298.9	0	0
XM_026520555.3	6624	6444.9	42.6782	2.84317
XM_026520558.3	6600	6420.9	0	0
XM_026520559.3	6549	6369.9	0	0
XM_026520560.3	3148	2968.9	17	2.45848
XM_026520561.3	5749	5569.9	0	0
XM_026520562.3	8071	7891.9	0	0
XM_026520565.3	3955	3775.9	16	1.81933
XM_026520566.3	5073	4893.9	71.733	6.29328
XM_026520567.3	2570	2390.9	14.7907	2.65606
XM_026520568.3	2460	2280.9	53.4672	10.0645
XM_026520569.3	2134	1954.9	0	0
XM_026520571.3	6771	6591.9	0	0
XM_026520573.3	6198	6018.9	2.25434e-06	1.60811e-07
XM_026520576.3	6599	6419.9	0	0
XM_026520577.3	2834	2654.9	99.5589	16.1007
XM_026520578.3	2946	2766.9	14.4743	2.24603
XM_026520580.3	1161	981.905	0	0
XM_026520581.3	5410	5230.9	3.97485	0.326255
XM_026520583.3	4094	3914.9	8.65588	0.9493
XM_026520584.3	2411	2231.9	3.36927	0.648147
XM_026520585.3	1419	1239.9	2	0.692556
XM_026520588.3	1452	1272.9	0	0
XM_026520589.3	5432	5252.9	0	0
XM_026520591.3	5342	5162.9	0	0
XM_026520593.3	5298	5118.9	2.36408	0.198289
XM_026520595.3	2844	2664.9	0	0
XM_026520597.3	2754	2574.9	1	0.166745
XM_026520601.3	3267	3087.9	24	3.33704
XM_026520604.3	1405	1225.9	40.6402	14.2335
XM_026520605.3	3370	3190.9	7.52572	1.01262
XM_026520607.3	2021	1841.9	0	0
XM_026520614.3	1891	1711.9	4	1.00321
XM_026520615.3	4351	4171.9	54	5.55741
XM_026520616.3	2417	2237.9	10.3263	1.98114
XM_026520617.3	493	314.154	67	91.5683
XM_026520618.3	2324	2144.9	34.6737	6.94074
XM_026520620.3	1559	1379.9	2	0.622292
XM_026520621.3	4470	4290.9	0	0
XM_026520625.3	1493	1313.9	139	45.4218
XM_026520628.3	1647	1467.9	3	0.877479
XM_026520631.3	1883	1703.9	5.57858	1.4057
XM_026520633.3	2748	2568.9	14.4214	2.41031
XM_026520636.3	3126	2946.9	26.1932	3.81624
XM_026520643.3	1787	1607.9	0	0
XM_026520646.3	6963	6783.9	0	0
XM_026520647.3	6967	6787.9	0	0
XM_026520656.3	6040	5860.9	3.01358	0.220766
XM_026520657.3	3986	3806.9	14	1.57895
XM_026520659.3	1107	927.905	0	0
XM_026520663.1	1440	1260.9	0	0
XM_026520664.3	1146	966.905	6	2.66429
XM_026520665.3	6298	6118.9	23.418	1.64319
XM_026520667.1	906	726.98	0	0
XM_026520668.1	906	726.98	0	0
XM_026520669.1	960	780.905	0	0
XM_026520671.3	7516	7336.9	59	3.45265
XM_026520672.3	2867	2687.9	0	0
XM_026520673.2	1392	1212.9	0	0
XM_026520674.2	1386	1206.9	0	0
XM_026520675.1	411	233.12	0	0
XM_026520677.2	645	465.98	0	0
XM_026520678.2	942	762.905	0	0
XM_026520679.2	927	747.98	0	0
XM_026520680.2	939	759.905	0	0
XM_026520681.1	2739	2559.9	0	0
XM_026520682.2	639	459.98	0	0
XM_026520683.3	2848	2668.9	2	0.321744
XM_026520684.3	7029	6849.9	0	0
XM_026520686.3	907	727.98	0	0
XM_026520687.3	835	655.98	1	0.65452
XM_026520688.3	7544	7364.9	3	0.174891
XM_026520689.3	1803	1623.9	367.283	97.1078
XM_026520691.3	4095	3915.9	11	1.20607
XM_026520692.3	4062	3882.9	0	0
XM_026520693.3	3978	3798.9	0	0
XM_026520695.3	4316	4136.9	340	35.2872
XM_026520699.3	1536	1356.9	1	0.31642
XM_026520700.3	2226	2046.9	837.528	175.677
XM_026520701.3	2481	2301.9	90.4718	16.8748
XM_026520703.3	1767	1587.9	17	4.59661
XM_026520704.3	464	285.306	70	105.342
XM_026520709.3	10439	10259.9	158.494	6.63259
XM_026520710.3	5526	5346.9	49.957	4.01151
XM_026520711.3	5490	5310.9	0	0
XM_026520714.3	4640	4460.9	0	0
XM_026520717.3	10182	10002.9	1.65464	0.0710216
XM_026520722.2	4276	4096.9	1888.65	197.929
XM_026520723.2	4155	3975.9	753.705	81.3915
XM_026520724.3	4247	4067.9	57	6.01613
XM_026520725.3	2114	1934.9	0	0
XM_026520726.3	2817	2637.9	40.5831	6.60541
XM_026520728.3	9975	9795.9	17.6027	0.771522
XM_026520729.3	2950	2770.9	21.1402	3.27568
XM_026520731.3	2949	2769.9	33.8598	5.24847
XM_026520732.3	1753	1573.9	4857.73	1325.16
XM_026520736.3	1825	1645.9	31.4927	8.21521
XM_026520737.3	1861	1681.9	19.0556	4.86446
XM_026520741.2	1560	1380.9	573	178.158
XM_026520742.3	1132	952.905	267	120.303
XM_026520743.3	4430	4250.9	12.5841	1.27102
XM_026520744.3	2741	2561.9	9.41591	1.57802
XM_026520746.3	1051	871.905	232	114.244
XM_026520748.3	817	637.98	1	0.672986
XM_026520749.3	599	419.98	0	0
XM_026520750.3	2284	2104.9	13.2249	2.69758
XM_026520752.3	3221	3041.9	2.77505	0.391687
XM_026520755.3	3148	2968.9	0	0
XM_026520756.3	2281	2101.9	0	0
XM_026520758.3	2278	2098.9	0	0
XM_026520761.3	3470	3290.9	0	0
XM_026520763.3	834	654.98	86	56.3746
XM_026520764.3	1339	1159.9	1	0.370161
XM_026520766.3	5024	4844.9	0	0
XM_026520768.3	4937	4757.9	42.7701	3.85956
XM_026520771.3	4877	4697.9	0.0010324	9.43534e-05
XM_026520772.3	4826	4646.9	7.2289	0.667916
XM_026520775.3	1008	828.905	361	186.989
XM_026520776.3	3032	2852.9	4	0.601986
XM_026520777.3	944	764.905	0	0
XM_026520781.3	1734	1554.9	9	2.48515
XM_026520783.3	651	471.98	32.8501	29.8832
XM_026520785.3	3564	3384.9	106	13.4454
XM_026520786.3	3382	3202.9	0	0
XM_026520787.3	2754	2574.9	0	0
XM_026520788.3	4759	4579.9	8.58611	0.804921
XM_026520790.3	4710	4530.9	37.4139	3.54537
XM_026520791.3	4406	4226.9	0	0
XM_026520792.3	3575	3395.9	0	0
XM_026520793.3	895	715.98	8.62979	5.17503
XM_026520794.3	915	735.98	27.3702	15.9671
XM_026520796.3	633	453.98	17	16.0778
XM_026520799.3	1517	1337.9	1	0.320914
XM_026520800.3	2676	2496.9	1	0.171954
XM_026520801.3	2705	2525.9	2.85386e-07	4.85097e-08
XM_026520802.3	5086	4906.9	0	0
XM_026520803.3	4944	4764.9	0	0
XM_026520804.3	2509	2329.9	0	0
XM_026520806.3	2984	2804.9	0	0
XM_026520808.3	2885	2705.9	0	0
XM_026520814.3	2224	2044.9	3341	701.483
XM_026520816.3	2134	1954.9	14.4752	3.17915
XM_026520817.3	1435	1255.9	23	7.86293
XM_026520818.3	1674	1494.9	109	31.3059
XM_026520819.3	1282	1102.9	0	0
XM_026520820.3	636	456.98	295	277.165
XM_026520821.3	3853	3673.9	203.752	23.8115
XM_026520822.3	930	750.98	47	26.8709
XM_026520823.3	1224	1044.9	1	0.410901
XM_026520824.3	5141	4961.9	46.8849	4.05694
XM_026520825.3	5135	4955.9	0	0
XM_026520828.3	2565	2385.9	1	0.179954
XM_026520831.3	3891	3711.9	0	0
XM_026520833.3	3503	3323.9	43.1711	5.57646
XM_026520834.3	3500	3320.9	187.303	24.216
XM_026520835.3	1673	1493.9	896.068	257.532
XM_026520836.3	3523	3343.9	0	0
XM_026520837.3	2542	2362.9	1	0.181705
XM_026520838.3	2371	2191.9	0	0
XM_026520839.3	2463	2283.9	1	0.18799
XM_026520841.2	1479	1299.9	0	0
XM_026520842.3	1712	1532.9	2.33127	0.652966
XM_026520843.3	1213	1033.9	149.992	62.2874
XM_026520846.3	2272	2092.9	0	0
XM_026520847.3	2276	2096.9	0	0
XM_026520848.3	2612	2432.9	0	0
XM_026520850.3	2804	2624.9	3	0.490706
XM_026520853.3	1034	854.905	154.368	77.5269
XM_026520854.3	450	271.446	22	34.7979
XM_026520855.3	2508	2328.9	0	0
XM_026520856.2	942	762.905	0	0
XM_026520857.3	2745	2565.9	0	0
XM_026520858.3	7308	7128.9	37	2.2284
XM_026520859.3	2549	2369.9	0.000307786	5.57611e-05
XM_026520860.3	6738	6558.9	55	3.60035
XM_026520863.3	6701	6521.9	7	0.460826
XM_026520868.3	7109	6929.9	6.73133	0.417049
XM_026520869.3	1789	1609.9	0	0
XM_026520870.3	5050	4870.9	73.7703	6.50257
XM_026520871.3	7000	6820.9	0	0
XM_026520873.3	6933	6753.9	0	0
XM_026520874.2	3339	3159.9	2	0.27175
XM_026520875.3	4248	4068.9	0	0
XM_026520876.3	3901	3721.9	0	0
XM_026520877.3	2765	2585.9	203.775	33.8339
XM_026520878.3	2533	2353.9	2.12602	0.387785
XM_026520879.3	2100	1920.9	0	0
XM_026520880.3	2486	2306.9	43	8.00299
XM_026520881.3	2353	2173.9	0	0
XM_026520882.3	2842	2662.9	7	1.12864
XM_026520885.3	2433	2253.9	0	0
XM_026520887.3	1800	1620.9	471	124.76
XM_026520888.3	1677	1497.9	0	0
XM_026520889.3	4364	4184.9	78.4391	8.04749
XM_026520890.3	5579	5399.9	61	4.85017
XM_026520891.2	1023	843.905	0	0
XM_026520892.3	1724	1544.9	0	0
XM_026520893.3	5297	5117.9	34	2.85233
XM_026520894.3	1395	1215.9	25	8.82783
XM_026520895.3	1260	1080.9	40	15.8886
XM_026520899.2	678	498.98	0	0
XM_026520900.3	3160	2980.9	2	0.288068
XM_026520902.2	1998	1818.9	0	0
XM_026520903.3	835	655.98	0	0
XM_026520904.3	832	652.98	3	1.97258
XM_026520906.3	900	720.98	0	0
XM_026520908.3	1305	1125.9	4	1.52536
XM_026520909.3	561	381.98	1	1.12402
XM_026520910.3	1885	1705.9	19.4842	4.90389
XM_026520911.3	854	674.98	0	0
XM_026520912.3	662	482.98	31	27.5579
XM_026520913.3	872	692.98	1	0.619573
XM_026520914.3	802	622.98	37	25.5
XM_026520915.3	8629	8449.9	5	0.254057
XM_026520917.3	891	711.98	10	6.03039
XM_026520918.3	1724	1544.9	109.516	30.4361
XM_026520919.3	13449	13269.9	0	0
XM_026520921.3	1818	1638.9	19	4.97752
XM_026520923.3	1179	999.905	0	0
XM_026520926.3	2249	2069.9	8	1.65941
XM_026520928.3	4161	3981.9	53.118	5.72749
XM_026520937.3	5914	5734.9	0	0
XM_026520938.3	2022	1842.9	23	5.35844
XM_026520939.3	5751	5571.9	21	1.61819
XM_026520941.3	1894	1714.9	1	0.250365
XM_026520942.3	659	479.98	0	0
XM_026520943.3	4727	4547.9	0	0
XM_026520944.3	4602	4422.9	7	0.679523
XM_026520949.3	7215	7035.9	32	1.95274
XM_026520950.3	569	389.98	2472	2721.57
XM_026520952.3	7671	7491.9	0	0
XM_026520958.3	1987	1807.9	85.1468	20.2212
XM_026520959.3	3511	3331.9	0	0
XM_026520960.3	3440	3260.9	0	0
XM_026520961.3	3364	3184.9	0	0
XM_026520962.3	3396	3216.9	76.4034	10.1974
XM_026520964.3	988	808.905	0	0
XM_026520966.3	1912	1732.9	29.8532	7.39655
XM_026520968.3	4938	4758.9	0	0
XM_026520972.3	4409	4229.9	1	0.101504
XM_026520974.2	2060	1880.9	0	0
XM_026520978.3	2323	2143.9	45.7773	9.16766
XM_026520980.3	24699	24519.9	1.21447	0.0212657
XM_026520985.3	3414	3234.9	0	0
XM_026520986.3	3399	3219.9	0	0
XM_026520988.3	2042	1862.9	66.2227	15.2626
XM_026520990.3	1137	957.905	176.081	78.9229
XM_026520992.3	1133	953.905	24.4199	10.9914
XM_026520993.3	1130	950.905	7.69328	3.47366
XM_026520994.3	885	705.98	0	0
XM_026520996.3	7748	7568.9	19.9994	1.13448
XM_026521000.3	5886	5706.9	0	0
XM_026521001.3	5509	5329.9	22.7621	1.83361
XM_026521002.3	5850	5670.9	4.01965	0.304333
XM_026521007.3	6448	6268.9	0	0
XM_026521008.3	1756	1576.9	2	0.54455
XM_026521009.3	4822	4642.9	0	0
XM_026521010.3	2381	2201.9	0	0
XM_026521012.3	2719	2539.9	52	8.79021
XM_026521013.3	1847	1667.9	6.67736	1.71889
XM_026521015.2	598	418.98	0.322635	0.330622
XM_026521017.3	13774	13594.9	2	0.0631637
XM_026521018.3	3117	2937.9	0	0
XM_026521019.3	2769	2589.9	0	0
XM_026521020.2	6798	6618.9	9.15701	0.593993
XM_026521021.3	2210	2030.9	370	78.2214
XM_026521022.3	3071	2891.9	0	0
XM_026521023.3	7072	6892.9	96.0058	5.9801
XM_026521024.3	3894	3714.9	59	6.81895
XM_026521026.3	2846	2666.9	1	0.160993
XM_026521029.3	2068	1888.9	0	0
XM_026521030.3	2886	2706.9	114.35	18.1375
XM_026521031.3	2627	2447.9	14.6496	2.56949
XM_026521032.3	7070	6890.9	7	0.436149
XM_026521034.3	5990	5810.9	31.759	2.34659
XM_026521035.3	1473	1293.9	0	0
XM_026521037.3	918	738.98	13	7.55308
XM_026521039.3	6307	6127.9	77.8512	5.45465
XM_026521045.3	3736	3556.9	2	0.241419
XM_026521048.3	5121	4941.9	8.14325	0.707485
XM_026521049.3	2220	2040.9	0	0
XM_026521050.3	1764	1584.9	0	0
XM_026521053.3	2298	2118.9	7.89369	1.59949
XM_026521054.3	2004	1824.9	0	0
XM_026521055.3	7444	7264.9	12	0.709194
XM_026521056.3	2270	2090.9	0	0
XM_026521060.3	8043	7863.9	0	0
XM_026521061.3	7327	7147.9	14	0.840936
XM_026521062.3	2454	2274.9	0	0
XM_026521063.3	3033	2853.9	0	0
XM_026521065.3	2926	2746.9	0	0
XM_026521066.3	2896	2716.9	0	0
XM_026521067.3	1125	945.905	51	23.1492
XM_026521068.3	8528	8348.9	0	0
XM_026521072.3	8513	8333.9	33.4032	1.72089
XM_026521075.3	8480	8300.9	67.1267	3.47203
XM_026521076.3	8465	8285.9	0	0
XM_026521077.3	8435	8255.9	1.00615e-05	5.23252e-07
XM_026521080.3	8126	7946.9	0.727059	0.0392812
XM_026521081.3	2581	2401.9	123	21.9868
XM_026521083.3	3791	3611.9	0	0
XM_026521084.3	2561	2381.9	17.6561	3.18261
XM_026521085.3	4635	4455.9	15.3439	1.47847
XM_026521086.3	2204	2024.9	4.01619	0.851574
XM_026521088.3	1445	1265.9	1	0.339166
XM_026521092.3	3773	3593.9	4.10621	0.490555
XM_026521094.3	2227	2047.9	0	0
XM_026521095.3	4397	4217.9	3.89379	0.39636
XM_026521097.3	9483	9303.9	164	7.56819
XM_026521098.3	6084	5904.9	2.07023e-06	1.50529e-07
XM_026521099.3	3589	3409.9	14.622	1.8411
XM_026521101.3	2345	2165.9	16	3.17171
XM_026521102.3	1725	1545.9	0	0
XM_026521110.3	2937	2757.9	2	0.311361
XM_026521113.2	1985	1805.9	2	0.475498
XM_026521114.3	2865	2685.9	5	0.799269
XM_026521116.3	1680	1500.9	27	7.72368
XM_026521119.3	7080	6900.9	0	0
XM_026521120.3	7073	6893.9	3.47144	0.216201
XM_026521122.3	937	757.905	0	0
XM_026521124.3	1989	1809.9	0	0
XM_026521125.3	1923	1743.9	0	0
XM_026521126.3	1815	1635.9	7.44892	1.95501
XM_026521127.3	2155	1975.9	1	0.217294
XM_026521128.3	6455	6275.9	0	0
XM_026521129.3	4941	4761.9	2	0.180328
XM_026521131.3	7222	7042.9	29	1.76791
XM_026521132.3	7963	7783.9	47.4406	2.61677
XM_026521133.3	2682	2502.9	0	0
XM_026521134.3	2555	2375.9	19	3.43351
XM_026521135.3	6436	6256.9	0	0
XM_026521136.3	2810	2630.9	0	0
XM_026521139.3	2719	2539.9	18.103	3.06018
XM_026521140.3	2101	1921.9	46.0256	10.2821
XM_026521141.3	2214	2034.9	41.4199	8.73934
XM_026521143.3	3970	3790.9	936	106.01
XM_026521144.3	3847	3667.9	23	2.6923
XM_026521145.3	6376	6196.9	0	0
XM_026521148.3	8197	8017.9	790	42.3038
XM_026521149.3	10548	10368.9	2	0.0828153
XM_026521150.3	1983	1803.9	68.6049	16.3288
XM_026521152.3	1089	909.905	11.3951	5.37696
XM_026521154.3	6274	6094.9	3.44682	0.242809
XM_026521156.3	2589	2409.9	40	7.12646
XM_026521159.3	5440	5260.9	1	0.0816118
XM_026521160.3	8037	7857.9	1.2016	0.0656546
XM_026521161.3	7982	7802.9	13.5556	0.745892
XM_026521163.3	7892	7712.9	26.3916	1.46914
XM_026521166.2	4852	4672.9	0	0
XM_026521167.3	4831	4651.9	78.9477	7.28655
XM_026521168.3	4815	4635.9	0	0
XM_026521169.3	4794	4614.9	99.0523	9.21543
XM_026521170.3	4930	4750.9	3.55295e-08	3.2109e-09
XM_026521171.3	1034	854.905	49	24.6089
XM_026521172.3	1355	1175.9	6	2.19075
XM_026521173.3	522	343.091	0	0
XM_026521174.3	3498	3318.9	43	5.56272
XM_026521175.3	2853	2673.9	8	1.28457
XM_026521176.3	2219	2039.9	27.3183	5.74985
XM_026521177.3	2187	2007.9	290	62.0109
XM_026521181.3	3059	2879.9	0.028065	0.00418408
XM_026521182.2	788	608.98	0	0
XM_026521186.3	1163	983.905	20.9341	9.13515
XM_026521187.3	4742	4562.9	635.508	59.7989
XM_026521188.3	2223	2043.9	90.0945	18.9257
XM_026521190.3	2415	2235.9	41.659	7.99962
XM_026521191.3	2970	2790.9	3.62603	0.557827
XM_026521192.2	903	723.98	13.5618	8.04277
XM_026521193.3	672	492.98	68.6256	59.7682
XM_026521194.3	758	578.98	25.8125	19.1417
XM_026521195.3	3469	3289.9	251	32.757
XM_026521196.3	1116	936.905	17.0659	7.82071
XM_026521197.3	2251	2071.9	182.903	37.9023
XM_026521199.3	5645	5465.9	468.934	36.8352
XM_026521203.3	2925	2745.9	0	0
XM_026521205.3	12813	12633.9	122	4.14606
XM_026521214.3	3241	3061.9	41.2934	5.79032
XM_026521215.3	4000	3820.9	44	4.94424
XM_026521217.2	1353	1173.9	0	0
XM_026521218.3	1386	1206.9	0	0
XM_026521219.3	6347	6167.9	0	0
XM_026521221.3	2194	2014.9	0	0
XM_026521224.3	731	551.98	0	0
XM_026521226.3	642	462.98	0	0
XM_026521227.3	761	581.98	0	0
XM_026521228.3	1758	1578.9	8.70661	2.36759
XM_026521230.3	1717	1537.9	0	0
XM_026521231.3	4137	3957.9	67	7.26813
XM_044377504.2	4628	4448.9	0.000385901	3.72423e-05
XM_044377506.2	4498	4318.9	5.71284	0.567926
XM_044377507.2	3317	3137.9	0	0
XM_044377508.2	2986	2806.9	0.287163	0.0439253
XM_044377509.1	2634	2454.9	0	0
XM_044377510.2	2602	2422.9	0	0
XM_044377511.1	1405	1225.9	0	0
XM_044377512.1	2362	2182.9	0	0
XM_044377513.2	4598	4418.9	36.9577	3.59091
XM_044377514.2	550	371.056	4.52916	5.24073
XM_044377515.2	5610	5430.9	2309.66	182.595
XM_044377516.2	6994	6814.9	0	0
XM_044377517.2	6827	6647.9	0	0
XM_044377520.2	10515	10335.9	170.244	7.0719
XM_044377521.2	5622	5442.9	14.1783	1.11842
XM_044377522.2	5541	5361.9	0	0
XM_044377523.2	5661	5481.9	0	0
XM_044377524.2	7166	6986.9	1	0.061451
XM_044377525.2	1149	969.905	1	0.442674
XM_044377526.2	6583	6403.9	0	0
XM_044377527.2	5908	5728.9	7.47393	0.560132
XM_044377528.2	5595	5415.9	27.7471	2.19968
XM_044377529.2	8645	8465.9	0	0
XM_044377530.2	9921	9741.9	9.58666e-08	4.2251e-09
XM_044377533.2	9606	9426.9	1.30789e-08	5.95685e-10
XM_044377534.2	3681	3501.9	0	0
XM_044377535.2	9532	9352.9	13.724	0.630011
XM_044377538.2	3886	3706.9	0	0
XM_044377539.2	3586	3406.9	2	0.252048
XM_044377541.2	3235	3055.9	0	0
XM_044377542.2	1493	1313.9	1	0.326776
XM_044377543.2	2588	2408.9	95.4676	17.0157
XM_044377544.2	12157	11977.9	27	0.967824
XM_044377546.2	7004	6824.9	17.453	1.09796
XM_044377547.2	6674	6494.9	0	0
XM_044377548.2	7027	6847.9	0	0
XM_044377549.2	7083	6903.9	0.0179215	0.00111453
XM_044377550.1	306	135.147	0	0
XM_044377551.2	5358	5178.9	5.42211e-08	4.49515e-09
XM_044377552.2	2733	2553.9	2.5928	0.43589
XM_044377553.2	5316	5136.9	0.00223452	0.000186765
XM_044377554.2	5307	5127.9	0.0220305	0.00184458
XM_044377555.2	5296	5116.9	0.363153	0.0304716
XM_044377556.2	3582	3402.9	0	0
XM_044377557.2	3492	3312.9	0	0
XM_044377558.2	3435	3255.9	22	2.90111
XM_044377559.2	3420	3240.9	0	0
XM_044377560.2	2847	2667.9	3.91075	0.629366
XM_044377561.2	2198	2018.9	0	0
XM_044377563.2	2629	2449.9	26.8502	4.70556
XM_044377565.2	2733	2553.9	0	0
XM_044377569.2	2829	2649.9	0	0
XM_044377570.2	2829	2649.9	0	0
XM_044377573.1	1005	825.905	0	0
XM_044377575.2	7357	7177.9	1.95021	0.116653
XM_044377576.2	7609	7429.9	112.728	6.51422
XM_044377579.2	7626	7446.9	38.9026	2.24293
XM_044377580.2	8263	8083.9	1741.24	92.4808
XM_044377581.2	7949	7769.9	27.6871	1.52994
XM_044377582.2	6664	6484.9	0.000198074	1.3114e-05
XM_044377583.2	6603	6423.9	44.9998	3.00763
XM_044377587.2	5640	5460.9	0	0
XM_044377588.1	306	135.147	0	0
XM_044377592.2	4774	4594.9	0	0
XM_044377593.2	4742	4562.9	0	0
XM_044377594.2	3733	3553.9	0	0
XM_044377595.2	3809	3629.9	0	0
XM_044377596.2	5954	5774.9	105	7.80653
XM_044377605.2	14015	13835.9	0	0
XM_044377606.2	13930	13750.9	0	0
XM_044377608.2	14759	14579.9	24	0.706757
XM_044377609.2	3515	3335.9	0	0
XM_044377613.2	2923	2743.9	0	0
XM_044377614.2	2899	2719.9	0	0
XM_044377615.2	2886	2706.9	0	0
XM_044377616.2	2874	2694.9	0	0
XM_044377617.2	2861	2681.9	0	0
XM_044377618.2	2854	2674.9	151.099	24.2531
XM_044377619.2	2829	2649.9	18.5247	3.00147
XM_044377620.2	2805	2625.9	39.9865	6.53804
XM_044377621.2	2819	2639.9	0	0
XM_044377622.2	2584	2404.9	2.54408	0.454199
XM_044377625.2	4405	4225.9	7.29863	0.74154
XM_044377626.2	1713	1533.9	151.177	42.3156
XM_044377627.2	806	626.98	0	0
XM_044377629.2	2089	1909.9	2.70137	0.607276
XM_044377630.2	2420	2240.9	18.996	3.63959
XM_044377632.2	6697	6517.9	0	0
XM_044377633.2	1695	1515.9	0	0
XM_044377635.2	862	682.98	0	0
XM_044377636.2	4812	4632.9	0	0
XM_044377637.2	4674	4494.9	11.3413	1.08332
XM_044377638.2	9796	9616.9	4.59479	0.205137
XM_044377641.2	8111	7931.9	0	0
XM_044377642.2	8010	7830.9	0	0
XM_044377643.2	7809	7629.9	1.22211e-06	6.87709e-08
XM_044377644.2	10976	10796.9	0.0197815	0.000786633
XM_044377645.2	791	611.98	0	0
XM_044377646.2	1168	988.905	0	0
XM_044377647.2	1165	985.905	0	0
XM_044377649.2	4332	4152.9	2.01859e-05	2.08694e-06
XM_044377650.2	3827	3647.9	185.315	21.8113
XM_044377651.2	3189	3009.9	1.9759	0.281855
XM_044377652.2	15571	15391.9	0	0
XM_044377653.2	5947	5767.9	0	0
XM_044377654.2	8625	8445.9	6.74324	0.342796
XM_044377655.1	1482	1302.9	2	0.659069
XM_044377657.2	963	783.905	0	0
XM_044377658.2	5632	5452.9	16.5139	1.30028
XM_044377659.2	4324	4144.9	0	0
XM_044377660.2	7022	6842.9	571.165	35.8372
XM_044377661.2	5629	5449.9	0	0
XM_044377662.2	2675	2495.9	0	0
XM_044377663.2	2660	2480.9	0	0
XM_044377664.2	9449	9269.9	0	0
XM_044377665.2	2447	2267.9	3.18353	0.602695
XM_044377666.2	4494	4314.9	0.00160353	0.000159558
XM_044377667.2	5540	5360.9	0	0
XM_044377668.2	5743	5563.9	0	0
XM_044377669.2	4501	4321.9	20.8432	2.07063
XM_044377670.2	4341	4161.9	1.468e-06	1.51442e-07
XM_044377671.1	1665	1485.9	0	0
XM_044377672.1	1188	1008.9	1	0.425562
XM_044377673.2	13861	13681.9	0.280086	0.00878938
XM_044377674.2	1015	835.905	0	0
XM_044377675.2	987	807.905	3	1.59432
XM_044377676.2	2917	2737.9	27.9499	4.38305
XM_044377677.2	11021	10841.9	93.6062	3.70691
XM_044377678.2	763	583.98	6.44384	4.73762
XM_044377679.2	3290	3110.9	0	0
XM_044377680.2	3486	3306.9	0	0
XM_044377681.2	3305	3125.9	0	0
XM_044377682.2	6996	6816.9	0	0
XM_044377683.1	1989	1809.9	0	0
XM_044377684.1	1832	1652.9	0	0
XM_044377685.2	6413	6233.9	6.87031	0.473183
XM_044377687.1	375	198.081	0	0
XM_044377689.2	9349	9169.9	0.00365406	0.00017109
XM_044377690.2	9322	9142.9	0.171394	0.0080487
XM_044377691.2	9311	9131.9	0.824669	0.0387732
XM_044377692.2	10201	10021.9	0	0
XM_044377693.1	456	277.419	0	0
XM_044377694.2	5637	5457.9	0	0
XM_044377695.2	5042	4862.9	0	0
XM_044377697.2	2458	2278.9	0	0
XM_044377698.2	2443	2263.9	0	0
XM_044377699.2	7603	7423.9	0	0
XM_044377700.2	5402	5222.9	1.4092e-06	1.15845e-07
XM_044377701.2	7493	7313.9	0	0
XM_044377702.2	7574	7394.9	0	0
XM_044377703.2	7427	7247.9	0	0
XM_044377704.2	9149	8969.9	0	0
XM_044377705.2	2700	2520.9	7.67031	1.30638
XM_044377706.2	3234	3054.9	6.94561e-06	9.76171e-07
XM_044377707.2	3231	3051.9	68.0792	9.57761
XM_044377709.2	3207	3027.9	292.035	41.41
XM_044377710.2	12135	11955.9	31.4871	1.13074
XM_044377711.2	5369	5189.9	8.90555	0.736741
XM_044377712.2	6078	5898.9	0	0
XM_044377713.2	6060	5880.9	0	0
XM_044377715.2	2303	2123.9	87.114	17.6103
XM_044377716.2	6950	6770.9	5.1555	0.326917
XM_044377717.2	5072	4892.9	0	0
XM_044377718.2	6099	5919.9	0	0
XM_044377719.1	330	156.434	1	2.74462
XM_044377720.2	1749	1569.9	95.1468	26.0216
XM_044377721.2	1759	1579.9	11.1262	3.02364
XM_044377722.2	6368	6188.9	0	0
XM_044377723.2	551	372.056	0	0
XM_044377724.2	1453	1273.9	0	0
XM_044377725.1	5213	5033.9	0	0
XM_044377726.2	401	223.304	0	0
XM_044377727.2	9257	9077.9	97.1383	4.59429
XM_044377728.2	9289	9109.9	0.984171	0.0463842
XM_044377729.2	6376	6196.9	33.7411	2.33775
XM_044377730.2	4712	4532.9	0	0
XM_044377733.2	3180	3000.9	0	0
XM_044377734.2	3164	2984.9	0	0
XM_044377735.1	429	250.808	0	0
XM_044377736.2	6207	6027.9	0	0
XM_044377737.2	6635	6455.9	0	0
XM_044377738.2	5939	5759.9	4	0.298166
XM_044377739.2	2682	2502.9	0	0
XM_044377740.2	2607	2427.9	0	0
XM_044377742.2	1221	1041.9	0	0
XM_044377744.2	1188	1008.9	0	0
XM_044377745.2	1183	1003.9	0	0
XM_044377748.2	8193	8013.9	1	0.0535759
XM_044377749.2	4155	3975.9	10.7778	1.16388
XM_044377751.2	3904	3724.9	0	0
XM_044377752.2	12184	12004.9	26.5877	0.950901
XM_044377753.2	12274	12094.9	2.88526e-07	1.02423e-08
XM_044377754.2	12232	12052.9	0	0
XM_044377756.2	12205	12025.9	0.000504323	1.80055e-05
XM_044377758.2	4947	4767.9	0	0
XM_044377760.2	1357	1177.9	0	0
XM_044377762.1	1167	987.905	0	0
XM_044377763.2	1130	950.905	0	0
XM_044377764.2	15034	14854.9	0	0
XM_044377765.2	16635	16455.9	0	0
XM_044377766.2	14274	14094.9	0	0
XM_044377767.2	14315	14135.9	0	0
XM_044377768.2	13138	12958.9	0	0
XM_044377769.2	15133	14953.9	0	0
XM_044377771.2	2037	1857.9	26.7714	6.18672
XM_044377772.2	3726	3546.9	38.7454	4.69012
XM_044377773.2	3723	3543.9	13.0467	1.58064
XM_044377776.2	3496	3316.9	0	0
XM_044377779.2	9422	9242.9	0	0
XM_044377780.2	9395	9215.9	0	0
XM_044377781.2	9323	9143.9	0	0
XM_044377782.2	6187	6007.9	6092.33	435.385
XM_044377783.2	6005	5825.9	765.669	56.4276
XM_044377784.2	9036	8856.9	0	0
XM_044377785.2	8733	8553.9	0	0
XM_044377786.2	8642	8462.9	0	0
XM_044377787.2	3596	3416.9	0	0
XM_044377789.2	6548	6368.9	0	0
XM_044377790.2	6455	6275.9	0	0
XM_044377791.2	6443	6263.9	0	0
XM_044377793.2	6206	6026.9	8.0631	0.574409
XM_044377795.2	5932	5752.9	0	0
XM_044377797.2	1762	1582.9	0	0
XM_044377798.2	1491	1311.9	0	0
XM_044377799.2	2452	2272.9	55.5878	10.5005
XM_044377800.2	3459	3279.9	4.59664	0.601718
XM_044377801.2	2752	2572.9	5.63115	0.939694
XM_044377802.2	2396	2216.9	21.97	4.25497
XM_044377803.2	2316	2136.9	102.214	20.5372
XM_044377804.2	2277	2097.9	6.52381e-07	1.33515e-07
XM_044377805.2	3179	2999.9	0	0
XM_044377806.2	2757	2577.9	3.56064	0.593028
XM_044377812.2	1548	1368.9	160	50.1834
XM_044377813.2	1698	1518.9	4	1.13069
XM_044377814.2	1885	1705.9	1	0.251686
XM_044377815.2	825	645.98	0	0
XM_044377817.1	471	292.277	0	0
XM_044377818.2	1060	880.905	1	0.487399
XM_044377820.2	1380	1200.9	0	0
XM_044377821.2	861	681.98	0	0
XM_044377824.2	372	195.24	0	0
XM_044377828.2	630	450.98	0	0
XM_044377831.2	5015	4835.9	35.7294	3.17221
XM_044377832.2	6091	5911.9	0	0
XM_044377835.2	2436	2256.9	10.9774	2.08833
XM_044377836.2	10143	9963.9	73.1319	3.15131
XM_044377837.2	7238	7058.9	0	0
XM_044377838.2	5540	5360.9	0	0
XM_044377840.2	7190	7010.9	0	0
XM_044377843.2	2587	2407.9	15.6176	2.78476
XM_044377844.2	1372	1192.9	12.5955	4.53338
XM_044377845.2	6266	6086.9	0	0
XM_044377846.2	4256	4076.9	3.34173	0.351928
XM_044377847.2	9464	9284.9	1.93642	0.0895438
XM_044377849.2	4557	4377.9	20	1.96145
XM_044377850.2	4025	3845.9	0	0
XM_044377851.2	4334	4154.9	0	0
XM_044377854.2	2779	2599.9	0	0
XM_044377856.2	2600	2420.9	0	0
XM_044377857.2	7528	7348.9	0	0
XM_044377858.2	1123	943.905	13.015	5.92013
XM_044377859.2	2693	2513.9	2.27252	0.388125
XM_044377860.2	2917	2737.9	1.9557	0.306689
XM_044377861.2	11404	11224.9	29.0745	1.1121
XM_044377862.2	2269	2089.9	0	0
XM_044377863.2	2167	1987.9	15	3.23973
XM_044377864.2	2420	2240.9	0	0
XM_044377865.2	1344	1164.9	0	0
XM_044377866.2	1341	1161.9	0	0
XM_044377867.2	1314	1134.9	0	0
XM_044377868.2	1311	1131.9	0	0
XM_044377869.2	1284	1104.9	0	0
XM_044377870.2	1281	1101.9	0	0
XM_044377871.2	1281	1101.9	0	0
XM_044377872.2	1278	1098.9	0	0
XM_044377873.2	1194	1014.9	0	0
XM_044377874.2	1230	1050.9	0	0
XM_044377875.2	1227	1047.9	0	0
XM_044377876.2	1200	1020.9	0	0
XM_044377877.2	1197	1017.9	0	0
XM_044377878.2	1197	1017.9	0	0
XM_044377879.2	1194	1014.9	0	0
XM_044377880.2	3849	3669.9	41.7942	4.88961
XM_044377882.2	2131	1951.9	0	0
XM_044377883.2	9983	9803.9	0	0
XM_044377884.2	1911	1731.9	3.40433	0.843959
XM_044377885.2	5016	4836.9	1.86483e-05	1.65533e-06
XM_044377886.2	2090	1910.9	0	0
XM_044377888.2	3283	3103.9	0	0
XM_044377890.2	3121	2941.9	0	0
XM_044377891.2	2008	1828.9	78.9132	18.5256
XM_044377892.2	2476	2296.9	0	0
XM_044377893.2	2354	2174.9	8.96338	1.76948
XM_044377895.2	1877	1697.9	7.79226e-05	1.97044e-05
XM_044377896.2	1435	1255.9	113.795	38.9028
XM_044377897.2	966	786.905	0	0
XM_044377899.2	8794	8614.9	0	0
XM_044377901.2	2627	2447.9	0	0
XM_044377902.2	5887	5707.9	0	0
XM_044377903.2	5672	5492.9	9.15397e-05	7.15519e-06
XM_044377904.2	5683	5503.9	6.72623e-06	5.24704e-07
XM_044377906.2	3279	3099.9	0	0
XM_044377907.2	4039	3859.9	133.934	14.8979
XM_044377908.2	2253	2073.9	0	0
XM_044377910.2	1574	1394.9	17.0564	5.24996
XM_044377914.2	3130	2950.9	76.9988	11.2032
XM_044377915.2	3117	2937.9	0	0
XM_044377917.2	1749	1569.9	1	0.273489
XM_044377919.2	16137	15957.9	128.96	3.46971
XM_044377923.2	2155	1975.9	85.8313	18.6506
XM_044377924.2	3606	3426.9	0	0
XM_044377925.2	3622	3442.9	0	0
XM_044377926.2	3368	3188.9	121.286	16.3298
XM_044377927.2	2298	2118.9	0	0
XM_044377928.2	2596	2416.9	0	0
XM_044377932.2	3919	3739.9	0	0
XM_044377933.2	2056	1876.9	0	0
XM_044377934.2	1716	1536.9	31	8.66021
XM_044377935.2	3486	3306.9	0	0
XM_044377936.2	2788	2608.9	0	0
XM_044377937.2	2792	2612.9	0	0
XM_044377938.2	2785	2605.9	0	0
XM_044377939.2	2775	2595.9	73.7424	12.1967
XM_044377940.2	2765	2585.9	0	0
XM_044377941.2	2835	2655.9	2	0.323319
XM_044377942.2	2642	2462.9	8.55343	1.4911
XM_044377943.2	2732	2552.9	0	0
XM_044377944.2	3596	3416.9	0	0
XM_044377945.2	3485	3305.9	1.87355	0.243326
XM_044377946.2	3482	3302.9	6.12645	0.796391
XM_044377947.2	1865	1685.9	0	0
XM_044377948.2	1841	1661.9	0	0
XM_044377949.2	3133	2953.9	0	0
XM_044377950.2	1754	1574.9	0	0
XM_044377951.2	1905	1725.9	0	0
XM_044377952.2	3453	3273.9	0	0
XM_044377953.2	3419	3239.9	3.5724	0.473414
XM_044377954.2	3359	3179.9	0	0
XM_044377955.2	3191	3011.9	1.07103e-06	1.52677e-07
XM_044377956.2	2972	2792.9	0	0
XM_044377957.2	1885	1705.9	0	0
XM_044377958.2	7007	6827.9	1	0.0628819
XM_044377959.2	1324	1144.9	29.1891	10.9462
XM_044377960.2	1558	1378.9	4	1.24549
XM_044377961.2	1732	1552.9	0	0
XM_044377962.2	1592	1412.9	0	0
XM_044377963.2	1588	1408.9	0	0
XM_044377964.2	3468	3288.9	25.1061	3.2775
XM_044377966.2	2565	2385.9	2	0.359907
XM_044377967.2	4146	3966.9	0	0
XM_044377968.2	4097	3917.9	0.00175412	0.000192229
XM_044377969.2	4889	4709.9	26.8671	2.44919
XM_044377971.2	1727	1547.9	8.32323	2.30867
XM_044377972.1	1981	1801.9	0	0
XM_044377973.1	1801	1621.9	0	0
XM_044377974.2	4486	4306.9	0.0009223	9.19434e-05
XM_044377975.2	2338	2158.9	0	0
XM_044377976.2	2338	2158.9	0	0
XM_044377977.2	2118	1938.9	4.98716	1.10436
XM_044377978.2	2781	2601.9	0	0
XM_044377980.2	1166	986.905	0	0
XM_044377982.2	5277	5097.9	0	0
XM_044377984.2	4448	4268.9	0	0
XM_044377988.2	1915	1735.9	0	0
XM_044377990.2	6385	6205.9	0	0
XM_044377991.2	6707	6527.9	0	0
XM_044377992.2	6705	6525.9	0	0
XM_044377993.2	6697	6517.9	0	0
XM_044377995.2	6597	6417.9	51.3751	3.43695
XM_044377996.2	6595	6415.9	0	0
XM_044377997.2	975	795.905	0	0
XM_044377998.2	7403	7223.9	1186.21	70.5025
XM_044378001.2	3141	2961.9	0	0
XM_044378002.2	4286	4106.9	0	0
XM_044378003.2	3653	3473.9	24.5081	3.02904
XM_044378004.2	3579	3399.9	27.0741	3.41901
XM_044378005.2	3440	3260.9	0	0
XM_044378006.2	2745	2565.9	2.17836	0.364504
XM_044378007.2	6919	6739.9	9.71054	0.61859
XM_044378008.2	6906	6726.9	0	0
XM_044378009.2	6844	6664.9	0	0
XM_044378010.2	6829	6649.9	0	0
XM_044378012.2	9996	9816.9	312.889	13.6845
XM_044378013.2	10163	9983.9	46.6535	2.0063
XM_044378016.2	6165	5985.9	0	0
XM_044378017.2	6981	6801.9	0	0
XM_044378020.2	900	720.98	0	0
XM_044378022.2	1171	991.905	0	0
XM_044378023.2	1133	953.905	0	0
XM_044378024.2	9609	9429.9	0	0
XM_044378026.2	2139	1959.9	0.00132177	0.000289558
XM_044378027.1	2132	1952.9	0	0
XM_044378028.2	4906	4726.9	37	3.36077
XM_044378030.2	5430	5250.9	0	0
XM_044378032.2	2858	2678.9	6.05425	0.970323
XM_044378033.2	5045	4865.9	0	0
XM_044378034.2	5379	5199.9	46.4316	3.83382
XM_044378035.2	4702	4522.9	3.97645	0.377478
XM_044378036.2	342	167.307	0	0
XM_044378037.2	1926	1746.9	0	0
XM_044378038.2	1101	921.905	0	0
XM_044378039.2	8840	8660.9	53.9272	2.67337
XM_044378040.2	12789	12609.9	6.22609	0.211991
XM_044378042.2	8184	8004.9	22.9906	1.23313
XM_044378043.2	3672	3492.9	0.93675	0.115146
XM_044378044.1	963	783.905	0	0
XM_044378047.2	7101	6921.9	38.644	2.39701
XM_044378048.2	7180	7000.9	12.9304	0.792999
XM_044378049.2	8270	8090.9	0	0
XM_044378050.2	7819	7639.9	19.8122	1.11342
XM_044378051.2	4897	4717.9	0	0
XM_044378053.2	9404	9224.9	0	0
XM_044378054.2	9033	8853.9	0	0
XM_044378055.2	4367	4187.9	0	0
XM_044378056.2	5298	5118.9	0.00931415	0.000781231
XM_044378057.2	4941	4761.9	2.45483	0.221337
XM_044378058.2	3369	3189.9	0	0
XM_044378060.2	5277	5097.9	1.99068	0.167657
XM_044378061.2	6685	6505.9	6.01841	0.39718
XM_044378062.2	4760	4580.9	0	0
XM_044378063.2	1614	1434.9	11	3.29142
XM_044378064.2	1051	871.905	0.110096	0.0542148
XM_044378065.2	3632	3452.9	0	0
XM_044378066.2	910	730.98	0	0
XM_044378067.2	2665	2485.9	0.000423457	7.31372e-05
XM_044378068.1	1051	871.905	0	0
XM_044378069.2	4056	3876.9	0	0
XM_044378070.2	4302	4122.9	21.5809	2.24739
XM_044378071.2	7006	6826.9	0	0
XM_044378072.2	4209	4029.9	0	0
XM_044378073.2	4139	3959.9	0.362806	0.0393372
XM_044378074.2	840	660.98	1	0.649568
XM_044378075.2	878	698.98	9.09091	5.58414
XM_044378078.2	540	361.056	0	0
XM_044378079.2	1014	834.905	0	0
XM_044378082.2	228	75.9499	0	0
XM_044378083.2	522	343.091	0	0
XM_044378084.2	1394	1214.9	3	1.06021
XM_044378086.2	7157	6977.9	118.365	7.28303
XM_044378090.1	688	508.98	2	1.68711
XM_044378091.2	1104	924.905	0	0
XM_044378092.2	558	379.018	0	0
XM_044378093.1	811	631.98	0	0
XM_044378094.2	7121	6941.9	7.27999e-07	4.50262e-08
XM_044378096.2	6256	6076.9	39.7433	2.80798
XM_044378097.2	1155	975.905	19.0829	8.39555
XM_044378098.2	3201	3021.9	0	0
XM_044378099.2	3031	2851.9	20	3.01098
XM_044378101.2	2804	2624.9	26.5618	4.34468
XM_044378103.2	8601	8421.9	0	0
XM_044378104.2	861	681.98	0	0
XM_044378105.2	2774	2594.9	0	0
XM_044378106.2	945	765.905	13.016	7.29655
XM_044378107.2	1681	1501.9	4.42556	1.26514
XM_044378108.2	2515	2335.9	11.6214	2.13608
XM_044378109.2	2698	2518.9	0	0
XM_044378111.2	2469	2289.9	37.9561	7.11669
XM_044378114.2	3132	2952.9	171.229	24.8966
XM_044378117.2	3926	3746.9	91	10.4275
XM_044378118.1	2447	2267.9	0	0
XM_044378119.2	7238	7058.9	0	0
XM_044378121.2	7788	7608.9	0	0
XM_044378123.2	4551	4371.9	0	0
XM_044378125.2	4310	4130.9	0	0
XM_044378126.2	4271	4091.9	0	0
XM_044378130.2	2962	2782.9	0	0
XM_044378131.2	2407	2227.9	4.38143	0.844371
XM_044378132.2	3236	3056.9	1	0.140453
XM_044378136.2	3373	3193.9	0	0
XM_044378137.2	3494	3314.9	0	0
XM_044378138.2	7156	6976.9	21.5	1.32309
XM_044378139.2	6856	6676.9	0	0
XM_044378140.2	6472	6292.9	0	0
XM_044378141.2	6568	6388.9	0	0
XM_044378142.2	6452	6272.9	0	0
XM_044378143.2	5974	5794.9	2.6952	0.199691
XM_044378144.2	5609	5429.9	2.21991	0.175532
XM_044378145.2	2327	2147.9	0	0
XM_044378151.2	6694	6514.9	14.0503	0.92596
XM_044378153.2	2281	2101.9	0	0
XM_044378155.2	1920	1740.9	10.4795	2.58452
XM_044378157.2	4178	3998.9	7.8591	0.843811
XM_044378159.2	6085	5905.9	0	0
XM_044378160.2	3010	2830.9	0	0
XM_044378161.2	1385	1205.9	63.6657	22.6676
XM_044378163.2	1094	914.905	20.835	9.77757
XM_044378164.2	798	618.98	34	23.5839
XM_044378168.2	8639	8459.9	0	0
XM_044378169.2	8575	8395.9	0	0
XM_044378170.2	2071	1891.9	1.57029	0.356363
XM_044378171.2	2965	2785.9	1	0.154116
XM_044378172.2	2445	2265.9	0	0
XM_044378173.2	2904	2724.9	0	0
XM_044378175.2	2812	2632.9	2.02329	0.329941
XM_044378176.2	4620	4440.9	1.74221	0.168439
XM_044378177.2	2071	1891.9	0	0
XM_044378179.2	6005	5825.9	0	0
XM_044378180.2	1184	1004.9	4.95233	2.11592
XM_044378181.1	855	675.98	0	0
XM_044378182.2	3166	2986.9	0	0
XM_044378183.2	2222	2042.9	0	0
XM_044378184.2	5415	5235.9	0	0
XM_044378185.2	5442	5262.9	33.9889	2.77284
XM_044378186.2	1228	1048.9	679.802	278.266
XM_044378187.2	839	659.98	0	0
XM_044378188.2	2879	2699.9	0	0
XM_044378189.2	2753	2573.9	17.5237	2.92312
XM_044378192.2	3092	2912.9	0	0
XM_044378193.2	2832	2652.9	0	0
XM_044378194.2	1458	1278.9	17.7736	5.96694
XM_044378195.1	2748	2568.9	0	0
XM_044378196.2	3897	3717.9	75.4424	8.71226
XM_044378197.2	5010	4830.9	0	0
XM_044378198.2	3297	3117.9	10.9489	1.50773
XM_044378204.2	1220	1040.9	0	0
XM_044378205.2	2199	2019.9	0	0
XM_044378206.2	2565	2385.9	20.3017	3.65336
XM_044378207.1	2258	2078.9	3.23163	0.667423
XM_044378208.2	4029	3849.9	0	0
XM_044378209.2	5031	4851.9	0	0
XM_044378210.2	5171	4991.9	0	0
XM_044378211.1	1194	1014.9	0	0
XM_044378212.1	1167	987.905	0	0
XM_044378213.2	1143	963.905	0	0
XM_044378214.2	4853	4673.9	2.00032	0.183752
XM_044378215.2	7176	6996.9	0	0
XM_044378216.2	812	632.98	0	0
XM_044378217.2	1550	1370.9	0	0
XM_044378218.2	625	445.98	0	0
XM_044378219.2	505	326.091	0	0
XM_044378220.2	1828	1648.9	12.5286	3.26228
XM_044378221.2	1450	1270.9	0	0
XM_044378222.2	4250	4070.9	2.14699	0.226439
XM_044378223.2	39841	39661.9	0	0
XM_044378224.2	4350	4170.9	0	0
XM_044378225.2	4084	3904.9	0	0
XM_044378226.1	1089	909.905	0	0
XM_044378227.2	30902	30722.9	116.876	1.63334
XM_044378228.2	9146	8966.9	0.0221091	0.00105862
XM_044378229.2	9120	8940.9	0.977891	0.0469594
XM_044378230.2	3364	3184.9	0	0
XM_044378231.2	2963	2783.9	0	0
XM_044378232.2	4666	4486.9	0	0
XM_044378233.2	1560	1380.9	0	0
XM_044378234.2	4093	3913.9	31.4544	3.45053
XM_044378235.2	3542	3362.9	0	0
XM_044378238.2	3861	3681.9	0	0
XM_044378239.2	11090	10910.9	3.04117	0.119672
XM_044378240.2	2224	2044.9	0	0
XM_044378241.2	2097	1917.9	16.1168	3.608
XM_044378242.2	7798	7618.9	115.687	6.51934
XM_044378244.2	1657	1477.9	0	0
XM_044378246.2	5726	5546.9	0	0
XM_044378247.2	6006	5826.9	0	0
XM_044378248.2	5690	5510.9	118.536	9.23506
XM_044378249.2	6015	5835.9	11.1903	0.82328
XM_044378250.2	995	815.905	0	0
XM_044378251.2	4690	4510.9	0	0
XM_044378252.2	1786	1606.9	0	0
XM_044378253.2	1712	1532.9	0	0
XM_044378254.2	2273	2093.9	0	0
XM_044378255.2	1280	1100.9	0	0
XM_044378256.2	6523	6343.9	16.1239	1.09126
XM_044378269.2	3730	3550.9	13.0507	1.57801
XM_044378271.2	6625	6445.9	37.6164	2.50557
XM_044378272.2	3682	3502.9	0	0
XM_044378273.2	6069	5889.9	3.20196	0.233411
XM_044378276.2	3924	3744.9	0	0
XM_044378278.2	3792	3612.9	1.81163	0.215291
XM_044378279.2	3768	3588.9	0	0
XM_044378281.2	3935	3755.9	0	0
XM_044378282.2	3842	3662.9	12.2076	1.43093
XM_044378284.2	1628	1448.9	0	0
XM_044378285.2	1697	1517.9	0	0
XM_044378286.2	1646	1466.9	0	0
XM_044378287.2	476	297.277	0.0598024	0.0863716
XM_044378290.2	3426	3246.9	13.2922	1.75769
XM_044378291.2	6521	6341.9	1	0.0677008
XM_044378293.2	558	379.018	0	0
XM_044378296.2	363	186.702	0	0
XM_044378298.2	684	504.98	0	0
XM_044378300.2	2108	1928.9	4	0.890354
XM_044378301.1	481	302.247	1	1.42053
XM_044378302.1	408	230.236	0	0
XM_044378303.2	12534	12354.9	67.6648	2.35146
XM_044378304.2	1389	1209.9	1	0.354864
XM_044378308.2	632	452.98	37.5155	35.5586
XM_044378309.2	8745	8565.9	0	0
XM_044378310.2	2121	1941.9	13.3544	2.95264
XM_044378312.2	8489	8309.9	0	0
XM_044378313.2	8357	8177.9	0	0
XM_044378314.2	2635	2455.9	5	0.874122
XM_044378316.2	2405	2225.9	0	0
XM_044378317.2	8633	8453.9	0	0
XM_044378318.2	5846	5666.9	0	0
XM_044378324.2	2557	2377.9	0	0
XM_044378325.2	7028	6848.9	0	0
XM_044378326.2	2047	1867.9	0	0
XM_044378327.2	2879	2699.9	0	0
XM_044378328.2	2719	2539.9	0	0
XM_044378329.2	356	180.054	0	0
XM_044378330.2	3127	2947.9	0	0
XM_044378331.2	8228	8048.9	13	0.693458
XM_044378332.2	2825	2645.9	40.221	6.52667
XM_044378335.2	2607	2427.9	1	0.176841
XM_044378336.2	292	123.515	0	0
XM_044378338.2	7374	7194.9	0	0
XM_044378339.2	6371	6191.9	28.77	1.99494
XM_044378343.2	1810	1630.9	0	0
XM_044378345.2	1807	1627.9	0	0
XM_044378346.2	1749	1569.9	13.7989	3.77386
XM_044378348.2	3982	3802.9	0	0
XM_044378349.2	5234	5054.9	0	0
XM_044378350.2	3918	3738.9	0	0
XM_044378351.2	3906	3726.9	0	0
XM_044378352.2	2638	2458.9	62	10.8259
XM_044378353.2	2085	1905.9	0	0
XM_044378354.2	1878	1698.9	13.265	3.35237
XM_044378355.2	2189	2009.9	127.625	27.263
XM_044378356.2	6671	6491.9	2.0982	0.138768
XM_044378357.2	1082	902.905	0.604951	0.287668
XM_044378358.2	1054	874.905	39.8823	19.5719
XM_044378359.2	1055	875.905	3.7106	1.81886
XM_044378360.2	2497	2317.9	9.16646	1.69793
XM_044378361.2	5101	4921.9	670.631	58.5011
XM_044378362.2	2992	2812.9	24.3688	3.71958
XM_044378363.2	2956	2776.9	100.898	15.6004
XM_044378369.2	1732	1552.9	1	0.276483
XM_044378370.2	3231	3051.9	5	0.703416
XM_044378371.2	2134	1954.9	0	0
XM_044378372.2	5487	5307.9	2.02858	0.16409
XM_044378373.2	3453	3273.9	0	0
XM_044378374.2	3375	3195.9	2.78994	0.374813
XM_044378375.2	4573	4393.9	3.74985	0.366418
XM_044378376.2	2547	2367.9	0	0
XM_044378377.2	2917	2737.9	14.4813	2.27093
XM_044378378.2	2467	2287.9	2.14969	0.403414
XM_044378379.2	2270	2090.9	0	0
XM_044378380.2	2747	2567.9	69.4981	11.62
XM_044378381.2	2429	2249.9	18.329	3.49775
XM_044378382.2	8277	8097.9	8.09099	0.428985
XM_044378384.2	5991	5811.9	28	2.06849
XM_044378385.2	5686	5506.9	0	0
XM_044378386.2	1368	1188.9	0	0
XM_044378387.2	3895	3715.9	0	0
XM_044378389.2	5341	5161.9	115.466	9.60414
XM_044378392.2	805	625.98	0	0
XM_044378393.2	6728	6548.9	0	0
XM_044378394.2	6722	6542.9	0	0
XM_044378396.2	5169	4989.9	135.305	11.6422
XM_044378397.2	5245	5065.9	21.5409	1.82566
XM_044378398.2	3464	3284.9	5.34513	0.698633
XM_044378399.2	3045	2865.9	14.6549	2.1955
XM_044378400.2	1396	1216.9	1.51221	0.533541
XM_044378401.2	5177	4997.9	0	0
XM_044378402.2	794	614.98	31.1574	21.7527
XM_044378404.2	5239	5059.9	0	0
XM_044378405.2	2925	2745.9	0	0
XM_044378409.2	13930	13750.9	0	0
XM_044378410.2	4193	4013.9	49.8557	5.33287
XM_044378411.2	4067	3887.9	28.1169	3.10503
XM_044378412.2	4086	3906.9	0	0
XM_044378413.2	2276	2096.9	0	0
XM_044378414.1	1070	890.905	0	0
XM_044378415.1	1081	901.905	0	0
XM_044378416.1	3095	2915.9	3.75977	0.553606
XM_044378417.1	619	439.98	0	0
XM_044378419.2	3024	2844.9	3	0.452759
XM_044378420.2	3056	2876.9	0	0
XM_044378422.2	3150	2970.9	1.72054	0.248651
XM_044378423.2	3651	3471.9	1.5585	0.192731
XM_044378424.2	3954	3774.9	12	1.36486
XM_044378425.2	4277	4097.9	0	0
XM_044378426.2	2543	2363.9	9818.95	1783.4
XM_044378427.1	2916	2736.9	17.9661	2.81842
XM_044378428.2	3192	3012.9	7.03395	1.00237
XM_044378429.1	2879	2699.9	0	0
XM_044378430.2	2895	2715.9	0	0
XM_044378431.2	2444	2264.9	955.836	181.195
XM_044378432.2	2442	2262.9	3.24252	0.61522
XM_044378433.2	933	753.98	414.215	235.873
XM_044378434.2	510	331.091	0	0
XM_044378435.2	1784	1604.9	11	2.94277
XM_044378436.2	1762	1582.9	0	0
XM_044378438.2	3910	3730.9	1	0.11508
XM_044378439.2	689	509.98	1.12636	0.948285
XM_044378441.2	2625	2445.9	0	0
XM_044378442.2	2276	2096.9	0	0
XM_044378443.2	4189	4009.9	6.14106	0.657541
XM_044378444.2	2864	2684.9	0.188974	0.0302194
XM_044378445.2	2861	2681.9	0.812874	0.130135
XM_044378446.2	888	708.98	0	0
XM_044378447.2	825	645.98	0	0
XM_044378448.2	858	678.98	0	0
XM_044378449.2	789	609.98	21.1893	14.9147
XM_044378450.2	7325	7145.9	0	0
XM_044378451.2	11679	11499.9	0	0
XM_044378453.2	6391	6211.9	0	0
XM_044378454.2	7320	7140.9	43.5304	2.6173
XM_044378455.2	708	528.98	0	0
XM_044378456.2	2572	2392.9	435.948	78.2208
XM_044378457.2	618	438.98	1	0.978067
XM_044378458.2	510	331.091	0	0
XM_044378459.2	1982	1802.9	0.0333805	0.0079494
XM_044378460.2	2286	2106.9	7.82901	1.59542
XM_044378461.2	2254	2074.9	0	0
XM_044378462.2	5257	5077.9	0	0
XM_044378463.2	5047	4867.9	0	0
XM_044378464.2	4675	4495.9	0	0
XM_044378465.2	4654	4474.9	0	0
XM_044378466.2	4651	4471.9	0	0
XM_044378467.2	4564	4384.9	0	0
XM_044378469.2	4979	4799.9	0	0
XM_044378470.2	4545	4365.9	0	0
XM_044378471.2	1682	1502.9	2	0.571363
XM_044378472.2	2737	2557.9	0	0
XM_044378474.2	7775	7595.9	0	0
XM_044378475.2	5160	4980.9	0	0
XM_044378476.2	5067	4887.9	0	0
XM_044378477.2	9688	9508.9	33.8468	1.52827
XM_044378482.2	1560	1380.9	0	0
XM_044378483.2	1338	1158.9	0	0
XM_044378486.2	4750	4570.9	0	0
XM_044378487.2	3227	3047.9	53.6546	7.55822
XM_044378488.2	3361	3181.9	0	0
XM_044378489.2	2891	2711.9	0	0
XM_044378490.2	2742	2562.9	0	0
XM_044378491.1	156	38.243	0	0
XM_044378492.2	1301	1121.9	874	334.479
XM_044378493.2	7438	7258.9	0	0
XM_044378496.2	7423	7243.9	0	0
XM_044378497.2	5340	5160.9	4.16664	0.346636
XM_044378498.2	5252	5072.9	0	0
XM_044378499.2	4848	4668.9	47.0199	4.32394
XM_044378500.2	4812	4632.9	0	0
XM_044378501.2	8673	8493.9	0	0
XM_044378502.2	7166	6986.9	0	0
XM_044378503.2	2172	1992.9	0	0
XM_044378505.2	8916	8736.9	0	0
XM_044378506.2	8903	8723.9	0	0
XM_044378507.2	7255	7075.9	0	0
XM_044378508.2	6587	6407.9	0	0
XM_044378517.2	6745	6565.9	0	0
XM_044378518.2	4079	3899.9	23.5955	2.59769
XM_044378520.2	6864	6684.9	2.32232	0.149156
XM_044378522.2	8410	8230.9	0	0
XM_044378528.1	1530	1350.9	0	0
XM_044378529.2	6510	6330.9	0	0
XM_044378530.2	2064	1884.9	3.05996	0.697012
XM_044378532.2	14552	14372.9	0	0
XM_044378533.2	6455	6275.9	0	0
XM_044378536.2	12118	11938.9	0	0
XM_044378537.2	14467	14287.9	3.02689e-07	9.0958e-09
XM_044378538.2	14421	14241.9	156.06	4.70475
XM_044378539.2	14371	14191.9	0	0
XM_044378540.2	14325	14145.9	1.01545	0.0308207
XM_044378542.2	15723	15543.9	7.68853	0.212372
XM_044378543.2	13647	13467.9	0	0
XM_044378544.2	6377	6197.9	0	0
XM_044378545.2	13518	13338.9	41.6826	1.34168
XM_044378546.2	13475	13295.9	47.9437	1.5482
XM_044378547.2	13393	13213.9	0	0
XM_044378548.2	13297	13117.9	0	0
XM_044378549.2	13264	13084.9	0	0
XM_044378550.2	13168	12988.9	0	0
XM_044378551.2	6507	6327.9	0	0
XM_044378552.2	11009	10829.9	0	0
XM_044378553.2	10911	10731.9	0	0
XM_044378554.2	10890	10710.9	0	0
XM_044378555.2	6492	6312.9	0	0
XM_044378556.2	7192	7012.9	17.9654	1.0999
XM_044378557.2	5250	5070.9	0	0
XM_044378558.2	6643	6463.9	2.19058	0.145505
XM_044378559.2	5557	5377.9	0	0
XM_044378560.2	5157	4977.9	0	0
XM_044378561.2	4884	4704.9	0	0
XM_044378562.2	5114	4934.9	2.5	0.217508
XM_044378563.2	11732	11552.9	0	0
XM_044378564.2	5693	5513.9	0	0
XM_044378565.2	2791	2611.9	50.7662	8.34508
XM_044378566.2	2843	2663.9	17.1776	2.76858
XM_044378567.2	2534	2354.9	247.242	45.0778
XM_044378568.2	5226	5046.9	14.3967	1.22476
XM_044378569.2	5248	5068.9	33.9511	2.87577
XM_044378570.2	5195	5015.9	13.7306	1.17531
XM_044378571.2	6378	6198.9	0	0
XM_044378572.2	5866	5686.9	244.105	18.4295
XM_044378573.2	15758	15578.9	31.4997	0.868125
XM_044378575.2	6348	6168.9	0	0
XM_044378577.2	216	68.2098	0	0
XM_044378578.2	11603	11423.9	15.2197	0.572011
XM_044378581.2	11555	11375.9	0	0
XM_044378582.2	468	289.277	0	0
XM_044378585.2	6153	5973.9	9.71061	0.697913
XM_044378586.2	351	175.486	0	0
XM_044378587.1	738	558.98	0	0
XM_044378588.2	5914	5734.9	0	0
XM_044378592.2	2595	2415.9	4.26903e-07	7.58687e-08
XM_044378593.2	2028	1848.9	0	0
XM_044378595.2	2701	2521.9	0	0
XM_044378597.2	1629	1449.9	0	0
XM_044378598.2	2322	2142.9	0	0
XM_044378600.2	1859	1679.9	0	0
XM_044378601.2	1234	1054.9	0	0
XM_044378602.2	1068	888.905	0	0
XM_044378603.2	1984	1804.9	0	0
XM_044378604.2	2551	2371.9	0	0
XM_044378605.2	2834	2654.9	0	0
XM_044378606.2	2544	2364.9	0	0
XM_044378607.2	2453	2273.9	0	0
XM_044378608.2	2416	2236.9	0	0
XM_044378611.1	156	38.243	0	0
XM_044378612.2	3620	3440.9	3.48704e-05	4.35109e-06
XM_044378613.2	1104	924.905	30	13.9264
XM_044378615.2	5280	5100.9	0	0
XM_044378616.2	3350	3170.9	1645	222.739
XM_044378617.2	4034	3854.9	0	0
XM_044378618.2	6448	6268.9	0	0
XM_044378619.2	6394	6214.9	0	0
XM_044378620.2	4916	4736.9	0	0
XM_044378621.2	2385	2205.9	0.615101	0.119722
XM_044378622.2	8455	8275.9	0	0
XM_044378627.2	4137	3957.9	28.8321	3.12769
XM_044378628.2	3953	3773.9	512.13	58.2643
XM_044378629.2	3274	3094.9	0	0
XM_044378630.2	6198	6018.9	101.636	7.25008
XM_044378631.2	6390	6210.9	19.0821	1.31912
XM_044378632.2	975	795.905	0	0
XM_044378633.2	4307	4127.9	0	0
XM_044378634.2	3948	3768.9	0	0
XM_044378635.2	3940	3760.9	0	0
XM_044378636.2	7516	7336.9	1	0.0585195
XM_044378639.2	1617	1437.9	23.8952	7.13501
XM_044378640.2	4582	4402.9	0	0
XM_044378641.2	1587	1407.9	0	0
XM_044378642.2	1533	1353.9	0	0
XM_044378643.2	1512	1332.9	0	0
XM_044378644.2	1392	1212.9	0	0
XM_044378645.2	3945	3765.9	0	0
XM_044378646.2	2406	2226.9	0	0
XM_044378647.2	19956	19776.9	0	0
XM_044378648.2	9687	9507.9	5.72731	0.25863
XM_044378649.2	20016	19836.9	27.9334	0.604594
XM_044378651.2	19726	19546.9	0	0
XM_044378653.2	1190	1010.9	0	0
XM_044378654.2	8873	8693.9	56.5246	2.79149
XM_044378655.2	14750	14570.9	0	0
XM_044378656.2	14744	14564.9	0	0
XM_044378657.2	3629	3449.9	0	0
XM_044378658.2	13882	13702.9	0	0
XM_044378659.2	13835	13655.9	0	0
XM_044378660.2	10106	9926.9	0.267715	0.0115791
XM_044378661.2	10281	10101.9	13.6781	0.581349
XM_044378662.2	9900	9720.9	0	0
XM_044378663.2	9751	9571.9	0	0
XM_044378664.2	9792	9612.9	0	0
XM_044378665.2	10009	9829.9	61.9099	2.70411
XM_044378666.2	9925	9745.9	0	0
XM_044378667.2	9803	9623.9	0.0907257	0.00404755
XM_044378669.2	9657	9477.9	0	0
XM_044378670.2	2449	2269.9	2.76286	0.522595
XM_044378671.2	3103	2923.9	1.98153	0.290972
XM_044378672.2	3366	3186.9	50.5222	6.80655
XM_044378676.2	4701	4521.9	0.415765	0.0394767
XM_044378681.2	1571	1391.9	0	0
XM_044378685.2	3361	3181.9	8	1.07948
XM_044378686.2	5452	5272.9	38.2729	3.11641
XM_044378687.2	9116	8936.9	0	0
XM_044378688.2	4191	4011.9	0	0
XM_044378689.2	5065	4885.9	43.8056	3.84944
XM_044378690.2	5420	5240.9	0	0
XM_044378692.2	3749	3569.9	0	0
XM_044378693.2	5300	5120.9	0	0
XM_044378694.2	2068	1888.9	0	0
XM_044378695.2	252	92.3911	0	0
XM_044378696.2	2888	2708.9	0	0
XM_044378697.2	1851	1671.9	0	0
XM_044378698.2	1803	1623.9	0	0
XM_044378699.2	3833	3653.9	4.75549e-08	5.58794e-09
XM_044378704.2	7314	7134.9	4	0.240705
XM_044378705.2	1494	1314.9	0	0
XM_044378707.2	726	546.98	1	0.78495
XM_044378709.2	20406	20226.9	144.771	3.07303
XM_044378711.2	4301	4121.9	0	0
XM_044378712.2	4226	4046.9	0	0
XM_044378713.2	3521	3341.9	32.1238	4.12711
XM_044378715.2	6748	6568.9	0	0
XM_044378716.2	2323	2143.9	2.98655	0.598105
XM_044378717.2	2264	2084.9	14.2222	2.92882
XM_044378719.2	2171	1991.9	8.73717	1.88328
XM_044378720.2	3360	3180.9	0	0
XM_044378721.2	3357	3177.9	0	0
XM_044378722.2	3327	3147.9	0	0
XM_044378723.2	3297	3117.9	0	0
XM_044378724.2	6147	5967.9	0	0
XM_044378725.2	6144	5964.9	0	0
XM_044378726.2	6144	5964.9	0	0
XM_044378727.2	5920	5740.9	17.9989	1.34611
XM_044378728.2	5963	5783.9	0.00106173	7.88146e-05
XM_044378729.2	5761	5581.9	0	0
XM_044378730.2	5758	5578.9	0	0
XM_044378731.2	2407	2227.9	0	0
XM_044378732.2	2451	2271.9	0	0
XM_044378733.2	1980	1800.9	0	0
XM_044378734.2	1971	1791.9	0	0
XM_044378735.2	1903	1723.9	0	0
XM_044378736.2	1328	1148.9	5.86929	2.19338
XM_044378739.2	2379	2199.9	0	0
XM_044378740.2	3179	2999.9	0	0
XM_044378741.2	5799	5619.9	5	0.381992
XM_044378742.2	3205	3025.9	0	0
XM_044378744.2	1190	1010.9	0	0
XM_044378745.2	1177	997.905	0	0
XM_044378746.2	1535	1355.9	0	0
XM_044378747.2	1521	1341.9	0	0
XM_044378748.2	3359	3179.9	0	0
XM_044378749.2	2750	2570.9	15.8284	2.6434
XM_044378750.2	2367	2187.9	0	0
XM_044378752.2	3612	3432.9	29.4937	3.68877
XM_044378754.2	6552	6372.9	0	0
XM_044378755.2	6643	6463.9	96	6.37661
XM_044378757.2	2544	2364.9	0	0
XM_044378758.2	1774	1594.9	9	2.42282
XM_044378759.2	3432	3252.9	0	0
XM_044378760.1	469	290.277	6.77788	10.0252
XM_044378761.2	4806	4626.9	0	0
XM_044378762.2	1975	1795.9	13.2538	3.16862
XM_044378764.2	2945	2765.9	0	0
XM_044378765.2	2905	2725.9	8.98945	1.41591
XM_044378766.2	1378	1198.9	0	0
XM_044378767.2	2502	2322.9	0	0
XM_044378768.2	1835	1655.9	0	0
XM_044378769.2	1072	892.905	0	0
XM_044378770.2	4696	4516.9	0	0
XM_044378772.2	1050	870.905	2.00657	0.98923
XM_044378773.1	1098	918.905	0	0
XM_044378774.2	1587	1407.9	8	2.43966
XM_044378775.2	4702	4522.9	9.66609e-08	9.17586e-09
XM_044378776.2	1856	1676.9	4	1.02415
XM_044378777.2	2993	2813.9	12.4394	1.89804
XM_044378778.2	3813	3633.9	11.0808	1.30922
XM_044378779.2	2995	2815.9	6.77818	1.0335
XM_044378780.2	8903	8723.9	0	0
XM_044378781.2	18685	18505.9	38.0328	0.882393
XM_044378782.2	2133	1953.9	3	0.659221
XM_044378783.2	2604	2424.9	0	0
XM_044378785.2	4015	3835.9	0	0
XM_044378788.2	2517	2337.9	0	0
XM_044378790.2	3448	3268.9	46.5277	6.11115
XM_044378791.2	6566	6386.9	0	0
XM_044378792.2	3482	3302.9	0	0
XM_044378793.2	1568	1388.9	0	0
XM_044378794.2	3540	3360.9	0	0
XM_044378795.2	3605	3425.9	0	0
XM_044378796.2	3596	3416.9	0	0
XM_044378797.2	3087	2907.9	0	0
XM_044378798.2	6702	6522.9	1.06117	0.0698487
XM_044378799.2	6615	6435.9	0.0369956	0.00246805
XM_044378800.2	6609	6429.9	4.9133e-05	3.28082e-06
XM_044378801.2	4263	4083.9	0	0
XM_044378802.2	3358	3178.9	1.18566	0.160138
XM_044378803.2	3414	3234.9	0	0
XM_044378804.2	3008	2828.9	0	0
XM_044378806.2	2456	2276.9	0	0
XM_044378808.2	6010	5830.9	8	0.589071
XM_044378809.2	2404	2224.9	28.6407	5.52696
XM_044378810.2	6549	6369.9	200.542	13.5172
XM_044378811.2	3842	3662.9	0	0
XM_044378812.2	3761	3581.9	0	0
XM_044378813.2	3695	3515.9	0	0
XM_044378814.2	3548	3368.9	0	0
XM_044378815.2	3477	3297.9	0	0
XM_044378816.2	3517	3337.9	0	0
XM_044378817.2	3294	3114.9	0	0
XM_044378818.2	3320	3140.9	0	0
XM_044378819.2	3250	3070.9	0	0
XM_044378820.2	6543	6363.9	0	0
XM_044378821.2	2875	2695.9	0	0
XM_044378822.2	2731	2551.9	0	0
XM_044378823.2	2398	2218.9	0	0
XM_044378824.2	2379	2199.9	0	0
XM_044378825.2	2387	2207.9	0	0
XM_044378826.1	2309	2129.9	0	0
XM_044378827.1	2360	2180.9	0	0
XM_044378828.1	2156	1976.9	0	0
XM_044378829.2	2163	1983.9	0	0
XM_044378830.1	2159	1979.9	0	0
XM_044378832.1	1696	1516.9	0	0
XM_044378833.2	4196	4016.9	2	0.213773
XM_044378834.2	2938	2758.9	0	0
XM_044378835.2	6540	6360.9	8.16495e-08	5.51122e-09
XM_044378838.2	5939	5759.9	0	0
XM_044378839.2	5940	5760.9	24.9524	1.85967
XM_044378841.2	8037	7857.9	131.997	7.21224
XM_044378842.2	3858	3678.9	44.2108	5.15969
XM_044378843.2	3546	3366.9	10.8996	1.38993
XM_044378844.2	3945	3765.9	0	0
XM_044378845.2	6393	6213.9	0	0
XM_044378846.2	6174	5994.9	0	0
XM_044378847.2	5989	5809.9	10	0.739
XM_044378848.2	5016	4836.9	0	0
XM_044378849.2	6613	6433.9	6.21406e-08	4.14681e-09
XM_044378851.2	6909	6729.9	0	0
XM_044378852.2	6595	6415.9	2.40544e-06	1.60972e-07
XM_044378853.2	6731	6551.9	32	2.09699
XM_044378854.2	6492	6312.9	0	0
XM_044378855.2	6617	6437.9	2.7614e-08	1.84162e-09
XM_044378856.2	6653	6473.9	0	0
XM_044378857.2	7568	7388.9	10.487	0.609373
XM_044378858.2	2888	2708.9	0	0
XM_044378859.2	2620	2440.9	0	0
XM_044378860.2	6827	6647.9	0	0
XM_044378861.2	6824	6644.9	0	0
XM_044378862.2	6477	6297.9	0	0
XM_044378863.2	6763	6583.9	0	0
XM_044378864.2	6760	6580.9	0	0
XM_044378865.2	4511	4331.9	0	0
XM_044378866.2	4376	4196.9	4.8355	0.494682
XM_044378867.2	6474	6294.9	0	0
XM_044378868.2	13728	13548.9	0	0
XM_044378871.2	6455	6275.9	271.181	18.5522
XM_044378872.2	8540	8360.9	0.00144569	7.42394e-05
XM_044378873.2	6446	6266.9	3.55409	0.243494
XM_044378875.2	2525	2345.9	0	0
XM_044378876.2	6443	6263.9	38.2216	2.61985
XM_044378879.1	1840	1660.9	0	0
XM_044378880.1	1794	1614.9	0	0
XM_044378881.2	1706	1526.9	0	0
XM_044378883.2	6381	6201.9	0.0791161	0.00547713
XM_044378887.2	7107	6927.9	0	0
XM_044378890.1	480	301.247	0	0
XM_044378892.2	6356	6176.9	3.69267	0.256675
XM_044378893.2	5708	5528.9	0	0
XM_044378894.2	6354	6174.9	33.0771	2.29991
XM_044378897.2	317	144.768	0	0
XM_044378898.2	2485	2305.9	0	0
XM_044378899.2	2425	2245.9	0	0
XM_044378901.2	2327	2147.9	0	0
XM_044378902.2	644	464.98	110.567	102.095
XM_044378903.2	11118	10938.9	19.4968	0.76525
XM_044378904.2	6329	6149.9	0.000823247	5.74745e-05
XM_044378905.2	6302	6122.9	0	0
XM_044378908.2	2391	2211.9	0	0
XM_044378909.2	6284	6104.9	0	0
XM_044378910.2	3089	2909.9	0	0
XM_044378911.1	4143	3963.9	2	0.216631
XM_044378912.2	6279	6099.9	0.000791132	5.56851e-05
XM_044378914.2	2507	2327.9	0.958433	0.176771
XM_044378915.2	1226	1046.9	0	0
XM_044378916.2	6260	6080.9	44.2283	3.12281
XM_044378917.2	6218	6038.9	5.40956e-07	3.84607e-08
XM_044378918.2	1472	1292.9	54.8204	18.2049
XM_044378919.2	10736	10556.9	20.5842	0.837163
XM_044378920.1	1025	845.905	0	0
XM_044378921.1	464	285.306	0	0
XM_044378922.2	4428	4248.9	0	0
XM_044378924.2	6073	5893.9	0	0
XM_044378925.2	4714	4534.9	15.0877	1.42846
XM_044378926.2	6122	5942.9	3.93164	0.284046
XM_044378927.2	6122	5942.9	0.0301711	0.00217974
XM_044378929.2	7357	7177.9	0	0
XM_044378930.2	6119	5939.9	0	0
XM_044378933.2	519	340.091	0	0
XM_044378934.2	6113	5933.9	0.000260286	1.88332e-05
XM_044378935.2	6029	5849.9	0.24246	0.0177953
XM_044378941.2	6019	5839.9	0.00246661	0.000181346
XM_044378943.2	2906	2726.9	0	0
XM_044378945.2	4365	4185.9	23.0275	2.36195
XM_044378946.2	1757	1577.9	0	0
XM_044378947.2	1610	1430.9	0	0
XM_044378948.2	8415	8235.9	0	0
XM_044378949.2	8411	8231.9	0	0
XM_044378950.2	7602	7422.9	2.6259e-06	1.51886e-07
XM_044378954.2	6549	6369.9	0	0
XM_044378955.2	4672	4492.9	1.29791	0.124031
XM_044378956.2	2664	2484.9	3	0.518352
XM_044378957.2	10943	10763.9	4	0.159552
XM_044378961.2	2696	2516.9	0	0
XM_044378963.2	5531	5351.9	21	1.68471
XM_044378965.2	2612	2432.9	5.93377	1.04717
XM_044378966.2	2260	2080.9	0	0
XM_044378967.2	2730	2550.9	0	0
XM_044378968.2	2294	2114.9	0	0
XM_044378969.2	2202	2022.9	10.0661	2.13648
XM_044378970.2	2676	2496.9	0	0
XM_044378971.2	5503	5323.9	0.0044265	0.00035698
XM_044378972.2	5500	5320.9	0.00923664	0.000745319
XM_044378976.2	4213	4033.9	0	0
XM_044378978.2	4049	3869.9	0	0
XM_044378979.2	3923	3743.9	0	0
XM_044378981.2	3963	3783.9	0	0
XM_044378982.2	3951	3771.9	14.0128	1.59506
XM_044378983.2	3967	3787.9	87.2858	9.89368
XM_044378984.2	3866	3686.9	4.32955	0.50419
XM_044378985.2	3792	3612.9	6.52247	0.775121
XM_044378986.2	1329	1149.9	2.61914	0.977935
XM_044378988.2	3600	3420.9	8.18517	1.02731
XM_044378989.2	5111	4931.9	50.7017	4.41389
XM_044378991.2	3383	3203.9	1	0.134009
XM_044378993.2	6193	6013.9	0	0
XM_044378994.2	2894	2714.9	15.7698	2.49394
XM_044378995.2	5965	5785.9	102.196	7.58359
XM_044378996.2	3543	3363.9	0	0
XM_044378997.2	3745	3565.9	0	0
XM_044378998.2	10423	10243.9	130.066	5.45145
XM_044378999.2	10451	10271.9	0.334001	0.0139608
XM_044379000.2	10320	10140.9	0	0
XM_044379001.2	10391	10211.9	0	0
XM_044379002.2	10419	10239.9	71.7153	3.00697
XM_044379003.2	10337	10157.9	0	0
XM_044379004.2	10253	10073.9	70.1151	2.98832
XM_044379005.2	1058	878.905	14.2237	6.9484
XM_044379007.2	957	777.905	0	0
XM_044379008.2	645	465.98	0	0
XM_044379011.2	437	258.603	12.35	20.5043
XM_044379013.2	11197	11017.9	0	0
XM_044379014.2	11144	10964.9	0	0
XM_044379015.2	8507	8327.9	0	0
XM_044379017.2	7653	7473.9	5.66205	0.325267
XM_044379018.2	2065	1885.9	0	0
XM_044379019.2	2054	1874.9	0	0
XM_044379021.2	4104	3924.9	0	0
XM_044379022.2	2388	2208.9	0	0
XM_044379023.2	1062	882.905	0	0
XM_044379024.2	1861	1681.9	0	0
XM_044379025.2	9970	9790.9	0	0
XM_044379026.2	557	378.018	10.8301	12.3007
XM_044379027.2	10609	10429.9	28.3604	1.16747
XM_044379028.2	648	468.98	0	0
XM_044379029.2	1604	1424.9	0	0
XM_044379030.2	1308	1128.9	13.7137	5.21567
XM_044379031.2	3130	2950.9	0	0
XM_044379032.2	3136	2956.9	0	0
XM_044379033.2	3134	2954.9	0	0
XM_044379034.2	5123	4943.9	0	0
XM_044379035.2	3520	3340.9	11.5522	1.48461
XM_044379036.2	10868	10688.9	29.9752	1.20404
XM_044379041.2	8151	7971.9	3177.64	171.142
XM_044379042.2	4477	4297.9	7	0.699286
XM_044379043.2	2658	2478.9	3.76279	0.651724
XM_044379044.2	3765	3585.9	12.9405	1.5494
XM_044379045.2	13508	13328.9	0	0
XM_044379046.2	11278	11098.9	0	0
XM_044379050.2	1540	1360.9	0	0
XM_044379051.2	5800	5620.9	0	0
XM_044379052.2	5728	5548.9	0	0
XM_044379053.2	5724	5544.9	0	0
XM_044379054.2	5680	5500.9	29	2.26348
XM_044379055.2	5415	5235.9	46.8552	3.8422
XM_044379056.2	5664	5484.9	69.1447	5.41257
XM_044379057.2	5644	5464.9	0	0
XM_044379058.2	2680	2500.9	16.6343	2.85575
XM_044379059.2	5999	5819.9	0	0
XM_044379060.2	4875	4695.9	3.61686	0.330694
XM_044379061.2	1503	1323.9	25.2563	8.1908
XM_044379063.2	335	161.043	0	0
XM_044379065.2	2185	2005.9	0	0
XM_044379067.2	7423	7243.9	175	10.3724
XM_044379068.2	981	801.905	0	0
XM_044379071.2	1404	1224.9	0	0
XM_044379072.1	1848	1668.9	0	0
XM_044379073.1	1089	909.905	0	0
XM_044379074.2	3071	2891.9	0	0
XM_044379075.2	2442	2262.9	0	0
XM_044379076.2	1555	1375.9	0	0
XM_044379080.2	7972	7792.9	4.84935	0.267176
XM_044379081.2	5354	5174.9	14.6315	1.21394
XM_044379082.2	2017	1837.9	0	0
XM_044379083.2	4783	4603.9	3.43377e-06	3.20228e-07
XM_044379088.2	2852	2672.9	0	0
XM_044379089.2	7405	7225.9	0	0
XM_044379090.2	7399	7219.9	0	0
XM_044379091.2	7114	6934.9	0	0
XM_044379092.2	5802	5622.9	48	3.66517
XM_044379093.2	10172	9992.9	0	0
XM_044379094.2	9263	9083.9	0	0
XM_044379095.2	1455	1275.9	0	0
XM_044379096.2	2759	2579.9	23.1344	3.85007
XM_044379097.2	3396	3216.9	15.3628	2.05043
XM_044379098.2	1204	1024.9	3.87801	1.62457
XM_044379099.2	1302	1122.9	89.7435	34.3142
XM_044379104.2	5836	5656.9	2.48724	0.188778
XM_044379105.2	1930	1750.9	15.2667	3.74367
XM_044379106.2	5045	4865.9	1.2949	0.114258
XM_044379111.2	5623	5443.9	0.00381776	0.000301101
XM_044379113.2	5485	5305.9	17.9537	1.45281
XM_044379114.2	12083	11903.9	501.989	18.1058
XM_044379116.2	5477	5297.9	37.2917	3.02219
XM_044379117.2	6174	5994.9	0	0
XM_044379118.2	5328	5148.9	1.57823e-07	1.31604e-08
XM_044379124.2	11935	11755.9	3.04685e-08	1.11278e-09
XM_044379125.2	4074	3894.9	5.01515e-06	5.52841e-07
XM_044379127.2	4056	3876.9	0.00211624	0.000234366
XM_044379128.2	4008	3828.9	0	0
XM_044379129.2	3984	3804.9	0	0
XM_044379130.2	3981	3801.9	0	0
XM_044379131.2	3966	3786.9	0	0
XM_044379133.2	2627	2447.9	18.5873	3.26013
XM_044379135.2	1408	1228.9	3	1.04813
XM_044379137.2	5116	4936.9	4	0.347871
XM_044379140.2	1705	1525.9	24.7558	6.96567
XM_044379141.2	1583	1403.9	3.24419	0.992161
XM_044379144.2	1005	825.905	2	1.03971
XM_044379146.2	6281	6101.9	0	0
XM_044379147.2	1317	1137.9	99.0385	37.369
XM_044379148.2	2178	1998.9	0.434229	0.0932696
XM_044379151.2	2173	1993.9	11.4066	2.45621
XM_044379153.2	2577	2397.9	0	0
XM_044379154.2	2800	2620.9	0	0
XM_044379156.2	3098	2918.9	4	0.588374
XM_044379157.2	2439	2259.9	0	0
XM_044379158.2	1488	1308.9	0	0
XM_044379159.2	3484	3304.9	0	0
XM_044379160.2	1908	1728.9	0	0
XM_044379161.2	9000	8820.9	0	0
XM_044379162.1	2373	2193.9	0	0
XM_044379163.2	849	669.98	10.7032	6.85905
XM_044379164.2	2205	2025.9	34	7.20565
XM_044379166.2	713	533.98	0	0
XM_044379167.2	6725	6545.9	48.9671	3.2118
XM_044379168.2	1996	1816.9	41.8596	9.89182
XM_044379169.2	6394	6214.9	0	0
XM_044379171.2	2773	2593.9	0	0
XM_044379172.2	7684	7504.9	0	0
XM_044379173.2	6408	6228.9	0	0
XM_044379174.2	1284	1104.9	0	0
XM_044379175.2	7918	7738.9	0	0
XM_044379176.2	7826	7646.9	0	0
XM_044379177.2	7441	7261.9	11.3362	0.67024
XM_044379178.2	6376	6196.9	0	0
XM_044379179.1	1718	1538.9	1	0.278998
XM_044379180.2	335	161.043	12.6652	33.7662
XM_044379181.2	1403	1223.9	0	0
XM_044379182.2	1347	1167.9	3	1.10288
XM_044379183.2	4148	3968.9	0	0
XM_044379185.2	831	651.98	0	0
XM_044379187.2	1157	977.905	28818.2	12652.7
XM_044379188.2	1741	1561.9	96.5408	26.5381
XM_044379189.2	951	771.905	309.51	172.157
XM_044379190.2	1742	1562.9	46.5861	12.7978
XM_044379191.2	951	771.905	0	0
XM_044379192.2	1029	849.905	23.9725	12.1103
XM_044379193.2	1051	871.905	0	0
XM_044379194.2	8875	8695.9	0	0
XM_044379195.2	9934	9754.9	3.63311	0.159908
XM_044379198.2	2530	2350.9	3	0.547898
XM_044379199.2	7026	6846.9	0	0
XM_044379200.2	7023	6843.9	0	0
XM_044379201.2	6834	6654.9	37.5793	2.42449
XM_044379202.2	6777	6597.9	0	0
XM_044379203.2	6209	6029.9	0	0
XM_044379204.2	1315	1135.9	0	0
XM_044379205.2	4013	3833.9	0	0
XM_044379206.2	4039	3859.9	0	0
XM_044379207.2	4002	3822.9	0	0
XM_044379208.2	4154	3974.9	0	0
XM_044379209.2	3954	3774.9	0	0
XM_044379210.2	6372	6192.9	0	0
XM_044379211.2	6106	5926.9	37	2.68032
XM_044379214.2	9185	9005.9	5.5167	0.263006
XM_044379215.2	8234	8054.9	11.1022	0.591784
XM_044379216.2	5646	5466.9	0	0
XM_044379217.2	1719	1539.9	6	1.6729
XM_044379218.2	2268	2088.9	0	0
XM_044379219.2	1485	1305.9	0	0
XM_044379220.2	622	442.98	18.4813	17.9127
XM_044379228.2	5895	5715.9	531	39.8862
XM_044379235.2	2158	1978.9	0	0
XM_044379240.2	7085	6905.9	0	0
XM_044379241.2	7997	7817.9	0	0
XM_044379242.2	6818	6638.9	4	0.258688
XM_044379247.1	1053	873.905	0	0
XM_044379253.2	6775	6595.9	0	0
XM_044379254.2	5817	5637.9	4.68307	0.356637
XM_044379255.2	7123	6943.9	5.31693	0.328753
XM_044379256.2	6436	6256.9	0	0
XM_044379257.2	4969	4789.9	0	0
XM_044379258.2	1250	1070.9	2	0.801849
XM_044379259.2	2548	2368.9	17.3357	3.142
XM_044379260.2	2566	2386.9	0	0
XM_044379261.2	1813	1633.9	0	0
XM_044379262.2	5844	5664.9	0	0
XM_044379263.2	3694	3514.9	24.9983	3.05359
XM_044379264.2	7615	7435.9	0	0
XM_044379265.2	6917	6737.9	2.75129	0.175317
XM_044379268.2	22526	22346.9	0	0
XM_044379269.2	16770	16590.9	11.3454	0.293604
XM_044379270.2	16858	16678.9	0.0113929	0.000293279
XM_044379271.2	22369	22189.9	0	0
XM_044379272.2	15835	15655.9	0	0
XM_044379273.2	21552	21372.9	0	0
XM_044379274.2	15850	15670.9	0	0
XM_044379275.2	2174	1994.9	5.56742	1.19824
XM_044379276.2	2675	2495.9	0	0
XM_044379278.2	6742	6562.9	0	0
XM_044379279.2	6624	6444.9	0	0
XM_044379280.2	6509	6329.9	40.5116	2.74787
XM_044379281.2	6549	6369.9	0	0
XM_044379282.2	6112	5932.9	9.35717	0.677159
XM_044379283.2	1518	1338.9	0	0
XM_044379285.2	1421	1241.9	57.0595	19.7266
XM_044379286.2	1346	1166.9	503.843	185.384
XM_044379287.2	1212	1032.9	42.4367	17.6399
XM_044379288.2	4245	4065.9	0	0
XM_044379289.2	4048	3868.9	0	0
XM_044379290.2	4044	3864.9	0	0
XM_044379291.2	4174	3994.9	0	0
XM_044379292.2	4095	3915.9	0	0
XM_044379293.2	3834	3654.9	35.2912	4.14576
XM_044379295.2	1432	1252.9	1.01344	0.34729
XM_044379296.2	1419	1239.9	1275.62	441.719
XM_044379297.2	1495	1315.9	233.255	76.1063
XM_044379298.2	1500	1320.9	517.536	168.222
XM_044379299.2	1396	1216.9	279.176	98.4997
XM_044379300.2	10556	10376.9	44.7282	1.85066
XM_044379307.2	19260	19080.9	0	0
XM_044379308.2	13583	13403.9	0	0
XM_044379310.2	3447	3267.9	21.5881	2.83634
XM_044379312.2	4470	4290.9	0	0
XM_044379313.2	6160	5980.9	18.5773	1.33361
XM_044379314.2	3846	3666.9	0	0
XM_044379315.2	2367	2187.9	0	0
XM_044379316.2	2190	2010.9	0	0
XM_044379317.2	1664	1484.9	0	0
XM_044379318.2	2848	2668.9	0	0
XM_044379320.2	7449	7269.9	0	0
XM_044379321.2	7446	7266.9	0.0052709	0.000311421
XM_044379322.2	7387	7207.9	0	0
XM_044379323.2	7350	7170.9	0	0
XM_044379324.2	228	75.9499	0	0
XM_044379328.2	5597	5417.9	12.9069	1.02283
XM_044379329.2	5669	5489.9	0	0
XM_044379330.2	3287	3107.9	0	0
XM_044379333.2	2166	1986.9	0	0
XM_044379334.2	2054	1874.9	0	0
XM_044379335.2	2119	1939.9	6.48438	1.43516
XM_044379336.2	3586	3406.9	7.01161	0.883632
XM_044379337.2	8153	7973.9	6.30663e-05	3.39578e-06
XM_044379338.2	4198	4018.9	0	0
XM_044379339.1	829	649.98	0	0
XM_044379340.1	198	57.8864	0	0
XM_044379341.2	2555	2375.9	24.6309	4.45107
XM_044379343.2	3988	3808.9	0	0
XM_044379344.2	4003	3823.9	38.374	4.30867
XM_044379345.2	3955	3775.9	0	0
XM_044379346.2	3928	3748.9	0	0
XM_044379347.2	3925	3745.9	0	0
XM_044379348.2	3889	3709.9	0	0
XM_044379349.2	3871	3691.9	0	0
XM_044379350.2	3868	3688.9	8.50616e-08	9.90033e-09
XM_044379351.2	3835	3655.9	0	0
XM_044379352.2	3775	3595.9	0	0
XM_044379353.2	3691	3511.9	29.8006	3.64331
XM_044379354.2	3676	3496.9	9.9588	1.22275
XM_044379355.2	3658	3478.9	0	0
XM_044379356.2	3613	3433.9	0	0
XM_044379357.2	3559	3379.9	2.47267	0.314105
XM_044379358.2	3553	3373.9	0	0
XM_044379359.2	3520	3340.9	0	0
XM_044379360.2	3436	3256.9	0	0
XM_044379361.2	3403	3223.9	0	0
XM_044379362.2	3808	3628.9	97.5058	11.5363
XM_044379363.2	6602	6422.9	0	0
XM_044379364.2	6463	6283.9	4.40173e-05	3.00751e-06
XM_044379368.2	3164	2984.9	0	0
XM_044379378.2	2899	2719.9	0	0
XM_044379381.2	4035	3855.9	20.5203	2.28492
XM_044379382.2	1649	1469.9	8.91103	2.60287
XM_044379383.2	4981	4801.9	7.89337	0.705769
XM_044379385.2	2350	2170.9	0	0
XM_044379386.2	3634	3454.9	0	0
XM_044379387.2	10565	10385.9	0	0
XM_044379388.2	2289	2109.9	0	0
XM_044379389.2	7816	7636.9	0	0
XM_044379391.2	7715	7535.9	0	0
XM_044379392.1	670	490.98	0	0
XM_044379393.2	2934	2754.9	0	0
XM_044379394.2	2953	2773.9	0	0
XM_044379398.2	7005	6825.9	14.5405	0.914601
XM_044379400.2	1502	1322.9	4.10224	1.33139
XM_044379401.2	939	759.905	2.93059	1.65581
XM_044379403.2	4661	4481.9	3	0.28739
XM_044379404.2	3425	3245.9	27	3.57142
XM_044379405.2	5623	5443.9	1	0.0788684
XM_044379408.2	4524	4344.9	0	0
XM_044379409.2	4900	4720.9	0	0
XM_044379410.2	4242	4062.9	3	0.317028
XM_044379411.2	5198	5018.9	0	0
XM_044379412.2	5091	4911.9	0	0
XM_044379414.2	4982	4802.9	1.28868	0.115201
XM_044379415.2	5231	5051.9	0	0
XM_044379416.2	5149	4969.9	5.09694	0.440327
XM_044379418.2	3158	2978.9	0	0
XM_044379420.2	3092	2912.9	0	0
XM_044379421.2	3086	2906.9	0	0
XM_044379425.2	5290	5110.9	0	0
XM_044379427.2	5630	5450.9	0	0
XM_044379431.2	1602	1422.9	0	0
XM_044379432.2	1429	1249.9	0	0
XM_044379433.2	4792	4612.9	0	0
XM_044379434.2	957	777.905	0	0
XM_044379435.2	918	738.98	0	0
XM_044379436.2	1740	1560.9	0	0
XM_044379437.2	1843	1663.9	0	0
XM_044379438.2	1751	1571.9	23	6.28225
XM_044379439.2	1743	1563.9	0	0
XM_044379440.2	1678	1498.9	0	0
XM_044379441.2	1561	1381.9	0	0
XM_044379442.1	473	294.277	0	0
XM_044379443.2	3875	3695.9	0	0
XM_044379444.2	3811	3631.9	7.75347	0.91659
XM_044379445.2	3676	3496.9	0	0
XM_044379446.2	3379	3199.9	16.8136	2.25599
XM_044379447.2	4481	4301.9	0	0
XM_044379448.2	6454	6274.9	0	0
XM_044379449.2	6559	6379.9	0	0
XM_044379450.2	6434	6254.9	0	0
XM_044379452.2	9781	9601.9	8.26313e-06	3.69488e-07
XM_044379453.2	9549	9369.9	0	0
XM_044379454.2	2651	2471.9	0	0
XM_044379456.2	5216	5036.9	2.64948e-07	2.25845e-08
XM_044379457.2	5039	4859.9	0	0
XM_044379458.2	5147	4967.9	17.4074	1.50444
XM_044379459.2	5230	5050.9	0	0
XM_044379460.2	7039	6859.9	0	0
XM_044379461.2	6916	6736.9	0	0
XM_044379463.2	5000	4820.9	0	0
XM_044379469.2	4657	4477.9	0	0
XM_044379470.2	4791	4611.9	0	0
XM_044379471.2	5541	5361.9	1	0.0800745
XM_044379472.2	1209	1029.9	0	0
XM_044379474.2	3324	3144.9	79.621	10.8701
XM_044379476.2	9075	8895.9	0	0
XM_044379477.1	626	446.98	0	0
XM_044379478.1	165	41.6333	0	0
XM_044379479.2	873	693.98	0	0
XM_044379480.1	3558	3378.9	2	0.254137
XM_044379481.1	441	262.525	1	1.63547
XM_044379483.2	4380	4200.9	2	0.204409
XM_044379484.2	3466	3286.9	0	0
XM_044379485.1	4437	4257.9	28.0619	2.82967
XM_044379486.2	3412	3232.9	0	0
XM_044379487.2	3799	3619.9	0	0
XM_044379488.2	13988	13808.9	4.91729	0.15289
XM_044379490.2	2797	2617.9	0	0
XM_044379491.2	2161	1981.9	1	0.216636
XM_044379492.2	6270	6090.9	0	0
XM_044379493.2	6258	6078.9	22.1105	1.56166
XM_044379494.2	3004	2824.9	0	0
XM_044379495.2	6272	6092.9	0	0
XM_044379496.2	5288	5108.9	1.32304e-08	1.11188e-09
XM_044379497.2	5518	5338.9	84.8418	6.82293
XM_044379499.2	3561	3381.9	0	0
XM_044379500.2	1742	1562.9	0	0
XM_044379501.2	1700	1520.9	1.78614	0.504227
XM_044379502.2	3555	3375.9	0	0
XM_044379503.2	3851	3671.9	0	0
XM_044379504.2	3808	3628.9	0	0
XM_044379505.2	3700	3520.9	4.09916	0.499866
XM_044379506.2	3447	3267.9	0	0
XM_044379507.2	9042	8862.9	0	0
XM_044379509.2	25547	25367.9	8.76764	0.148392
XM_044379510.2	8439	8259.9	14.1622	0.736157
XM_044379511.2	8914	8734.9	0	0
XM_044379512.2	3441	3261.9	0	0
XM_044379513.2	8930	8750.9	0	0
XM_044379514.2	8821	8641.9	0	0
XM_044379515.2	8364	8184.9	0	0
XM_044379517.2	8895	8715.9	0	0
XM_044379519.2	9836	9656.9	0	0
XM_044379520.2	8779	8599.9	24.5352	1.22492
XM_044379521.2	8867	8687.9	0	0
XM_044379523.2	8945	8765.9	4.03029	0.197403
XM_044379524.2	8425	8245.9	0	0
XM_044379525.2	1512	1332.9	0	0
XM_044379527.2	1531	1351.9	0	0
XM_044379531.2	2716	2536.9	0	0
XM_044379533.2	5240	5060.9	0	0
XM_044379535.2	1781	1601.9	0	0
XM_044379536.2	799	619.98	0	0
XM_044379539.2	2028	1848.9	22	5.10883
XM_044379541.2	1204	1024.9	0	0
XM_044379542.2	3451	3271.9	66	8.66077
XM_044379546.2	5985	5805.9	0.117214	0.00866807
XM_044379547.2	6086	5906.9	942.638	68.517
XM_044379548.2	5929	5749.9	0.00284868	0.000212714
XM_044379549.2	5710	5530.9	0	0
XM_044379551.2	2054	1874.9	0	0
XM_044379552.2	1866	1686.9	9.16375	2.33236
XM_044379553.2	2147	1967.9	0	0
XM_044379554.2	2031	1851.9	0	0
XM_044379555.2	5884	5704.9	0	0
XM_044379557.2	2404	2224.9	19.2296	3.71084
XM_044379558.2	2611	2431.9	26.0139	4.59274
XM_044379559.2	2606	2426.9	0	0
XM_044379561.2	5265	5085.9	6.40828	0.540987
XM_044379562.2	2109	1929.9	16.6136	3.69608
XM_044379563.2	1630	1450.9	0	0
XM_044379564.2	4395	4215.9	1.42912	0.145543
XM_044379565.2	1570	1390.9	46	14.1995
XM_044379566.2	3167	2987.9	4.14378	0.595447
XM_044379567.2	3094	2914.9	11.0839	1.6326
XM_044379568.2	1754	1574.9	0	0
XM_044379569.2	3341	3161.9	1.22442e-05	1.66263e-06
XM_044379570.2	3824	3644.9	9.42963	1.11076
XM_044379571.2	3175	2995.9	14	2.00638
XM_044379572.2	1584	1404.9	0	0
XM_044379574.2	669	489.98	5.44168	4.76835
XM_044379576.2	3041	2861.9	0	0
XM_044379577.2	2977	2797.9	5.30772	0.814495
XM_044379578.2	3079	2899.9	0	0
XM_044379579.2	3496	3316.9	0	0
XM_044379580.2	2946	2766.9	0	0
XM_044379582.2	1947	1767.9	0	0
XM_044379584.2	8403	8223.9	7.61726	0.39768
XM_044379585.2	1480	1300.9	0	0
XM_044379586.2	1466	1286.9	0	0
XM_044379587.2	6069	5889.9	3.38274	0.246589
XM_044379588.2	2027	1847.9	0	0
XM_044379589.2	628	448.98	43.2972	41.4044
XM_044379595.2	3186	3006.9	0	0
XM_044379596.2	3527	3347.9	0	0
XM_044379597.2	363	186.702	0	0
XM_044379598.2	3388	3208.9	0	0
XM_044379599.2	2740	2560.9	2	0.335313
XM_044379600.1	846	666.98	0	0
XM_044379601.1	822	642.98	0	0
XM_044379602.1	432	253.732	0	0
XM_044379604.2	758	578.98	88.6666	65.7521
XM_044379607.2	1414	1234.9	0	0
XM_044379609.2	4508	4328.9	41.0947	4.07588
XM_044379610.2	2309	2129.9	0.00239672	0.000483138
XM_044379611.2	2376	2196.9	0	0
XM_044379612.2	3165	2985.9	0	0
XM_044379613.2	2551	2371.9	0	0
XM_044379614.2	2968	2788.9	0	0
XM_044379615.2	5237	5057.9	0	0
XM_044379616.2	3146	2966.9	0	0
XM_044379617.2	2984	2804.9	0	0
XM_044379618.2	1572	1392.9	0	0
XM_044379623.2	2573	2393.9	0	0
XM_044379624.2	1315	1135.9	1379.15	521.295
XM_044379625.2	1113	933.905	1683.17	773.819
XM_044379626.2	3602	3422.9	0	0
XM_044379627.2	594	414.98	0	0
XM_044379628.2	7460	7280.9	0	0
XM_044379629.1	654	474.98	0	0
XM_044379630.2	2743	2563.9	0	0
XM_044379631.2	1182	1002.9	0	0
XM_044379632.2	1173	993.905	0.000738793	0.000319148
XM_044379633.2	2151	1971.9	1	0.217735
XM_044379634.2	2516	2336.9	0	0
XM_044379635.2	2488	2308.9	0	0
XM_044379638.2	2060	1880.9	0	0
XM_044379639.2	2820	2640.9	9.36212	1.52207
XM_044379640.2	2010	1830.9	0	0
XM_044379641.2	2686	2506.9	0	0
XM_044379643.2	2574	2394.9	7	1.25494
XM_044379644.2	495	316.154	14.3666	19.5104
XM_044379645.2	3091	2911.9	0	0
XM_044379646.2	7043	6863.9	0	0
XM_044379648.1	267	103.51	0	0
XM_044379649.2	252	92.3911	0	0
XM_044379650.2	3421	3241.9	139	18.4089
XM_044379652.2	1103	923.905	15.1619	7.04596
XM_044379658.2	4332	4152.9	0	0
XM_044379659.2	1512	1332.9	0.999978	0.32211
XM_044379665.1	1287	1107.9	0	0
XM_044379666.2	6375	6195.9	0	0
XM_044379667.1	1165	985.905	0	0
XM_044379668.2	10851	10671.9	10.9716	0.441411
XM_044379670.2	4279	4099.9	0	0
XM_044379674.2	8785	8605.9	99.0777	4.94303
XM_044379675.2	3796	3616.9	36.0672	4.28143
XM_044379676.2	5119	4939.9	0	0
XM_044379677.2	3509	3329.9	1.97375	0.254492
XM_044379678.1	1281	1101.9	77.9356	30.3672
XM_044379679.2	7313	7133.9	0	0
XM_044379680.2	6913	6733.9	15.4483	0.98498
XM_044379681.2	6152	5972.9	26.2636	1.88791
XM_044379691.2	12422	12242.9	0	0
XM_044379692.2	12310	12130.9	0	0
XM_044379694.2	12247	12067.9	109.826	3.90737
XM_044379695.2	12247	12067.9	0	0
XM_044379696.2	8478	8298.9	77.6078	4.01512
XM_044379697.2	12237	12057.9	17.7044	0.630409
XM_044379699.2	12142	11962.9	5.94027	0.213198
XM_044379700.2	1143	963.905	0	0
XM_044379703.2	3005	2825.9	11.5599	1.75635
XM_044379705.2	2968	2788.9	40.3298	6.20877
XM_044379707.2	3130	2950.9	0	0
XM_044379708.2	2019	1839.9	22	5.13382
XM_044379709.2	910	730.98	0	0
XM_044379711.2	13929	13749.9	0.0819527	0.00255904
XM_044379712.2	13156	12976.9	99.977	3.30782
XM_044379713.2	13229	13049.9	39.2366	1.29092
XM_044379714.2	14094	13914.9	10.1096	0.311937
XM_044379715.2	4388	4208.9	0	0
XM_044379716.2	2866	2686.9	40.9592	6.54505
XM_044379717.2	7871	7691.9	71.1613	3.97213
XM_044379718.2	7794	7614.9	0.0514075	0.00289851
XM_044379719.2	2922	2742.9	0	0
XM_044379730.2	2842	2662.9	0	0
XM_044379732.2	21847	21667.9	0.428436	0.00848951
XM_044379733.2	9690	9510.9	10.6519	0.480858
XM_044379734.1	2898	2718.9	0	0
XM_044379740.1	2862	2682.9	0	0
XM_044379743.2	3462	3282.9	0	0
XM_044379744.2	2954	2774.9	0	0
XM_044379745.2	3065	2885.9	0	0
XM_044379748.2	3118	2938.9	11.9536	1.74633
XM_044379750.1	2583	2403.9	0	0
XM_044379757.2	4626	4446.9	0	0
XM_044379758.2	4593	4413.9	0	0
XM_044379759.2	4325	4145.9	18	1.86409
XM_044379760.1	390	212.589	0	0
XM_044379764.1	390	212.589	0	0
XM_044379765.2	4001	3821.9	61.9402	6.95835
XM_044379766.2	6250	6070.9	0	0
XM_044379767.2	2580	2400.9	10.3487	1.85065
XM_044379768.2	2063	1883.9	2590	590.275
XM_044379771.2	2760	2580.9	176	29.2789
XM_044379772.2	2742	2562.9	0	0
XM_044379774.2	4355	4175.9	0	0
XM_044379775.2	2575	2395.9	0	0
XM_044379776.2	2459	2279.9	0	0
XM_044379778.2	5924	5744.9	2.07333	0.154953
XM_044379779.2	1319	1139.9	6.06332	2.28379
XM_044379780.2	1386	1206.9	0	0
XM_044379781.2	969	789.905	0	0
XM_044379783.2	1465	1285.9	0	0
XM_044379784.2	1139	959.905	0	0
XM_044379785.2	1074	894.905	34.0354	16.3293
XM_044379786.2	793	613.98	77.1306	53.9369
XM_044379787.2	715	535.98	0	0
XM_044379788.1	552	373.018	0	0
XM_044379789.2	29115	28935.9	0	0
XM_044379790.2	26545	26365.9	0	0
XM_044379791.2	28995	28815.9	0	0
XM_044379792.2	29113	28933.9	0	0
XM_044379793.2	29054	28874.9	0	0
XM_044379794.2	29032	28852.9	0.000695702	1.03525e-05
XM_044379795.2	28698	28518.9	0	0
XM_044379796.2	3389	3209.9	88.8931	11.8902
XM_044379797.2	924	744.98	0	0
XM_044379798.1	871	691.98	0	0
XM_044379799.1	1068	888.905	0	0
XM_044379800.1	1044	864.905	0	0
XM_044379801.2	437	258.603	0	0
XM_044379804.2	1429	1249.9	0	0
XM_044379805.2	1228	1048.9	0	0
XM_044379806.2	5570	5390.9	0	0
XM_044379807.2	1211	1031.9	0	0
XM_044379809.2	2386	2206.9	0	0
XM_044379811.1	4789	4609.9	0.269082	0.0250615
XM_044379812.1	4786	4606.9	0.629265	0.0586459
XM_044379813.1	4786	4606.9	0.629265	0.0586459
XM_044379814.1	4783	4603.9	1.47239	0.137312
XM_044379815.2	1695	1515.9	0	0
XM_044379816.2	2768	2588.9	2	0.331686
XM_044379817.2	3248	3068.9	1	0.139904
XM_044379819.2	8979	8799.9	0.370191	0.0180618
XM_044379820.2	1389	1209.9	0	0
XM_044379821.2	1324	1144.9	14.1749	5.31574
XM_044379822.2	8315	8135.9	0	0
XM_044379823.2	8265	8085.9	0	0
XM_044379824.2	954	774.905	0	0
XM_044379828.2	2113	1933.9	14.5238	3.22447
XM_044379829.2	2013	1833.9	0	0
XM_044379830.2	1826	1646.9	7.3951	1.92792
XM_044379832.2	1721	1541.9	0	0
XM_044379833.2	1691	1511.9	0	0
XM_044379834.2	1400	1220.9	9.12576	3.20923
XM_044379835.2	2795	2615.9	0	0
XM_044379836.2	2840	2660.9	0	0
XM_044379837.1	1263	1083.9	0	0
XM_044379838.2	2696	2516.9	0	0
XM_044379839.2	2719	2539.9	0	0
XM_044379840.2	2300	2120.9	0	0
XM_044379844.2	1639	1459.9	0	0
XM_044379845.1	2169	1989.9	0	0
XM_044379846.2	4373	4193.9	0	0
XM_044379847.2	2727	2547.9	0	0
XM_044379849.2	3373	3193.9	0	0
XM_044379850.2	1879	1699.9	5.01162	1.26581
XM_044379851.2	8855	8675.9	0	0
XM_044379852.2	4147	3967.9	231.206	25.0179
XM_044379854.2	4121	3941.9	0	0
XM_044379855.2	2092	1912.9	1	0.22445
XM_044379856.2	7507	7327.9	176	10.3121
XM_044379857.2	2160	1980.9	0	0
XM_044379861.2	7760	7580.9	0	0
XM_044379863.2	5920	5740.9	73.6693	5.5096
XM_044379864.2	5836	5656.9	0	0
XM_044379865.2	5800	5620.9	22.3307	1.70573
XM_044379866.2	6692	6512.9	0	0
XM_044379868.2	4263	4083.9	0	0
XM_044379869.2	4119	3939.9	4.6494	0.506669
XM_044379871.2	2790	2610.9	10.9228	1.7962
XM_044379872.2	2773	2593.9	0	0
XM_044379873.2	3433	3253.9	1.14323	0.150848
XM_044379874.2	936	756.98	0	0
XM_044379875.1	693	513.98	0	0
XM_044379877.1	318	145.693	0	0
XM_044379880.2	4422	4242.9	0.73858	0.0747391
XM_044379881.2	22481	22301.9	0	0
XM_044379882.1	785	605.98	3.41889	2.42237
XM_044379883.2	3692	3512.9	0	0
XM_044379884.1	1185	1005.9	0	0
XM_044379889.2	8232	8052.9	0	0
XM_044379890.2	7975	7795.9	0.201221	0.011082
XM_044379891.2	9131	8951.9	0	0
XM_044379892.2	9154	8974.9	0	0
XM_044379893.2	10977	10797.9	0	0
XM_044379894.2	3468	3288.9	0	0
XM_044379895.2	3270	3090.9	0	0
XM_044379896.2	3261	3081.9	0	0
XM_044379897.2	3150	2970.9	0	0
XM_044379898.2	3141	2961.9	0	0
XM_044379899.2	2565	2385.9	0	0
XM_044379900.2	1210	1030.9	0	0
XM_044379901.2	1271	1091.9	0	0
XM_044379902.2	825	645.98	0	0
XM_044379903.1	891	711.98	0	0
XM_044379904.2	1703	1523.9	4.6187	1.30129
XM_044379905.1	412	234.096	0	0
XM_044379906.2	2828	2648.9	0	0
XM_044379907.1	1359	1179.9	0	0
XM_044379908.2	3146	2966.9	0	0
XM_044379910.2	1817	1637.9	0	0
XM_044379911.2	2173	1993.9	0	0
XM_044379912.2	1676	1496.9	0	0
XM_044379913.2	2180	2000.9	0	0
XM_044379917.1	2253	2073.9	0	0
XM_044379918.2	1526	1346.9	1	0.318769
XM_044379922.2	1758	1578.9	0	0
XM_044379923.2	2077	1897.9	0	0
XM_044379924.2	1997	1817.9	2.65197	0.62634
XM_044379926.2	3615	3435.9	9.4393	1.17954
XM_044379927.2	3439	3259.9	0	0
XM_044379929.2	1051	871.905	0	0
XM_044379933.2	589	409.98	0	0
XM_044379935.2	1597	1417.9	2.77827	0.841281
XM_044379936.2	987	807.905	0	0
XM_044379938.2	1842	1662.9	6.07405	1.56828
XM_044379939.2	3152	2972.9	0	0
XM_044379940.2	3135	2955.9	0	0
XM_044379941.2	1772	1592.9	0	0
XM_044379942.2	8233	8053.9	27.9027	1.48749
XM_044379943.2	1304	1124.9	0	0
XM_044379944.2	8248	8068.9	1.34517e-06	7.15775e-08
XM_044379945.2	8692	8512.9	0	0
XM_044379946.2	2835	2655.9	0	0
XM_044379947.2	2724	2544.9	0	0
XM_044379948.2	1943	1763.9	0	0
XM_044379949.2	2650	2470.9	0	0
XM_044379950.1	570	390.98	1	1.09814
XM_044379951.2	1069	889.905	5	2.41235
XM_044379952.2	2755	2575.9	2	0.33336
XM_044379953.2	8158	7978.9	30.6658	1.65015
XM_044379954.2	7045	6865.9	0	0
XM_044379955.2	7742	7562.9	0	0
XM_044379956.2	2910	2730.9	0	0
XM_044379957.2	6011	5831.9	0	0
XM_044379960.2	3548	3368.9	4	0.509782
XM_044379961.2	874	694.98	0	0
XM_044379963.2	3004	2824.9	0	0
XM_044379964.2	4523	4343.9	2.45619	0.24277
XM_044379965.2	2472	2292.9	0.236745	0.0443311
XM_044379966.2	5570	5390.9	0	0
XM_044379967.2	6024	5844.9	0	0
XM_044379969.2	6076	5896.9	0	0
XM_044379971.2	5328	5148.9	15.8942	1.32537
XM_044379981.2	11295	11115.9	103.984	4.01637
XM_044379984.2	11293	11113.9	0	0
XM_044379985.2	11271	11091.9	0	0
XM_044379986.2	11266	11086.9	0	0
XM_044379987.2	7847	7667.9	0	0
XM_044379988.2	2962	2782.9	0	0
XM_044379989.2	2606	2426.9	2.34841	0.415466
XM_044379990.2	2875	2695.9	0	0
XM_044379991.2	1527	1347.9	7.07966	2.25511
XM_044379992.2	2477	2297.9	0	0
XM_044379995.1	954	774.905	0	0
XM_044379996.2	3391	3211.9	19	2.53983
XM_044379997.2	2198	2018.9	2	0.425332
XM_044379998.2	1927	1747.9	0	0
XM_044379999.2	1449	1269.9	8.01044	2.70831
XM_044380000.2	1774	1594.9	0.0572009	0.0153986
XM_044380003.1	3567	3387.9	2	0.253462
XM_044380004.2	1868	1688.9	0	0
XM_044380005.2	1677	1497.9	0	0
XM_044380006.2	2586	2406.9	134.06	23.9141
XM_044380007.2	2463	2283.9	0.0298507	0.00561164
XM_044380009.2	1784	1604.9	0	0
XM_044380011.2	1007	827.905	1.73566e-05	9.00117e-06
XM_044380012.2	1341	1161.9	25.0917	9.27198
XM_044380013.2	1761	1581.9	152.373	41.3561
XM_044380014.2	2747	2567.9	62.0963	10.3825
XM_044380016.2	1971	1791.9	1	0.239606
XM_044380018.2	423	244.832	0	0
XM_044380019.2	1286	1106.9	0	0
XM_044380020.2	6537	6357.9	0	0
XM_044380021.2	3694	3514.9	0	0
XM_044380022.2	2517	2337.9	1.99999	0.367295
XM_044380023.2	8012	7832.9	0.0104	0.000570064
XM_044380025.2	3396	3216.9	0	0
XM_044380026.2	2939	2759.9	0	0
XM_044380028.2	4406	4226.9	12.773	1.29743
XM_044380029.2	2754	2574.9	14.6685	2.4459
XM_044380031.2	1836	1656.9	11.129	2.88385
XM_044380032.2	2359	2179.9	0	0
XM_044380033.2	4019	3839.9	2.02571	0.226501
XM_044380034.2	5523	5343.9	0	0
XM_044380035.1	1275	1095.9	0	0
XM_044380036.2	3211	3031.9	0	0
XM_044380037.2	2985	2805.9	0	0
XM_044380038.2	2999	2819.9	11	1.67483
XM_044380039.2	3018	2838.9	0	0
XM_044380040.2	2999	2819.9	0	0
XM_044380042.2	2056	1876.9	1	0.228755
XM_044380047.2	1901	1721.9	0	0
XM_044380050.2	870	690.98	0	0
XM_044380052.1	904	724.98	55.9587	33.1402
XM_044380053.1	1490	1310.9	0	0
XM_044380054.2	618	438.98	0	0
XM_044380055.1	378	200.901	0	0
XM_044380056.1	599	419.98	0	0
XM_044380057.2	783	603.98	0	0
XM_044380058.2	1179	999.905	0	0
XM_044380059.2	1065	885.905	0	0
XM_044380062.1	698	518.98	0	0
XM_044380065.2	3210	3030.9	0	0
XM_044380066.2	18228	18048.9	0	0
XM_044380068.2	3144	2964.9	0	0
XM_044380069.2	8022	7842.9	0	0
XM_044380070.2	8001	7821.9	0	0
XM_044380072.2	3007	2827.9	0.00136542	0.000207307
XM_044380073.2	3100	2920.9	0	0
XM_044380074.2	7926	7746.9	0.0215774	0.00119587
XM_044380075.2	7907	7727.9	0.00087588	4.86627e-05
XM_044380076.2	7860	7680.9	6.16871e-07	3.44823e-08
XM_044380077.2	2941	2761.9	0	0
XM_044380084.2	967	787.905	20650.5	11253.1
XM_044380085.2	934	754.98	8758.46	4980.87
XM_044380086.1	746	566.98	176	133.278
XM_044380089.2	5015	4835.9	0	0
XM_044380090.2	4048	3868.9	55.3008	6.13701
XM_044380091.2	4436	4256.9	0	0
XM_044380093.2	5010	4830.9	10.4595	0.929599
XM_044380094.2	4899	4719.9	0	0
XM_044380095.2	4189	4009.9	0	0
XM_044380096.2	3860	3680.9	0	0
XM_044380097.2	3729	3549.9	0	0
XM_044380098.2	1987	1807.9	1	0.237486
XM_044380099.2	1784	1604.9	0	0
XM_044380100.2	1011	831.905	0	0
XM_044380101.2	1944	1764.9	1	0.243272
XM_044380102.2	1691	1511.9	0	0
XM_044380103.2	2450	2270.9	0	0
XM_044380106.2	978	798.905	0	0
XM_044380109.2	1476	1296.9	0	0
XM_044380110.1	1017	837.905	0	0
XM_044380111.2	3453	3273.9	0	0
XM_044380112.2	979	799.905	1	0.536754
XM_044380113.1	774	594.98	0	0
XM_044380114.2	571	391.98	0	0
XM_044380115.2	3532	3352.9	57	7.29906
XM_044380116.2	1843	1663.9	2.6456	0.682667
XM_044380138.2	1251	1071.9	0	0
XM_044380139.2	948	768.905	1	0.558394
XM_044380140.2	431	252.732	1	1.69884
XM_044380141.2	930	750.98	0	0
XM_044380142.2	8949	8769.9	11.9772	0.586375
XM_044380143.2	1085	905.905	0	0
XM_044380144.2	17728	17548.9	0	0
XM_044380145.2	16802	16622.9	0	0
XM_044380146.2	16714	16534.9	3.50048e-07	9.0895e-09
XM_044380147.2	16487	16307.9	1.53777e-06	4.04863e-08
XM_044380148.2	16708	16528.9	0	0
XM_044380149.2	16549	16369.9	0	0
XM_044380150.2	16357	16177.9	8.94427e-07	2.37376e-08
XM_044380151.2	16594	16414.9	0	0
XM_044380152.2	16575	16395.9	58.5683	1.5337
XM_044380153.2	16522	16342.9	4.52285e-07	1.18822e-08
XM_044380154.2	16219	16039.9	0	0
XM_044380155.2	9120	8940.9	27.4171	1.3166
XM_044380156.2	1030	850.905	12.3605	6.23689
XM_044380159.2	4032	3852.9	0	0
XM_044380160.2	5308	5128.9	0	0
XM_044380163.2	5514	5334.9	139	11.1867
XM_044380167.2	3280	3100.9	31.262	4.32854
XM_044380168.2	2065	1885.9	0	0
XM_044380169.2	2709	2529.9	0	0
XM_044380170.1	2872	2692.9	1.07245	0.17099
XM_044380171.2	2799	2619.9	1.16864	0.191518
XM_044380173.2	2906	2726.9	20.8365	3.28072
XM_044380177.2	1454	1274.9	0	0
XM_044380178.2	7489	7309.9	0	0
XM_044380180.2	8597	8417.9	0	0
XM_044380182.2	8594	8414.9	0	0
XM_044380184.2	3595	3415.9	0	0
XM_044380187.2	3102	2922.9	54.9444	8.07091
XM_044380188.2	3133	2953.9	0.0376799	0.00547679
XM_044380190.2	1281	1101.9	0	0
XM_044380191.2	5859	5679.9	0	0
XM_044380192.2	7114	6934.9	0	0
XM_044380193.2	3998	3818.9	0	0
XM_044380195.2	3644	3464.9	0	0
XM_044380196.2	3757	3577.9	0	0
XM_044380197.2	3677	3497.9	0	0
XM_044380198.2	9537	9357.9	0	0
XM_044380202.2	9375	9195.9	666	31.0952
XM_044380203.1	1662	1482.9	0	0
XM_044380204.2	1950	1770.9	0	0
XM_044380205.2	1798	1618.9	0	0
XM_044380206.2	1747	1567.9	0	0
XM_044380207.2	2020	1840.9	9	2.09906
XM_044380208.2	1702	1522.9	19.8939	5.60868
XM_044380209.2	4273	4093.9	45.2323	4.74378
XM_044380210.2	9382	9202.9	0	0
XM_044380211.2	2111	1931.9	0	0
XM_044380212.2	2107	1927.9	0	0
XM_044380213.2	2091	1911.9	2.40443	0.539957
XM_044380214.2	2023	1843.9	0	0
XM_044380215.2	2019	1839.9	0	0
XM_044380217.2	5165	4985.9	0	0
XM_044380218.2	5135	4955.9	0	0
XM_044380219.2	5120	4940.9	38.4084	3.33759
XM_044380220.2	5109	4929.9	7.99441	0.696244
XM_044380221.2	4859	4679.9	0	0
XM_044380222.2	2397	2217.9	0	0
XM_044380223.2	2252	2072.9	12.9305	2.67823
XM_044380224.2	1089	909.905	0	0
XM_044380225.2	1820	1640.9	4.52224	1.18327
XM_044380226.2	6095	5915.9	0	0
XM_044380227.2	6062	5882.9	0	0
XM_044380228.2	1822	1642.9	0	0
XM_044380229.2	8444	8264.9	45	2.3377
XM_044380230.2	5391	5211.9	0	0
XM_044380231.2	5360	5180.9	0	0
XM_044380239.2	7442	7262.9	0	0
XM_044380240.2	7119	6939.9	0	0
XM_044380242.2	4939	4759.9	18.0639	1.6294
XM_044380243.2	898	718.98	1415	844.993
XM_044380246.2	5802	5622.9	0	0
XM_044380247.2	5751	5571.9	29.6328	2.2834
XM_044380248.2	5905	5725.9	12.6382	0.947663
XM_044380249.2	5828	5648.9	0	0
XM_044380251.2	15420	15240.9	13.3561	0.376256
XM_044380252.2	14960	14780.9	0	0
XM_044380253.2	14892	14712.9	0.000276357	8.06464e-06
XM_044380254.2	15008	14828.9	633.731	18.3489
XM_044380255.2	14935	14755.9	7.23405	0.210489
XM_044380256.2	14819	14639.9	1192.29	34.9668
XM_044380257.2	14798	14618.9	1.77145e-05	5.20267e-07
XM_044380258.2	14782	14602.9	7.39546e-05	2.1744e-06
XM_044380259.2	14767	14587.9	0.00156019	4.59195e-05
XM_044380260.2	14894	14714.9	3861.36	112.667
XM_044380261.2	14879	14699.9	145.29	4.24359
XM_044380262.2	2748	2568.9	1	0.167134
XM_044380263.1	2017	1837.9	99.1204	23.1555
XM_044380264.2	1827	1647.9	0	0
XM_044380267.2	4400	4220.9	0	0
XM_044380268.2	2216	2036.9	0	0
XM_044380269.2	2088	1908.9	0	0
XM_044380276.2	2206	2026.9	17.9431	3.80083
XM_044380277.2	2774	2594.9	0	0
XM_044380278.2	3685	3505.9	3	0.367396
XM_044380279.2	3508	3328.9	0	0
XM_044380281.2	2293	2113.9	4.99823	1.01518
XM_044380282.2	7276	7096.9	0	0
XM_044380283.2	1450	1270.9	15.097	5.10024
XM_044380288.2	8542	8362.9	0	0
XM_044380289.2	2810	2630.9	0	0
XM_044380290.2	1966	1786.9	0	0
XM_044380291.2	2080	1900.9	0	0
XM_044380292.2	1478	1298.9	2.99881	0.991256
XM_044380293.2	2561	2381.9	0	0
XM_044380295.2	3422	3242.9	31.6531	4.19079
XM_044380296.2	3050	2870.9	0	0
XM_044380297.2	1928	1748.9	0	0
XM_044380298.2	1780	1600.9	0	0
XM_044380299.2	1983	1803.9	0	0
XM_044380300.2	3929	3749.9	28.8694	3.30545
XM_044380302.2	2296	2116.9	0	0
XM_044380303.2	821	641.98	1.59889	1.06933
XM_044380304.2	3260	3080.9	0	0
XM_044380307.2	22493	22313.9	17.4267	0.335314
XM_044380308.2	8695	8515.9	789.274	39.7933
XM_044380309.2	10073	9893.9	0	0
XM_044380310.2	9774	9594.9	0	0
XM_044380311.2	9730	9550.9	0	0
XM_044380312.2	11061	10881.9	31.6472	1.24866
XM_044380314.2	1341	1161.9	12.5281	4.62945
XM_044380315.2	8299	8119.9	44.9998	2.37943
XM_044380316.2	8375	8195.9	0.000236169	1.2372e-05
XM_044380317.2	10477	10297.9	0	0
XM_044380318.2	10702	10522.9	0	0
XM_044380320.1	1919	1739.9	0	0
XM_044380321.2	6519	6339.9	0	0
XM_044380322.2	6474	6294.9	0	0
XM_044380323.2	6506	6326.9	0	0
XM_044380324.2	22523	22343.9	0.000343382	6.59829e-06
XM_044380325.2	1691	1511.9	0	0
XM_044380326.2	1912	1732.9	4.46823e-06	1.10707e-06
XM_044380328.2	4098	3918.9	6.61091e-05	7.24286e-06
XM_044380329.2	6700	6520.9	9	0.592581
XM_044380330.1	1776	1596.9	1	0.268865
XM_044380331.2	10922	10742.9	104.068	4.15917
XM_044380333.2	3763	3583.9	7.04825	0.84438
XM_044380335.2	4088	3908.9	65.0849	7.14889
XM_044380336.2	2710	2530.9	2.13948	0.36295
XM_044380337.2	2133	1953.9	0.840979	0.184797
XM_044380339.2	4009	3829.9	0.734213	0.082309
XM_044380340.2	3919	3739.9	9.16542	1.05222
XM_044380341.2	6813	6633.9	0	0
XM_044380343.2	4956	4776.9	2.08477e-07	1.87381e-08
XM_044380345.2	1742	1562.9	0	0
XM_044380346.2	1570	1390.9	2.96273	0.914551
XM_044380347.2	2574	2394.9	0	0
XM_044380348.2	2262	2082.9	0	0
XM_044380366.2	1982	1802.9	4.64515	1.10622
XM_044380369.2	4806	4626.9	0	0
XM_044380370.2	4803	4623.9	0	0
XM_044380371.2	2921	2741.9	0	0
XM_044380372.2	2135	1955.9	0	0
XM_044380373.2	2132	1952.9	0	0
XM_044380375.2	4080	3900.9	4.279	0.470967
XM_044380377.2	1975	1795.9	313.918	75.0492
XM_044380378.2	1950	1770.9	45.4217	11.0124
XM_044380379.2	1872	1692.9	160.042	40.5895
XM_044380380.2	3968	3788.9	2.38148	0.269865
XM_044380381.2	3990	3810.9	1	0.112664
XM_044380382.2	2714	2534.9	0	0
XM_044380384.2	3723	3543.9	1.5	0.181728
XM_044380385.2	1044	864.905	0	0
XM_044380387.2	3843	3663.9	28.7857	3.37323
XM_044380390.2	5926	5746.9	0	0
XM_044380394.2	4159	3979.9	0	0
XM_044380396.2	4089	3909.9	0	0
XM_044380397.2	4701	4521.9	0	0
XM_044380398.2	4047	3867.9	0	0
XM_044380399.2	4212	4032.9	0	0
XM_044380401.2	4681	4501.9	0	0
XM_044380402.2	4659	4479.9	0	0
XM_044380403.2	4159	3979.9	5.40827	0.583444
XM_044380404.2	4009	3829.9	0	0
XM_044380405.2	4620	4440.9	0	0
XM_044380406.2	5654	5474.9	0	0
XM_044380410.2	2261	2081.9	2	0.412461
XM_044380412.2	2269	2089.9	5.35666	1.10048
XM_044380414.2	590	410.98	0	0
XM_044380416.2	4836	4656.9	84	7.74454
XM_044380419.2	5780	5600.9	36	2.75967
XM_044380425.2	9405	9225.9	6.63973	0.308997
XM_044380427.2	6626	6446.9	3.37674	0.224885
XM_044380431.2	948	768.905	0	0
XM_044380432.2	858	678.98	0	0
XM_044380433.2	2947	2767.9	0	0
XM_044380434.2	2534	2354.9	0	0
XM_044380436.2	2959	2779.9	0	0
XM_044380437.2	2787	2607.9	23.1236	3.80695
XM_044380438.2	423	244.832	0	0
XM_044380441.2	3750	3570.9	6.72097	0.808104
XM_044380445.2	8967	8787.9	0	0
XM_044380446.2	8225	8045.9	0	0
XM_044380447.2	15606	15426.9	2.19247	0.0610194
XM_044380448.2	8723	8543.9	55.7093	2.79953
XM_044380451.2	4937	4757.9	0	0
XM_044380452.2	2851	2671.9	2.41698	0.388388
XM_044380455.2	9365	9185.9	225	10.5166
XM_044380464.2	6286	6106.9	0	0
XM_044380466.2	11460	11280.9	29.934	1.13929
XM_044380469.2	6247	6067.9	0	0
XM_044380471.2	6217	6037.9	0	0
XM_044380472.2	480	301.247	0	0
XM_044380473.2	6178	5998.9	0	0
XM_044380474.2	6114	5934.9	17.9195	1.29636
XM_044380475.2	2843	2663.9	6	0.967043
XM_044380476.2	3028	2848.9	0	0
XM_044380477.2	5340	5160.9	0	0
XM_044380478.2	2253	2073.9	0	0
XM_044380479.2	4773	4593.9	0	0
XM_044380480.2	4705	4525.9	0	0
XM_044380483.2	1117	937.905	0	0
XM_044380484.2	939	759.905	0	0
XM_044380491.2	7395	7215.9	9.73128e-06	5.79019e-07
XM_044380492.2	7399	7219.9	0	0
XM_044380493.2	7071	6891.9	2.50727e-06	1.56198e-07
XM_044380494.2	2109	1929.9	0	0
XM_044380495.2	2078	1898.9	0	0
XM_044380496.2	857	677.98	2.23054	1.41256
XM_044380497.2	795	615.98	0	0
XM_044380498.2	4294	4114.9	0.000142509	1.48695e-05
XM_044380499.2	4724	4544.9	0	0
XM_044380500.2	4292	4112.9	0.000268766	2.80568e-05
XM_044380505.2	6775	6595.9	0	0
XM_044380506.2	3994	3814.9	0	0
XM_044380512.2	920	740.98	0	0
XM_044380513.2	5106	4926.9	0	0
XM_044380514.2	5079	4899.9	0	0
XM_044380515.2	5005	4825.9	0	0
XM_044380516.2	4112	3932.9	0	0
XM_044380517.2	4318	4138.9	0	0
XM_044380518.2	814	634.98	0	0
XM_044380519.2	731	551.98	0	0
XM_044380520.2	4067	3887.9	0	0
XM_044380521.1	1038	858.905	0	0
XM_044380522.2	11404	11224.9	0	0
XM_044380523.2	11275	11095.9	0	0
XM_044380524.2	11612	11432.9	0	0
XM_044380525.2	11215	11035.9	0	0
XM_044380526.2	4040	3860.9	0	0
XM_044380527.2	11104	10924.9	0	0
XM_044380528.2	10742	10562.9	0	0
XM_044380529.2	11200	11020.9	0	0
XM_044380530.2	4034	3854.9	0	0
XM_044380531.2	7254	7074.9	0	0
XM_044380532.2	1063	883.905	1	0.485745
XM_044380533.2	3988	3808.9	0	0
XM_044380536.2	4429	4249.9	17.3082	1.74859
XM_044380537.2	3926	3746.9	0	0
XM_044380539.2	3914	3734.9	0	0
XM_044380543.2	3854	3674.9	0	0
XM_044380546.2	3517	3337.9	48.639	6.25639
XM_044380547.2	4472	4292.9	470	47.0067
XM_044380550.2	3319	3139.9	0	0
XM_044380554.2	2899	2719.9	0	0
XM_044380555.2	1549	1369.9	0	0
XM_044380556.2	1550	1370.9	1	0.313189
XM_044380557.1	750	570.98	0	0
XM_044380558.1	573	393.98	0	0
XM_044380559.2	2853	2673.9	25.1432	4.03728
XM_044380560.2	1077	897.905	0	0
XM_044380561.2	557	378.018	2	2.27159
XM_044380562.2	1310	1130.9	85	32.2706
XM_044380563.2	4616	4436.9	0	0
XM_044380569.2	5046	4866.9	0	0
XM_044380570.2	3889	3709.9	28.527	3.30147
XM_044380580.2	2120	1940.9	423.826	93.7555
XM_044380581.2	4846	4666.9	3	0.275998
XM_044380582.2	614	434.98	0	0
XM_044380585.2	474	295.277	0	0
XM_044380586.1	459	280.391	0	0
XM_044380587.2	459	280.391	0	0
XM_044380588.2	3510	3330.9	5.83932	0.752685
XM_044380589.2	3004	2824.9	0	0
XM_044380590.2	2921	2741.9	11	1.72248
XM_044380591.2	3033	2853.9	0.0602848	0.00906946
XM_044380592.2	3027	2847.9	0.939715	0.141672
XM_044380593.2	2840	2660.9	0	0
XM_044380594.2	2834	2654.9	0	0
XM_044380595.2	12177	11997.9	0	0
XM_044380596.2	8489	8309.9	7.59856e-07	3.92599e-08
XM_044380597.2	1341	1161.9	0	0
XM_044380598.2	381	203.84	0	0
XM_044380599.2	715	535.98	1	0.801059
XM_044380603.2	4626	4446.9	9.56688e-05	9.23689e-06
XM_044380604.2	5100	4920.9	0	0
XM_044380605.2	4906	4726.9	0	0
XM_044380606.2	4538	4358.9	69.3169	6.82771
XM_044380607.2	4172	3992.9	1.16999e-08	1.25808e-09
XM_044380617.2	4728	4548.9	0	0
XM_044380618.2	5149	4969.9	15.0872	1.30339
XM_044380619.2	4399	4219.9	0	0
XM_044380620.2	4158	3978.9	10	1.07907
XM_044380621.2	11096	10916.9	0	0
XM_044380623.2	6535	6355.9	2.00083	0.13516
XM_044380624.2	11084	10904.9	0	0
XM_044380625.2	7462	7282.9	34	2.00442
XM_044380626.2	15724	15544.9	0	0
XM_044380627.2	13074	12894.9	0	0
XM_044380628.2	11018	10838.9	0	0
XM_044380629.2	2060	1880.9	0	0
XM_044380632.2	10937	10757.9	0	0
XM_044380634.2	1729	1549.9	2.3699e-08	6.56506e-09
XM_044380635.2	10697	10517.9	0	0
XM_044380636.2	3030	2850.9	0	0
XM_044380637.2	3522	3342.9	0	0
XM_044380638.2	10291	10111.9	0	0
XM_044380639.2	3507	3327.9	0	0
XM_044380640.2	8910	8730.9	8.52326e-08	4.19141e-09
XM_044380641.2	8844	8664.9	122	6.04517
XM_044380642.2	8130	7950.9	0	0
XM_044380645.2	1360	1180.9	0	0
XM_044380652.2	5182	5002.9	0	0
XM_044380654.1	802	622.98	0	0
XM_044380655.2	727	547.98	8.84987	6.93403
XM_044380660.2	15715	15535.9	0	0
XM_044380663.2	558	379.018	0	0
XM_044380667.2	4854	4674.9	6	0.551051
XM_044380668.1	753	573.98	0	0
XM_044380673.2	1592	1412.9	2.94228	0.894097
XM_044380674.2	1499	1319.9	4.36276	1.41916
XM_044380675.2	2232	2052.9	2.09896	0.438985
XM_044380676.2	1212	1032.9	4.13299	1.71798
XM_044380677.2	1236	1056.9	0	0
XM_044380681.2	15189	15009.9	6.89486	0.197225
XM_044380682.2	12081	11901.9	19.1051	0.689203
XM_044380684.2	2479	2299.9	0	0
XM_044380685.2	5492	5312.9	0	0
XM_044380687.2	2502	2322.9	0	0
XM_044380689.2	15715	15535.9	0	0
XM_044380692.1	549	370.056	0	0
XM_044380694.1	900	720.98	0	0
XM_044380695.1	820	640.98	0	0
XM_044380698.2	5641	5461.9	1.26475	0.0994198
XM_044380702.2	2454	2274.9	1	0.188734
XM_044380703.2	2335	2155.9	0	0
XM_044380705.2	6376	6196.9	0	0
XM_044380706.2	2369	2189.9	0	0
XM_044380707.2	2111	1931.9	8.02888	1.78436
XM_044380708.2	1823	1643.9	0	0
XM_044380709.2	2080	1900.9	0	0
XM_044380710.2	1890	1710.9	1.57447	0.395114
XM_044380711.2	5714	5534.9	3.77864e-08	2.93115e-09
XM_044380712.2	5709	5529.9	1.22899e-07	9.54211e-09
XM_044380713.2	4230	4050.9	14.0618	1.4904
XM_044380714.2	4198	4018.9	0	0
XM_044380715.2	2716	2536.9	40.5637	6.8651
XM_044380716.2	2459	2279.9	0	0
XM_044380717.2	5711	5531.9	7.66669e-08	5.9504e-09
XM_044380719.2	5145	4965.9	0	0
XM_044380723.2	2820	2640.9	28.5218	4.637
XM_044380724.2	15712	15532.9	0	0
XM_044380727.2	4111	3931.9	0	0
XM_044380728.2	1179	999.905	7.71369	3.3122
XM_044380729.2	2275	2095.9	0	0
XM_044380730.2	6165	5985.9	4.7376	0.339815
XM_044380731.2	2949	2769.9	0	0
XM_044380732.2	3683	3503.9	0	0
XM_044380733.2	3735	3555.9	0	0
XM_044380735.2	3998	3818.9	0	0
XM_044380736.2	3638	3458.9	0	0
XM_044380737.2	4788	4608.9	0	0
XM_044380738.2	3574	3394.9	0	0
XM_044380739.2	4285	4105.9	0	0
XM_044380740.2	6785	6605.9	20.476	1.33084
XM_044380741.2	7059	6879.9	15.7776	0.984627
XM_044380742.2	6699	6519.9	0	0
XM_044380743.1	417	238.977	0	0
XM_044380745.2	5382	5202.9	0	0
XM_044380746.2	6693	6513.9	84	5.5367
XM_044380748.2	9286	9106.9	0	0
XM_044380749.2	5619	5439.9	0	0
XM_044380750.2	1292	1112.9	118.321	45.6475
XM_044380751.2	1676	1496.9	0	0
XM_044380752.2	1632	1452.9	0	0
XM_044380753.2	8546	8366.9	0	0
XM_044380757.2	1802	1622.9	0	0
XM_044380758.2	6283	6103.9	0	0
XM_044380760.2	2390	2210.9	0	0
XM_044380762.2	4803	4623.9	0	0
XM_044380763.2	4785	4605.9	0	0
XM_044380764.2	6350	6170.9	0	0
XM_044380765.2	3220	3040.9	0	0
XM_044380766.2	2805	2625.9	0	0
XM_044380767.2	2787	2607.9	0	0
XM_044380769.2	4195	4015.9	15.0587	1.60997
XM_044380771.2	2495	2315.9	1.80179	0.334039
XM_044380772.2	6506	6326.9	0	0
XM_044380773.2	5407	5227.9	2	0.164254
XM_044380775.2	2310	2130.9	0	0
XM_044380776.2	2848	2668.9	36.0952	5.8067
XM_044380777.2	2801	2621.9	0	0
XM_044380779.2	2046	1866.9	0.305043	0.0701541
XM_044380780.2	6591	6411.9	0	0
XM_044380782.2	1798	1618.9	1	0.265211
XM_044380785.2	1704	1524.9	0	0
XM_044380786.2	4168	3988.9	0	0
XM_044380787.2	5705	5525.9	0	0
XM_044380788.2	1143	963.905	0	0
XM_044380789.2	5658	5478.9	1.77388	0.139009
XM_044380792.2	3272	3092.9	82.1715	11.4069
XM_044380793.2	1563	1383.9	0	0
XM_044380804.2	4826	4646.9	409	37.7897
XM_044380805.2	15541	15361.9	0	0
XM_044380806.2	3013	2833.9	0	0
XM_044380807.2	2878	2698.9	974.489	155.025
XM_044380809.2	3633	3453.9	1877.75	233.421
XM_044380810.2	8884	8704.9	0	0
XM_044380811.2	11036	10856.9	30.9092	1.22235
XM_044380812.2	12056	11876.9	86.6136	3.1311
XM_044380813.2	11037	10857.9	0	0
XM_044380816.1	2545	2365.9	0.00523558	0.000950126
XM_044380817.1	369	192.396	0	0
XM_044380819.2	3470	3290.9	0	0
XM_044380820.2	3435	3255.9	0	0
XM_044380821.2	3285	3105.9	0	0
XM_044380822.2	3174	2994.9	2.28627	0.327762
XM_044380824.2	7482	7302.9	0	0
XM_044380825.2	7302	7122.9	0	0
XM_044380829.2	6587	6407.9	0	0
XM_044380830.2	6632	6452.9	0	0
XM_044380831.2	6582	6402.9	0	0
XM_044380832.2	6446	6266.9	0	0
XM_044380836.2	6504	6324.9	0	0
XM_044380837.2	15529	15349.9	0	0
XM_044380838.1	1116	936.905	0	0
XM_044380839.2	504	325.091	0	0
XM_044380840.2	4967	4787.9	23.3631	2.09507
XM_044380843.2	4794	4614.9	19.5776	1.82142
XM_044380844.2	4512	4332.9	0.00126199	0.000125052
XM_044380846.2	4304	4124.9	11.421	1.18879
XM_044380847.2	15450	15270.9	0	0
XM_044380848.2	3501	3321.9	0	0
XM_044380849.2	3609	3429.9	0	0
XM_044380850.2	2475	2295.9	0	0
XM_044380861.2	945	765.905	0	0
XM_044380873.2	15267	15087.9	0	0
XM_044380874.2	7754	7574.9	0	0
XM_044380875.2	815	635.98	2	1.35021
XM_044380877.2	8543	8363.9	14.1031	0.723968
XM_044380882.2	954	774.905	0	0
XM_044380883.2	3293	3113.9	0	0
XM_044380884.2	3238	3058.9	0	0
XM_044380885.2	13683	13503.9	0	0
XM_044380886.2	3215	3035.9	0	0
XM_044380888.2	3153	2973.9	0	0
XM_044380889.2	15258	15078.9	0	0
XM_044380891.2	3152	2972.9	0	0
XM_044380893.2	1135	955.905	0	0
XM_044380895.2	4449	4269.9	13.0732	1.31455
XM_044380896.1	612	432.98	0	0
XM_044380897.2	4447	4267.9	0	0
XM_044380898.2	4406	4226.9	6.92676	0.703592
XM_044380899.2	4279	4099.9	0	0
XM_044380901.2	2371	2191.9	0	0
XM_044380902.2	2368	2188.9	0	0
XM_044380904.2	567	387.98	0	0
XM_044380905.2	4461	4281.9	0	0
XM_044380906.2	15255	15075.9	0	0
XM_044380907.2	7642	7462.9	4.52274e-07	2.602e-08
XM_044380912.2	7652	7472.9	7.8792e-08	4.52695e-09
XM_044380913.2	7555	7375.9	2.00099	0.116477
XM_044380914.2	4249	4069.9	0.996855	0.105163
XM_044380916.2	6727	6547.9	0	0
XM_044380917.2	3071	2891.9	0	0
XM_044380918.1	2227	2047.9	0	0
XM_044380919.2	3399	3219.9	0	0
XM_044380920.2	3289	3109.9	0	0
XM_044380921.2	3047	2867.9	0	0
XM_044380923.2	3019	2839.9	0	0
XM_044380924.2	2945	2765.9	0	0
XM_044380942.2	9622	9442.9	17.6156	0.80095
XM_044380943.2	6473	6293.9	52.9293	3.61069
XM_044380948.2	5566	5386.9	227.772	18.1541
XM_044380950.2	1269	1089.9	0	0
XM_044380956.1	1776	1596.9	0	0
XM_044380957.2	600	420.98	0	0
XM_044380961.2	582	402.98	0	0
XM_044380966.2	7227	7047.9	9	0.548272
XM_044380967.2	654	474.98	0	0
XM_044380968.2	6672	6492.9	0	0
XM_044380971.2	2469	2289.9	0	0
XM_044380974.2	2809	2629.9	0	0
XM_044380980.2	2943	2763.9	0	0
XM_044380982.2	3159	2979.9	0	0
XM_044380984.2	2936	2756.9	0	0
XM_044380991.2	2813	2633.9	0	0
XM_044380993.1	1440	1260.9	0	0
XM_044380994.1	804	624.98	0	0
XM_044380998.2	13076	12896.9	148.453	4.94217
XM_044380999.2	7154	6974.9	10	0.615567
XM_044381000.2	13074	12894.9	0	0
XM_044381002.2	1797	1617.9	0	0
XM_044381004.2	13070	12890.9	109.553	3.64884
XM_044381009.2	13028	12848.9	0	0
XM_044381013.2	2927	2747.9	0	0
XM_044381014.2	13022	12842.9	0	0
XM_044381015.2	2958	2778.9	0	0
XM_044381017.2	13004	12824.9	30.9936	1.0376
XM_044381019.2	1767	1587.9	0	0
XM_044381021.2	4613	4433.9	0	0
XM_044381022.2	4706	4526.9	0	0
XM_044381024.2	7770	7590.9	0	0
XM_044381025.2	3219	3039.9	107.819	15.2282
XM_044381027.1	1187	1007.9	0	0
XM_044381028.2	1269	1089.9	0	0
XM_044381030.2	378	200.901	0	0
XM_044381033.2	966	786.905	0	0
XM_044381034.2	219	70.0428	0	0
XM_044381037.2	434	255.706	0	0
XM_044381045.2	10617	10437.9	7.41688	0.305085
XM_044381048.2	1096	916.905	0	0
XM_044381049.2	10111	9931.9	0	0
XM_044381054.2	4887	4707.9	0	0
XM_044381058.2	7765	7585.9	0	0
XM_044381059.2	6983	6803.9	0	0
XM_044381061.2	6698	6518.9	0	0
XM_044381063.1	273	108.399	0	0
XM_044381064.1	273	108.399	0	0
XM_044381065.2	3280	3100.9	0	0
XM_044381075.2	2777	2597.9	4	0.661074
XM_044381077.2	7558	7378.9	0	0
XM_044381078.2	1011	831.905	0	0
XM_044381084.2	1864	1684.9	140.187	35.7228
XM_044381087.2	1340	1160.9	0	0
XM_044381090.2	749	569.98	0	0
XM_044381093.2	4712	4532.9	0	0
XM_044381094.2	957	777.905	0	0
XM_044381099.2	933	753.98	0	0
XM_044381105.2	6331	6151.9	317	22.124
XM_044381109.2	588	408.98	1	1.04981
XM_044381110.2	9567	9387.9	43.7752	2.00204
XM_044381116.2	2018	1838.9	0	0
XM_044381118.2	1635	1455.9	16.9159	4.98856
XM_044381119.2	1618	1438.9	0	0
XM_044381120.2	1664	1484.9	0	0
XM_044381121.2	1601	1421.9	0	0
XM_044381123.2	10899	10719.9	504.883	20.2215
XM_044381124.2	10809	10629.9	0	0
XM_044381125.2	10761	10581.9	0	0
XM_044381126.2	10252	10072.9	58.5601	2.49609
XM_044381127.2	10289	10109.9	0.48933	0.0207811
XM_044381128.2	8869	8689.9	0	0
XM_044381129.2	8420	8240.9	319.22	16.6314
XM_044381131.2	3781	3601.9	116.847	13.9283
XM_044381132.2	3032	2852.9	47.5586	7.15741
XM_044381133.2	2240	2060.9	0	0
XM_044381134.2	2000	1820.9	68.7014	16.1991
XM_044381135.2	2156	1976.9	4.43803	0.963868
XM_044381137.2	2988	2808.9	0.000169402	2.58938e-05
XM_044381138.2	2280	2100.9	6.77354	1.38428
XM_044381139.2	2604	2424.9	12.3249	2.18223
XM_044381140.2	2550	2370.9	0	0
XM_044381141.2	2408	2228.9	3	0.577887
XM_044381142.2	1955	1775.9	0	0
XM_044381143.2	3823	3643.9	9.74228	1.14791
XM_044381144.2	3894	3714.9	0.123265	0.0142464
XM_044381145.2	3891	3711.9	0.353763	0.0409193
XM_044381146.2	1342	1162.9	0.398601	0.147166
XM_044381147.2	3695	3515.9	0	0
XM_044381148.2	3516	3336.9	0	0
XM_044381149.2	10542	10362.9	0	0
XM_044381150.2	5291	5111.9	0	0
XM_044381151.2	5305	5125.9	0	0
XM_044381152.2	5288	5108.9	0	0
XM_044381153.2	3445	3265.9	0	0
XM_044381154.2	2922	2742.9	0	0
XM_044381155.2	2513	2333.9	0	0
XM_044381156.2	2043	1863.9	0	0
XM_044381158.2	1997	1817.9	0	0
XM_044381159.2	1842	1662.9	0	0
XM_044381160.2	2540	2360.9	0	0
XM_044381161.2	2289	2109.9	0	0
XM_044381162.2	2205	2025.9	0	0
XM_044381163.2	2063	1883.9	1.3928	0.317427
XM_044381165.2	3549	3369.9	0	0
XM_044381167.2	9396	9216.9	46.0429	2.14482
XM_044381169.2	2740	2560.9	0	0
XM_044381170.2	2737	2557.9	0	0
XM_044381171.2	4014	3834.9	11.158	1.24923
XM_044381173.2	3464	3284.9	0	0
XM_044381174.2	3399	3219.9	0	0
XM_044381177.2	2802	2622.9	0	0
XM_044381178.2	2744	2564.9	0	0
XM_044381179.2	2704	2524.9	0	0
XM_044381180.2	10654	10474.9	0	0
XM_044381181.2	10612	10432.9	0	0
XM_044381182.2	10565	10385.9	0	0
XM_044381183.2	10446	10266.9	2.56589e-07	1.07303e-08
XM_044381184.2	8946	8766.9	0	0
XM_044381185.2	1504	1324.9	0	0
XM_044381186.2	4091	3911.9	0	0
XM_044381187.2	3885	3705.9	0	0
XM_044381188.2	3541	3361.9	0.000440975	5.63173e-05
XM_044381189.2	3468	3288.9	11.5756	1.51114
XM_044381190.2	8415	8235.9	0	0
XM_044381191.2	7330	7150.9	20	1.20083
XM_044381192.2	5635	5455.9	5	0.393475
XM_044381193.2	2053	1873.9	0	0
XM_044381194.2	2024	1844.9	0	0
XM_044381195.2	5504	5324.9	0	0
XM_044381196.2	2053	1873.9	0	0
XM_044381197.2	10484	10304.9	0	0
XM_044381198.2	10313	10133.9	0.000281363	1.19208e-05
XM_044381199.2	10376	10196.9	8.64572e-08	3.64038e-09
XM_044381200.2	10310	10130.9	0.000414068	1.75484e-05
XM_044381201.2	2442	2262.9	14.9121	2.82934
XM_044381202.2	7054	6874.9	345.495	21.5769
XM_044381203.2	3870	3690.9	10167	1182.69
XM_044381206.2	853	673.98	0	0
XM_044381207.2	584	404.98	0	0
XM_044381208.2	10348	10168.9	0	0
XM_044381216.2	7856	7676.9	1.78217	0.0996729
XM_044381217.2	14375	14195.9	3.90534	0.118116
XM_044381218.2	3470	3290.9	9.18164	1.19789
XM_044381219.2	2921	2741.9	0	0
XM_044381220.2	2924	2744.9	0	0
XM_044381222.2	3400	3220.9	7.04578	0.939215
XM_044381223.2	7370	7190.9	3.51702e-06	2.09993e-07
XM_044381224.2	7313	7133.9	0.113908	0.00685553
XM_044381225.2	7291	7111.9	6.41282	0.387148
XM_044381226.2	3490	3310.9	0	0
XM_044381227.2	13228	13048.9	5.15812e-06	1.69719e-07
XM_044381228.2	12946	12766.9	0	0
XM_044381229.2	1485	1305.9	0	0
XM_044381230.2	8292	8112.9	41.9636	2.2208
XM_044381231.2	7794	7614.9	0	0
XM_044381232.2	7707	7527.9	0	0
XM_044381233.2	694	514.98	0	0
XM_044381238.2	6424	6244.9	0	0
XM_044381239.2	6394	6214.9	43.365	2.99584
XM_044381241.2	6311	6131.9	68.1355	4.77081
XM_044381243.2	6724	6544.9	22.2589	1.4602
XM_044381244.2	6577	6397.9	0	0
XM_044381246.2	6490	6310.9	0	0
XM_044381248.2	3533	3353.9	0	0
XM_044381249.2	13276	13096.9	0	0
XM_044381250.2	8394	8214.9	3.1181	0.162968
XM_044381251.2	17002	16822.9	29.2385	0.74622
XM_044381252.2	8307	8127.9	43.8556	2.31665
XM_044381253.2	7308	7128.9	26.4568	1.59341
XM_044381256.2	1027	847.905	0	0
XM_044381269.2	6832	6652.9	60.702	3.91746
XM_044381270.2	3534	3354.9	0	0
XM_044381271.2	3680	3500.9	1	0.12264
XM_044381272.2	4897	4717.9	4.0777	0.371091
XM_044381273.2	7753	7573.9	52.1736	2.95763
XM_044381274.2	7886	7706.9	0	0
XM_044381275.2	7889	7709.9	0	0
XM_044381276.2	7774	7594.9	0	0
XM_044381277.2	7760	7580.9	0	0
XM_044381278.2	7710	7530.9	1.55649e-05	8.87388e-07
XM_044381279.2	7763	7583.9	9.32493	0.527918
XM_044381280.2	7720	7540.9	2.7547e-06	1.56843e-07
XM_044381281.2	7713	7533.9	9.25594e-06	5.2749e-07
XM_044381282.2	5539	5359.9	133.221	10.6716
XM_044381283.2	7729	7549.9	0	0
XM_044381284.2	10230	10050.9	86.4897	3.69465
XM_044381286.2	1362	1182.9	10.355	3.75848
XM_044381288.2	5070	4890.9	0	0
XM_044381289.2	6907	6727.9	29.3269	1.87154
XM_044381291.2	5613	5433.9	0	0
XM_044381294.2	5524	5344.9	0	0
XM_044381295.2	9723	9543.9	0	0
XM_044381296.2	12626	12446.9	4.36027	0.150406
XM_044381297.2	5072	4892.9	0	0
XM_044381298.2	4665	4485.9	16.6606	1.59461
XM_044381299.2	2079	1899.9	0	0
XM_044381300.2	13955	13775.9	0	0
XM_044381301.2	13820	13640.9	0	0
XM_044381302.2	13754	13574.9	38.507	1.21791
XM_044381303.2	2718	2538.9	37.1448	6.28152
XM_044381304.2	3663	3483.9	8.1759	1.00759
XM_044381306.2	2952	2772.9	0	0
XM_044381307.2	3358	3178.9	0	0
XM_044381309.2	17890	17710.9	49.0372	1.18877
XM_044381310.2	4266	4086.9	1	0.105056
XM_044381311.2	3570	3390.9	0	0
XM_044381312.2	3314	3134.9	0	0
XM_044381314.2	2226	2046.9	1	0.209757
XM_044381315.2	2880	2700.9	0	0
XM_044381316.2	922	742.98	1	0.577878
XM_044381317.2	18437	18257.9	63	1.4815
XM_044381318.2	828	648.98	0	0
XM_044381319.2	6144	5964.9	35.9393	2.5869
XM_044381321.2	2347	2167.9	17.0569	3.37811
XM_044381322.2	11283	11103.9	15.0503	0.581947
XM_044381325.2	7520	7340.9	0	0
XM_044381326.2	9992	9812.9	0	0
XM_044381327.2	18417	18237.9	0	0
XM_044381328.2	18330	18150.9	0	0
XM_044381329.2	4021	3841.9	0.193551	0.0216303
XM_044381330.2	1896	1716.9	0	0
XM_044381331.2	1218	1038.9	3.20879	1.32611
XM_044381332.2	1780	1600.9	0	0
XM_044381333.2	5753	5573.9	0	0
XM_044381334.2	5736	5556.9	0	0
XM_044381335.2	6221	6041.9	0	0
XM_044381336.2	5727	5547.9	0	0
XM_044381337.2	5704	5524.9	22.9927	1.78681
XM_044381339.2	7294	7114.9	0	0
XM_044381341.2	3514	3334.9	0	0
XM_044381345.2	2617	2437.9	10	1.76115
XM_044381347.2	3314	3134.9	8.19746	1.12271
XM_044381349.2	2733	2553.9	0	0
XM_044381350.2	5642	5462.9	3	0.235782
XM_044381352.2	7393	7213.9	72	4.28524
XM_044381353.2	5792	5612.9	0	0
XM_044381354.2	6821	6641.9	0	0
XM_044381355.2	4639	4459.9	0	0
XM_044381356.2	5750	5570.9	0	0
XM_044381357.2	6763	6583.9	0.000316794	2.06589e-05
XM_044381358.2	8155	7975.9	0	0
XM_044381359.2	6451	6271.9	22.5057	1.54066
XM_044381360.2	2767	2587.9	0	0
XM_044381361.2	2557	2377.9	51.5182	9.30208
XM_044381362.2	2864	2684.9	0	0
XM_044381365.2	15506	15326.9	0	0
XM_044381366.2	14540	14360.9	0	0
XM_044381367.2	10848	10668.9	0	0
XM_044381368.2	11094	10914.9	36.3787	1.431
XM_044381369.2	10727	10547.9	0	0
XM_044381370.2	6237	6057.9	0	0
XM_044381371.2	10788	10608.9	0	0
XM_044381372.2	6433	6253.9	0	0
XM_044381374.2	9538	9358.9	0	0
XM_044381387.2	7225	7045.9	0	0
XM_044381413.2	5211	5031.9	13.5333	1.15474
XM_044381428.2	5190	5010.9	0	0
XM_044381429.2	3679	3499.9	0	0
XM_044381431.2	10449	10269.9	0	0
XM_044381432.2	10199	10019.9	0	0
XM_044381433.2	10123	9943.9	0	0
XM_044381434.2	10108	9928.9	4.07536	0.176229
XM_044381435.2	10099	9919.9	73.2672	3.17114
XM_044381436.2	10069	9889.9	0	0
XM_044381437.2	10066	9886.9	1.76786	0.0767719
XM_044381438.2	9913	9733.9	15.3369	0.676492
XM_044381439.2	15390	15210.9	0	0
XM_044381446.2	15519	15339.9	28.8833	0.808421
XM_044381447.2	8218	8038.9	8.87868	0.474204
XM_044381448.2	8635	8455.9	0	0
XM_044381449.2	8049	7869.9	0.00131949	7.19862e-05
XM_044381452.2	5999	5819.9	0	0
XM_044381454.2	7745	7565.9	0	0
XM_044381456.2	15989	15809.9	0	0
XM_044381457.2	22547	22367.9	2.75882	0.0529555
XM_044381458.2	1714	1534.9	36.3886	10.1788
XM_044381459.2	15583	15403.9	0	0
XM_044381461.2	2501	2321.9	0	0
XM_044381462.2	15742	15562.9	0	0
XM_044381463.2	2423	2243.9	0	0
XM_044381465.2	2251	2071.9	0	0
XM_044381466.2	2209	2029.9	0	0
XM_044381470.2	15454	15274.9	0	0
XM_044381472.2	497	318.091	1	1.34978
XM_044381473.2	5972	5792.9	44.6468	3.30908
XM_044381474.2	15678	15498.9	14.5297	0.402503
XM_044381475.2	4648	4468.9	1595.79	153.316
XM_044381476.2	1394	1214.9	3.73506	1.31999
XM_044381477.2	8440	8260.9	43.6903	2.27076
XM_044381478.2	12563	12383.9	0	0
XM_044381479.2	8690	8510.9	0	0
XM_044381480.2	6050	5870.9	19.1974	1.40395
XM_044381481.2	15545	15365.9	1.14928e-05	3.21129e-07
XM_044381482.2	4150	3970.9	1.3308e-08	1.43892e-09
XM_044381483.2	4084	3904.9	41.9993	4.6179
XM_044381484.2	20219	20039.9	0	0
XM_044381485.2	13057	12877.9	182.563	6.08668
XM_044381486.2	6783	6603.9	0	0
XM_044381487.1	2383	2203.9	9.61806	1.87373
XM_044381488.2	12625	12445.9	0	0
XM_044381489.2	7739	7559.9	0	0
XM_044381491.2	888	708.98	1.88842	1.14361
XM_044381492.2	12398	12218.9	0	0
XM_044381493.2	6011	5831.9	23.0372	1.69603
XM_044381494.2	6008	5828.9	150.509	11.0863
XM_044381495.2	5998	5818.9	902.415	66.5854
XM_044381496.2	5263	5083.9	0	0
XM_044381497.2	12413	12233.9	0	0
XM_044381498.2	12125	11945.9	0	0
XM_044381499.2	5828	5648.9	0	0
XM_044381500.2	5207	5027.9	0	0
XM_044381501.2	5102	4922.9	0	0
XM_044381502.2	294	125.184	0	0
XM_044381503.2	9305	9125.9	0	0
XM_044381504.2	9275	9095.9	0	0
XM_044381505.2	9148	8968.9	0	0
XM_044381508.2	9050	8870.9	2.34721	0.113605
XM_044381509.2	15058	14878.9	35.0232	1.01064
XM_044381511.2	9214	9034.9	0	0
XM_044381512.2	21969	21789.9	5.80396	0.114362
XM_044381513.2	6971	6791.9	1.38333	0.0874478
XM_044381514.2	5433	5253.9	0.0139554	0.00114045
XM_044381515.2	5401	5221.9	40.4794	3.32827
XM_044381516.2	6917	6737.9	4.44468	0.283223
XM_044381517.2	5427	5247.9	0.0619942	0.00507199
XM_044381518.2	10267	10087.9	1518.4	64.6249
XM_044381519.2	10252	10072.9	20275.6	864.236
XM_044381520.2	5079	4899.9	0	0
XM_044381521.2	6403	6223.9	1	0.0689843
XM_044381524.2	2183	2003.9	0	0
XM_044381525.2	11219	11039.9	0	0
XM_044381526.2	10276	10096.9	0	0
XM_044381527.2	3107	2927.9	10.202	1.49604
XM_044381528.2	1856	1676.9	23.7004	6.06822
XM_044381529.2	4131	3951.9	0	0
XM_044381530.2	4213	4033.9	0	0
XM_044381531.2	4335	4155.9	0	0
XM_044381532.2	4006	3826.9	0	0
XM_044381534.2	22950	22770.9	11.9019	0.224414
XM_044381535.2	4379	4199.9	0	0
XM_044381536.2	4842	4662.9	83.6478	7.70214
XM_044381537.2	4994	4814.9	0	0
XM_044381540.2	8235	8055.9	0	0
XM_044381541.2	5190	5010.9	5.85005	0.501253
XM_044381542.2	4348	4168.9	0.029237	0.0030111
XM_044381545.2	7268	7088.9	10.2296	0.619571
XM_044381546.2	5674	5494.9	0	0
XM_044381549.2	2518	2338.9	160.21	29.4098
XM_044381550.2	2543	2363.9	12.8622	2.33615
XM_044381551.2	4598	4418.9	35.8979	3.48793
XM_044381552.2	4457	4277.9	29.4533	2.95608
XM_044381553.2	1535	1355.9	1	0.316653
XM_044381554.2	4392	4212.9	0	0
XM_044381555.2	4345	4165.9	0	0
XM_044381556.2	2015	1835.9	2	0.467728
XM_044381557.2	10323	10143.9	2.66244	0.112691
XM_044381559.2	4497	4317.9	0	0
XM_044381560.2	4348	4168.9	38.3304	3.94761
XM_044381561.2	4445	4265.9	37.2075	3.74484
XM_044381564.2	9300	9120.9	5.40636	0.254496
XM_044381566.2	3669	3489.9	32	3.93686
XM_044381567.2	1357	1177.9	0	0
XM_044381568.2	1716	1536.9	0	0
XM_044381569.2	1686	1506.9	0	0
XM_044381571.2	5470	5290.9	0	0
XM_044381572.2	6576	6396.9	0	0
XM_044381598.2	14273	14093.9	1.82011e-08	5.54473e-10
XM_044381599.2	14290	14110.9	0	0
XM_044381600.2	14236	14056.9	0	0
XM_044381601.2	14179	13999.9	0	0
XM_044381602.2	1101	921.905	17	7.91729
XM_044381603.2	6512	6332.9	20.143	1.36564
XM_044381604.2	5080	4900.9	0	0
XM_044381607.2	3194	3014.9	0	0
XM_044381608.2	1698	1518.9	7.79928	2.20464
XM_044381609.2	3245	3065.9	0	0
XM_044381610.2	2672	2492.9	0	0
XM_044381611.2	2773	2593.9	0	0
XM_044381612.2	8798	8618.9	1.04134	0.0518746
XM_044381614.2	489	310.186	0	0
XM_044381615.2	5166	4986.9	1	0.0860959
XM_044381616.2	7378	7198.9	0	0
XM_044381619.2	1807	1627.9	0	0
XM_044381620.2	7378	7198.9	0	0
XM_044381621.2	2133	1953.9	1	0.21974
XM_044381622.1	648	468.98	1	0.915501
XM_044381625.2	7375	7195.9	0	0
XM_044381627.2	276	110.763	0	0
XM_044381628.2	5448	5268.9	0	0
XM_044381630.2	5370	5190.9	0	0
XM_044381631.2	5370	5190.9	0	0
XM_044381632.2	5346	5166.9	0	0
XM_044381633.2	5205	5025.9	0	0
XM_044381634.2	5202	5022.9	0	0
XM_044381635.2	5178	4998.9	0	0
XM_044381636.2	5178	4998.9	0	0
XM_044381637.2	5151	4971.9	0	0
XM_044381638.2	5127	4947.9	0	0
XM_044381639.2	5124	4944.9	0	0
XM_044381640.2	5100	4920.9	0	0
XM_044381641.2	5097	4917.9	0	0
XM_044381642.2	5037	4857.9	0	0
XM_044381643.2	7231	7051.9	0	0
XM_044381645.1	991	811.905	0	0
XM_044381646.1	543	364.056	0	0
XM_044381647.2	7228	7048.9	0	0
XM_044381649.2	3408	3228.9	1	0.132971
XM_044381651.2	7258	7078.9	0	0
XM_044381652.1	525	346.091	0	0
XM_044381653.1	387	209.652	0	0
XM_044381654.2	129	28.3594	0	0
XM_044381655.2	9117	8937.9	15.9303	0.765246
XM_044381656.1	675	495.98	0	0
XM_044381658.2	5928	5748.9	0	0
XM_044381659.2	5928	5748.9	0	0
XM_044381660.2	6042	5862.9	0	0
XM_044381661.2	5994	5814.9	1.12142e-08	8.28017e-10
XM_044381662.2	5991	5811.9	2.19908e-08	1.62456e-09
XM_044381663.2	6009	5829.9	0	0
XM_044381664.2	5976	5796.9	6.41023e-07	4.74779e-08
XM_044381665.2	5913	5733.9	0.999999	0.0748795
XM_044381666.1	809	629.98	0	0
XM_044381668.2	3354	3174.9	0	0
XM_044381669.2	789	609.98	0	0
XM_044381670.2	1978	1798.9	0	0
XM_044381673.2	7608	7428.9	0	0
XM_044381674.2	3957	3777.9	348.602	39.618
XM_044381676.2	1172	992.905	0	0
XM_044381677.2	1028	848.905	0	0
XM_044381678.2	1121	941.905	0	0
XM_044381681.2	6902	6722.9	13	0.830233
XM_044381682.2	5607	5427.9	70.7867	5.59929
XM_044381683.2	3776	3596.9	12.1943	1.45559
XM_044381684.2	1056	876.905	0	0
XM_044381686.2	1372	1192.9	6.88853	2.47933
XM_044381687.2	707	527.98	0	0
XM_044381688.2	3828	3648.9	17.6215	2.07345
XM_044381689.2	3822	3642.9	0	0
XM_044381690.2	2970	2790.9	178.477	27.4568
XM_044381691.2	2878	2698.9	0	0
XM_044381692.2	2554	2374.9	0	0
XM_044381693.2	18732	18552.9	921.579	21.3272
XM_044381694.2	18184	18004.9	54.3733	1.29661
XM_044381695.2	18714	18534.9	112.386	2.60337
XM_044381696.2	17864	17684.9	0	0
XM_044381697.2	4637	4457.9	0	0
XM_044381698.2	4398	4218.9	0	0
XM_044381700.2	6094	5914.9	0	0
XM_044381701.2	2551	2371.9	0	0
XM_044381702.2	1337	1157.9	0	0
XM_044381703.2	2444	2264.9	14.6246	2.77234
XM_044381704.2	6407	6227.9	0	0
XM_044381706.2	6449	6269.9	0	0
XM_044381707.2	6404	6224.9	0	0
XM_044381708.2	10239	10059.9	2.47112	0.105466
XM_044381709.2	6214	6034.9	0.0013008	9.25451e-05
XM_044381710.2	6271	6091.9	0	0
XM_044381711.2	8299	8119.9	0	0
XM_044381712.2	6331	6151.9	0	0
XM_044381714.2	5774	5594.9	0	0
XM_044381715.2	6197	6017.9	31.1785	2.22446
XM_044381716.2	2796	2616.9	0	0
XM_044381717.2	4912	4732.9	27	2.44934
XM_044381718.2	4891	4711.9	0	0
XM_044381720.2	13666	13486.9	0	0
XM_044381721.2	13612	13432.9	0	0
XM_044381722.2	13507	13327.9	0	0
XM_044381723.2	13420	13240.9	2.36921e-07	7.68243e-09
XM_044381724.2	13669	13489.9	0	0
XM_044381726.2	7719	7539.9	15.6259	0.8898
XM_044381727.2	3192	3012.9	0	0
XM_044381728.2	3737	3557.9	0	0
XM_044381730.2	1466	1286.9	0	0
XM_044381731.2	1270	1090.9	0	0
XM_044381732.2	1398	1218.9	0	0
XM_044381733.2	2632	2452.9	0	0
XM_044381734.2	2370	2190.9	0	0
XM_044381735.2	1230	1050.9	0	0
XM_044381737.2	1088	908.905	0	0
XM_044381738.2	1158	978.905	0	0
XM_044381744.2	8663	8483.9	0	0
XM_044381745.2	7591	7411.9	2.79853	0.162111
XM_044381746.2	16691	16511.9	32.4631	0.844123
XM_044381747.2	1930	1750.9	79.4507	19.4827
XM_044381748.2	3794	3614.9	3.87865	0.460678
XM_044381749.2	2407	2227.9	9.03775	1.74172
XM_044381750.2	8104	7924.9	0	0
XM_044381751.2	8221	8041.9	0	0
XM_044381752.2	9642	9462.9	0	0
XM_044381753.2	5178	4998.9	0	0
XM_044381754.2	8309	8129.9	0	0
XM_044381756.2	8096	7916.9	0	0
XM_044381757.2	10660	10480.9	0	0
XM_044381758.2	8171	7991.9	0	0
XM_044381759.2	8399	8219.9	0	0
XM_044381760.2	4007	3827.9	0	0
XM_044381761.2	3881	3701.9	13.8725	1.60895
XM_044381762.1	324	151.051	0	0
XM_044381763.2	2866	2686.9	0.551583	0.0881398
XM_044381764.2	2991	2811.9	0	0
XM_044381765.2	2761	2581.9	0	0
XM_044381766.2	2863	2683.9	2.37007	0.379147
XM_044381767.2	2863	2683.9	1.66883	0.266967
XM_044381768.2	2839	2659.9	0	0
XM_044381769.2	2830	2650.9	0	0
XM_044381770.2	2749	2569.9	0	0
XM_044381771.2	4978	4798.9	0	0
XM_044381772.2	2762	2582.9	0	0
XM_044381773.2	2759	2579.9	0	0
XM_044381774.2	2629	2449.9	2.15418	0.377525
XM_044381775.2	2626	2446.9	10.6591	1.87032
XM_044381776.2	2525	2345.9	0	0
XM_044381777.2	2522	2342.9	0	0
XM_044381778.2	4308	4128.9	5	0.519934
XM_044381779.2	1131	951.905	9.20802	4.15323
XM_044381780.2	5313	5133.9	5.57179	0.465973
XM_044381781.2	1018	838.905	2.79113	1.4285
XM_044381782.2	1178	998.905	0.000843323	0.00036248
XM_044381783.2	4604	4424.9	5.94514	0.576861
XM_044381784.2	2713	2533.9	6.49719	1.1009
XM_044381785.2	1840	1660.9	0	0
XM_044381786.2	4147	3967.9	0	0
XM_044381787.2	1764	1584.9	0	0
XM_044381788.2	5270	5090.9	0	0
XM_044381789.2	4162	3982.9	3	0.323396
XM_044381791.2	7456	7276.9	0	0
XM_044381792.2	6769	6589.9	5	0.325765
XM_044381793.2	11045	10865.9	95.5369	3.77502
XM_044381794.2	4135	3955.9	0	0
XM_044381795.2	5198	5018.9	47.3529	4.0509
XM_044381796.2	1941	1761.9	0	0
XM_044381797.2	4743	4563.9	0	0
XM_044381799.2	5608	5428.9	17.8634	1.41275
XM_044381802.2	4164	3984.9	0	0
XM_044381803.2	6705	6525.9	0.00106086	6.97962e-05
XM_044381804.2	6570	6390.9	14.9736	1.00595
XM_044381806.2	4104	3924.9	14.2882	1.56301
XM_044381807.2	4074	3894.9	0	0
XM_044381809.2	4044	3864.9	0	0
XM_044381810.2	6647	6467.9	8.38847e-08	5.56843e-09
XM_044381812.2	4555	4375.9	4.76736e-07	4.6776e-08
XM_044381813.2	7995	7815.9	0	0
XM_044381814.2	8369	8189.9	0	0
XM_044381815.2	3954	3774.9	0	0
XM_044381816.2	3049	2869.9	0	0
XM_044381817.2	7927	7747.9	0	0
XM_044381818.2	7973	7793.9	15.9594	0.879175
XM_044381819.2	8095	7915.9	12.9693	0.703443
XM_044381820.2	1202	1022.9	0	0
XM_044381821.2	1175	995.905	0	0
XM_044381823.2	780	600.98	0	0
XM_044381824.2	8998	8818.9	0	0
XM_044381825.2	2800	2620.9	1.97007	0.322733
XM_044381827.2	3377	3197.9	0	0
XM_044381828.2	3690	3510.9	0	0
XM_044381829.2	3915	3735.9	0	0
XM_044381830.2	8506	8326.9	0	0
XM_044381831.2	3684	3504.9	0	0
XM_044381832.2	3643	3463.9	1.58979e-07	1.97055e-08
XM_044381833.2	3574	3394.9	0	0
XM_044381834.2	3230	3050.9	0	0
XM_044381835.2	11206	11026.9	35.3866	1.37784
XM_044381840.2	10365	10185.9	81.1403	3.42019
XM_044381841.2	9924	9744.9	20.1589	0.888183
XM_044381843.2	7151	6971.9	5.06519	0.31193
XM_044381844.2	7249	7069.9	6.2163e-08	3.77513e-09
XM_044381847.2	4702	4522.9	5	0.474642
XM_044381848.2	4141	3961.9	4.20932	0.456164
XM_044381850.2	4070	3890.9	8.88673	0.980629
XM_044381851.1	1084	904.905	0	0
XM_044381852.2	9621	9441.9	0	0
XM_044381854.2	6418	6238.9	27.0914	1.86439
XM_044381855.2	3177	2997.9	0.091096	0.0130465
XM_044381856.2	9921	9741.9	0	0
XM_044381857.2	2981	2801.9	0.0204634	0.00313573
XM_044381858.2	3339	3159.9	0	0
XM_044381859.2	3590	3410.9	0	0
XM_044381860.2	3684	3504.9	0	0
XM_044381861.2	4543	4363.9	0	0
XM_044381862.2	4672	4492.9	2.39026	0.228418
XM_044381863.2	4403	4223.9	0	0
XM_044381864.2	3436	3256.9	0	0
XM_044381865.2	8648	8468.9	0	0
XM_044381866.2	3184	3004.9	0	0
XM_044381869.2	3903	3723.9	6.70566	0.773137
XM_044381870.2	8148	7968.9	0	0
XM_044381872.2	9079	8899.9	135.4	6.53202
XM_044381874.2	6156	5976.9	0	0
XM_044381875.2	6118	5938.9	553.115	39.9873
XM_044381877.2	10096	9916.9	0	0
XM_044381878.2	6066	5886.9	168.597	12.2964
XM_044381880.2	2633	2453.9	47.2237	8.26259
XM_044381881.2	16198	16018.9	0	0
XM_044381882.2	16113	15933.9	0	0
XM_044381883.2	16047	15867.9	0	0
XM_044381884.2	16020	15840.9	0	0
XM_044381885.2	15990	15810.9	1.49583e-08	4.062e-10
XM_044381886.2	15942	15762.9	81.2263	2.21245
XM_044381887.2	9705	9525.9	19.9193	0.897804
XM_044381888.2	15822	15642.9	6.32472e-07	1.73595e-08
XM_044381889.2	5675	5495.9	0	0
XM_044381890.2	5672	5492.9	0	0
XM_044381891.2	5605	5425.9	0	0
XM_044381892.2	5061	4881.9	5.25596	0.462249
XM_044381893.2	4535	4355.9	105.432	10.3922
XM_044381894.2	9699	9519.9	0	0
XM_044381895.2	29721	29541.9	0.00129157	1.87712e-05
XM_044381896.2	29718	29538.9	0.0014746	2.14335e-05
XM_044381897.2	3514	3334.9	1.43268	0.18445
XM_044381898.2	5742	5562.9	0	0
XM_044381899.2	3445	3265.9	0	0
XM_044381900.2	4941	4761.9	0.000686786	6.19234e-05
XM_044381901.2	4908	4728.9	5.99931	0.544696
XM_044381902.2	4156	3976.9	0	0
XM_044381903.1	1413	1233.9	1	0.347962
XM_044381908.2	4108	3928.9	0	0
XM_044381909.2	3445	3265.9	12.9999	1.70903
XM_044381911.2	6958	6778.9	0	0
XM_044381912.2	7530	7350.9	0	0
XM_044381913.2	6925	6745.9	0	0
XM_044381914.2	6889	6709.9	0	0
XM_044381915.2	6880	6700.9	0	0
XM_044381916.2	6865	6685.9	0	0
XM_044381917.2	6847	6667.9	0	0
XM_044381918.2	7273	7093.9	0.0111	0.000671816
XM_044381921.2	2198	2018.9	0	0
XM_044381922.2	6590	6410.9	4.12	0.275925
XM_044381923.2	874	694.98	0	0
XM_044381924.2	822	642.98	4.51873	3.01739
XM_044381926.2	11941	11761.9	0	0
XM_044381927.2	6242	6062.9	7.04743	0.499072
XM_044381929.2	6845	6665.9	4	0.257641
XM_044381931.2	969	789.905	0	0
XM_044381932.2	858	678.98	0	0
XM_044381933.2	7224	7044.9	0	0
XM_044381934.2	7195	7015.9	42.7404	2.61558
XM_044381938.2	7358	7178.9	0	0
XM_044381946.2	985	805.905	0	0
XM_044381948.2	4349	4169.9	13.0145	1.34003
XM_044381949.2	2048	1868.9	0	0
XM_044381950.2	1271	1091.9	0	0
XM_044381951.2	2949	2769.9	0	0
XM_044381952.2	1181	1001.9	0	0
XM_044381953.2	2682	2502.9	0	0
XM_044381954.2	2511	2331.9	0	0
XM_044381955.2	2487	2307.9	0	0
XM_044381956.2	2415	2235.9	0	0
XM_044381957.2	1280	1100.9	0	0
XM_044381958.2	1933	1753.9	0	0
XM_044381959.2	2916	2736.9	0	0
XM_044381960.2	1079	899.905	0	0
XM_044381963.2	1368	1188.9	0	0
XM_044381965.2	253	93.1022	0	0
XM_044381967.2	1549	1369.9	0	0
XM_044381968.2	690	510.98	0	0
XM_044381969.2	706	526.98	0	0
XM_044381970.2	10424	10244.9	0.000280076	1.17376e-05
XM_044381974.2	10292	10112.9	25.0109	1.06186
XM_044381980.2	5992	5812.9	0	0
XM_044381983.2	7895	7715.9	0	0
XM_044381984.2	7868	7688.9	0	0
XM_044381985.2	7820	7640.9	0	0
XM_044381986.2	7736	7556.9	3.28327	0.186542
XM_044381989.2	1210	1030.9	0	0
XM_044381991.2	7532	7352.9	1.74963	0.102165
XM_044381996.2	9938	9758.9	0	0
XM_044382002.2	4168	3988.9	2.34047	0.25192
XM_044382003.2	3500	3320.9	0	0
XM_044382004.2	6101	5921.9	0	0
XM_044382005.2	6152	5972.9	8.97522	0.645168
XM_044382006.2	16552	16372.9	0	0
XM_044382007.2	16454	16274.9	0	0
XM_044382008.2	16356	16176.9	0	0
XM_044382010.2	8075	7895.9	0	0
XM_044382012.2	13634	13454.9	2.03081	0.0648042
XM_044382013.2	3139	2959.9	98.2745	14.2553
XM_044382014.2	6039	5859.9	0	0
XM_044382015.2	2053	1873.9	0	0
XM_044382016.2	1957	1777.9	0	0
XM_044382017.2	2704	2524.9	0	0
XM_044382018.2	2287	2107.9	0	0
XM_044382019.2	2938	2758.9	0	0
XM_044382021.2	2608	2428.9	0	0
XM_044382022.2	22656	22476.9	11.5213	0.220079
XM_044382023.2	2515	2335.9	0	0
XM_044382026.2	3796	3616.9	6.46453	0.767385
XM_044382032.2	2346	2166.9	0	0
XM_044382035.2	2446	2266.9	0	0
XM_044382036.2	5252	5072.9	2.99587	0.25356
XM_044382037.2	2344	2164.9	2	0.396647
XM_044382038.2	1369	1189.9	1.07887	0.389289
XM_044382039.2	4521	4341.9	1.38491	0.136947
XM_044382040.2	1390	1210.9	0	0
XM_044382041.2	2530	2350.9	0	0
XM_044382042.2	4417	4237.9	0	0
XM_044382043.2	624	444.98	15.048	14.5195
XM_044382044.2	4809	4629.9	0	0
XM_044382047.2	2076	1896.9	4	0.905374
XM_044382052.2	2636	2456.9	0	0
XM_044382053.2	3671	3491.9	0	0
XM_044382054.2	621	441.98	0	0
XM_044382055.2	5310	5130.9	3.11905e-05	2.61001e-06
XM_044382056.2	5255	5075.9	40	3.38345
XM_044382060.2	7620	7440.9	6.11522	0.352858
XM_044382062.2	7617	7437.9	36.9672	2.13392
XM_044382063.2	7624	7444.9	9.34991	0.539215
XM_044382064.2	7621	7441.9	54.8801	3.16624
XM_044382065.2	7596	7416.9	0	0
XM_044382066.2	7479	7299.9	0	0
XM_044382069.2	7365	7185.9	0	0
XM_044382070.2	3009	2829.9	0	0
XM_044382071.2	1957	1777.9	0	0
XM_044382072.2	1870	1690.9	0	0
XM_044382073.2	1504	1324.9	0	0
XM_044382074.2	3636	3456.9	0	0
XM_044382075.2	3629	3449.9	0	0
XM_044382076.2	3555	3375.9	4.02537	0.511952
XM_044382079.2	7279	7099.9	19.2068	1.16149
XM_044382082.2	5715	5535.9	0	0
XM_044382083.2	3788	3608.9	0	0
XM_044382084.2	5318	5138.9	3.25564	0.272006
XM_044382087.2	3752	3572.9	93.8863	11.2822
XM_044382088.2	3734	3554.9	61.1741	7.38844
XM_044382089.2	7089	6909.9	0	0
XM_044382090.2	7086	6906.9	0	0
XM_044382091.2	2622	2442.9	0	0
XM_044382092.2	7030	6850.9	0	0
XM_044382093.2	2178	1998.9	0	0
XM_044382094.2	5379	5199.9	43.015	3.55172
XM_044382096.2	3658	3478.9	0	0
XM_044382097.2	4249	4069.9	0	0
XM_044382098.2	4370	4190.9	0	0
XM_044382099.2	7224	7044.9	5.10505	0.311127
XM_044382100.2	3463	3283.9	36.7094	4.79954
XM_044382101.2	3423	3243.9	1.16031e-08	1.53575e-09
XM_044382102.2	3672	3492.9	0	0
XM_044382104.2	3775	3595.9	0	0
XM_044382105.2	3459	3279.9	0	0
XM_044382106.2	5464	5284.9	0	0
XM_044382107.2	7384	7204.9	0	0
XM_044382110.2	5389	5209.9	35.8287	2.95267
XM_044382112.2	5979	5799.9	155.998	11.5481
XM_044382113.2	5796	5616.9	0.00204862	0.000156595
XM_044382114.1	201	59.6973	0	0
XM_044382115.2	3881	3701.9	8.06142	0.934974
XM_044382117.2	421	242.881	0	0
XM_044382118.2	284	117.073	3.09916	11.3658
XM_044382119.2	49979	49799.9	1.87109e-06	1.61317e-08
XM_044382120.2	332	158.321	0	0
XM_044382121.2	9369	9189.9	0	0
XM_044382122.2	9339	9159.9	0	0
XM_044382127.2	22956	22776.9	37.736	0.711335
XM_044382128.2	6868	6688.9	0	0
XM_044382130.2	6648	6468.9	0	0
XM_044382132.2	6649	6469.9	0	0
XM_044382133.2	25738	25558.9	0	0
XM_044382134.2	5686	5506.9	0.00597451	0.000465809
XM_044382135.2	5633	5453.9	8115.65	638.895
XM_044382136.2	5633	5453.9	3746.74	294.957
XM_044382137.2	5648	5468.9	0.00645285	0.000506599
XM_044382138.2	5621	5441.9	12.1546	0.958969
XM_044382140.2	5531	5351.9	89.711	7.19698
XM_044382141.2	5531	5351.9	74.4041	5.969
XM_044382142.2	5528	5348.9	188.463	15.1277
XM_044382143.2	5324	5144.9	23.4395	1.95607
XM_044382145.2	6660	6480.9	0	0
XM_044382146.2	7940	7760.9	5.16022e-08	2.85476e-09
XM_044382147.2	7973	7793.9	0	0
XM_044382149.2	4007	3827.9	8.79211	0.986156
XM_044382150.2	3770	3590.9	0	0
XM_044382153.2	29519	29339.9	0	0
XM_044382154.2	29512	29332.9	0	0
XM_044382155.2	29430	29250.9	0	0
XM_044382156.2	29395	29215.9	0	0
XM_044382157.2	29389	29209.9	0	0
XM_044382158.2	29370	29190.9	0	0
XM_044382159.2	15373	15193.9	11.6898	0.330332
XM_044382160.2	29307	29127.9	0	0
XM_044382161.2	29301	29121.9	0	0
XM_044382162.2	8309	8129.9	0.000189063	9.98471e-06
XM_044382163.2	8213	8033.9	1020.5	54.5382
XM_044382164.2	29287	29107.9	0	0
XM_044382165.2	9188	9008.9	92.3273	4.40019
XM_044382166.2	29280	29100.9	3.38538	0.0499476
XM_044382167.2	29281	29101.9	0	0
XM_044382168.2	8329	8149.9	195.894	10.3201
XM_044382169.2	29247	29067.9	0	0
XM_044382170.2	29198	29018.9	0	0
XM_044382171.2	29190	29010.9	4.82828e-06	7.14569e-08
XM_044382172.2	29159	28979.9	0	0
XM_044382173.2	29138	28958.9	4.43392	0.0657384
XM_044382174.2	29048	28868.9	6.00902e-06	8.9369e-08
XM_044382177.2	19941	19761.9	0	0
XM_044382178.2	7320	7140.9	0	0
XM_044382180.2	9128	8948.9	0	0
XM_044382181.2	4292	4112.9	2	0.208783
XM_044382182.2	7261	7081.9	0	0
XM_044382183.2	3148	2968.9	2.46131	0.355945
XM_044382184.2	1300	1120.9	0	0
XM_044382185.2	3078	2898.9	2.51199	0.372046
XM_044382186.2	972	792.905	0	0
XM_044382188.2	30875	30695.9	28.8776	0.403919
XM_044382189.2	9591	9411.9	10.9048	0.497454
XM_044382190.2	8403	8223.9	48.0045	2.50621
XM_044382191.2	2781	2601.9	0	0
XM_044382192.2	25574	25394.9	0	0
XM_044382193.2	3529	3349.9	0	0
XM_044382194.2	3306	3126.9	10.3588	1.42236
XM_044382195.2	3444	3264.9	0	0
XM_044382196.2	3398	3218.9	0	0
XM_044382197.2	3631	3451.9	21.2425	2.64217
XM_044382199.2	5659	5479.9	0	0
XM_044382200.2	34307	34127.9	15.5537	0.195677
XM_044382202.2	6663	6483.9	0	0
XM_044382203.2	6628	6448.9	0	0
XM_044382204.2	6614	6434.9	55.3672	3.69423
XM_044382205.2	4514	4334.9	0	0
XM_044382209.2	34136	33956.9	0.0803882	0.00101643
XM_044382214.2	11323	11143.9	383.604	14.7795
XM_044382226.2	4051	3871.9	0.188112	0.0208596
XM_044382227.2	3818	3638.9	0	0
XM_044382228.2	8331	8151.9	299.596	15.7794
XM_044382230.2	2577	2397.9	0	0
XM_044382231.2	10636	10456.9	0	0
XM_044382232.2	6981	6801.9	14	0.883712
XM_044382234.2	2127	1947.9	0	0
XM_044382236.2	2287	2107.9	0	0
XM_044382237.2	1618	1438.9	1.3633e-07	4.06792e-08
XM_044382242.2	3528	3348.9	3.02309	0.38758
XM_044382243.2	5508	5328.9	1.27013	0.102335
XM_044382244.2	1851	1671.9	3.10446	0.797237
XM_044382245.2	9194	9014.9	5.71899	0.272378
XM_044382246.2	25455	25275.9	0	0
XM_044382247.2	7947	7767.9	0	0
XM_044382248.2	5338	5158.9	0	0
XM_044382251.2	3928	3748.9	0	0
XM_044382253.2	9374	9194.9	0	0
XM_044382254.2	9371	9191.9	0	0
XM_044382255.2	9189	9009.9	9.99999	0.476533
XM_044382256.2	6322	6142.9	0	0
XM_044382258.2	25469	25289.9	39.7329	0.674554
XM_044382259.2	8324	8144.9	0	0
XM_044382260.2	2771	2591.9	0	0
XM_044382261.2	2768	2588.9	0	0
XM_044382262.2	2743	2563.9	0	0
XM_044382263.2	2661	2481.9	0	0
XM_044382264.2	2500	2320.9	0	0
XM_044382265.2	2473	2293.9	0	0
XM_044382267.2	4900	4720.9	10.3291	0.939397
XM_044382268.2	29137	28957.9	33.6366	0.498722
XM_044382270.2	4054	3874.9	0	0
XM_044382271.2	1432	1252.9	0	0
XM_044382274.2	3976	3796.9	0	0
XM_044382275.2	3729	3549.9	0	0
XM_044382276.2	3912	3732.9	8.2951	0.954088
XM_044382277.2	3087	2907.9	15.0084	2.21599
XM_044382278.2	4602	4422.9	5.17677	0.502533
XM_044382279.2	2927	2747.9	0	0
XM_044382280.2	4995	4815.9	1	0.0891529
XM_044382281.1	822	642.98	0	0
XM_044382282.2	1038	858.905	0	0
XM_044382283.2	13228	13048.9	2.74123	0.0901956
XM_044382284.2	660	480.98	0	0
XM_044382285.2	1519	1339.9	1.82494e-08	5.84776e-09
XM_044382286.2	4745	4565.9	0	0
XM_044382287.2	4762	4582.9	0	0
XM_044382288.2	4750	4570.9	0	0
XM_044382289.2	4759	4579.9	0	0
XM_044382290.2	4742	4562.9	0	0
XM_044382291.2	4747	4567.9	0	0
XM_044382292.2	4616	4436.9	0	0
XM_044382293.2	1641	1461.9	0	0
XM_044382295.2	3766	3586.9	0	0
XM_044382296.2	3718	3538.9	10.8555	1.31703
XM_044382297.2	3066	2886.9	6.14446	0.913829
XM_044382298.1	300	130.105	0	0
XM_044382299.2	3609	3429.9	0	0
XM_044382303.2	3914	3734.9	0	0
XM_044382305.2	1005	825.905	0	0
XM_044382307.2	2454	2274.9	0	0
XM_044382308.2	2356	2176.9	0	0
XM_044382309.2	2355	2175.9	0	0
XM_044382310.2	2823	2643.9	0	0
XM_044382311.1	1962	1782.9	0	0
XM_044382312.2	2887	2707.9	7.71379e-05	1.22306e-05
XM_044382319.2	3074	2894.9	0	0
XM_044382320.2	2864	2684.9	0	0
XM_044382323.2	1612	1432.9	0	0
XM_044382324.2	1707	1527.9	13.1454	3.69395
XM_044382325.2	1410	1230.9	0	0
XM_044382330.2	1717	1537.9	8.44989	2.35904
XM_044382331.2	5734	5554.9	0	0
XM_044382332.2	812	632.98	0	0
XM_044382333.2	3270	3090.9	0	0
XM_044382335.2	9501	9321.9	4.00607	0.184513
XM_044382336.2	2102	1922.9	0	0
XM_044382340.2	5693	5513.9	0	0
XM_044382341.2	6683	6503.9	0	0
XM_044382345.2	3662	3482.9	0	0
XM_044382346.2	3378	3198.9	0	0
XM_044382347.2	3254	3074.9	3	0.418893
XM_044382348.2	10989	10809.9	140.035	5.56198
XM_044382349.2	10876	10696.9	0.383756	0.0154032
XM_044382350.2	10770	10590.9	3.58075	0.145162
XM_044382352.2	7359	7179.9	114.969	6.87506
XM_044382353.2	7422	7242.9	0	0
XM_044382354.2	10887	10707.9	0	0
XM_044382355.2	1171	991.905	0	0
XM_044382356.2	12673	12493.9	0	0
XM_044382357.2	12444	12264.9	1.11389e-07	3.89935e-09
XM_044382358.2	12267	12087.9	19.2977	0.685437
XM_044382359.2	4283	4103.9	0	0
XM_044382360.2	1533	1353.9	0	0
XM_044382361.2	11880	11700.9	0	0
XM_044382362.2	8134	7954.9	31.5636	1.70359
XM_044382363.2	4562	4382.9	0.000153067	1.49945e-05
XM_044382365.2	3761	3581.9	0	0
XM_044382366.2	3243	3063.9	0	0
XM_044382367.2	2549	2369.9	0	0
XM_044382368.2	7044	6864.9	0	0
XM_044382369.2	4629	4449.9	24.2755	2.34224
XM_044382370.2	2902	2722.9	0	0
XM_044382371.2	6703	6523.9	0.00384378	0.000252968
XM_044382372.2	6683	6503.9	0.211299	0.0139488
XM_044382373.2	6686	6506.9	0.115754	0.00763791
XM_044382374.2	6875	6695.9	0	0
XM_044382376.2	10996	10816.9	42.0537	1.66922
XM_044382377.2	10371	10191.9	11.3604	0.478578
XM_044382378.2	10351	10171.9	0	0
XM_044382379.2	10344	10164.9	0	0
XM_044382384.2	13200	13020.9	0	0
XM_044382386.2	2756	2576.9	0	0
XM_044382387.2	1012	832.905	26.4525	13.636
XM_044382388.2	1592	1412.9	0	0
XM_044382389.2	5220	5040.9	3	0.255521
XM_044382390.2	3796	3616.9	0	0
XM_044382392.2	5208	5028.9	28.2419	2.4112
XM_044382393.2	1898	1718.9	203.131	50.7386
XM_044382394.2	3335	3155.9	0	0
XM_044382395.2	5838	5658.9	3.77387	0.28633
XM_044382396.2	3350	3170.9	0	0
XM_044382397.2	10120	9940.9	0	0
XM_044382399.2	10117	9937.9	0	0
XM_044382401.2	10036	9856.9	0	0
XM_044382402.2	10030	9850.9	0	0
XM_044382403.2	10204	10024.9	0	0
XM_044382404.2	10033	9853.9	0	0
XM_044382405.2	3525	3345.9	0	0
XM_044382406.2	5701	5521.9	0	0
XM_044382407.2	5612	5432.9	0	0
XM_044382408.2	15119	14939.9	4.87533	0.14011
XM_044382409.2	2306	2126.9	9.54693	1.92721
XM_044382410.2	1236	1056.9	0	0
XM_044382411.2	3203	3023.9	9	1.27787
XM_044382413.1	3156	2976.9	0	0
XM_044382415.2	1962	1782.9	0	0
XM_044382417.2	6598	6418.9	0.000433156	2.89732e-05
XM_044382418.2	1437	1257.9	0	0
XM_044382419.2	1128	948.905	4.75721	2.1525
XM_044382420.2	1166	986.905	0	0
XM_044382423.2	5446	5266.9	0	0
XM_044382424.2	3479	3299.9	2.36638	0.307891
XM_044382425.2	6862	6682.9	0	0
XM_044382426.2	3017	2837.9	0	0
XM_044382427.2	2477	2297.9	1.22514	0.228912
XM_044382428.2	2637	2457.9	3.60663	0.630014
XM_044382430.2	1812	1632.9	0	0
XM_044382431.2	5347	5167.9	0	0
XM_044382432.2	1832	1652.9	13.3025	3.4554
XM_044382433.2	1414	1234.9	6.74978	2.34676
XM_044382436.2	2871	2691.9	0	0
XM_044382437.2	1410	1230.9	0	0
XM_044382438.1	1401	1221.9	1.88205	0.661312
XM_044382439.2	4013	3833.9	241.174	27.0087
XM_044382440.2	3887	3707.9	10.8256	1.25354
XM_044382442.2	3443	3263.9	0	0
XM_044382443.2	3407	3227.9	0	0
XM_044382444.2	3441	3261.9	1	0.131626
XM_044382445.2	2948	2768.9	4	0.620248
XM_044382446.2	2223	2043.9	0	0
XM_044382447.2	12197	12017.9	5.44127	0.194395
XM_044382450.2	4438	4258.9	2	0.201626
XM_044382451.2	2093	1913.9	0	0
XM_044382453.2	8089	7909.9	0	0
XM_044382454.2	4785	4605.9	0	0
XM_044382455.2	2080	1900.9	0	0
XM_044382456.2	2032	1852.9	0	0
XM_044382457.2	5208	5028.9	0	0
XM_044382458.2	4593	4413.9	0	0
XM_044382459.1	954	774.905	0	0
XM_044382460.2	2195	2015.9	34.1561	7.27464
XM_044382461.2	3751	3571.9	0	0
XM_044382462.2	1804	1624.9	0	0
XM_044382463.2	3957	3777.9	11.4401	1.30014
XM_044382464.2	1722	1542.9	0	0
XM_044382465.2	10010	9830.9	9.60459	0.419468
XM_044382466.2	1623	1443.9	0	0
XM_044382467.2	1908	1728.9	30.9591	7.68832
XM_044382468.1	660	480.98	0	0
XM_044382469.1	4040	3860.9	0	0
XM_044382470.2	5248	5068.9	1.20284e-08	1.01884e-09
XM_044382472.2	13736	13556.9	0	0
XM_044382473.2	21179	20999.9	0	0
XM_044382474.2	4345	4165.9	0	0
XM_044382477.2	12699	12519.9	0	0
XM_044382478.2	3488	3308.9	0	0
XM_044382479.2	3232	3052.9	3.81174	0.536073
XM_044382481.2	7758	7578.9	0	0
XM_044382482.2	2924	2744.9	0	0
XM_044382484.2	3135	2955.9	0	0
XM_044382485.2	2726	2546.9	0	0
XM_044382488.2	5867	5687.9	0	0
XM_044382494.2	3665	3485.9	0	0
XM_044382496.2	16782	16602.9	19	0.491341
XM_044382498.2	6621	6441.9	37.4408	2.49542
XM_044382499.2	6658	6478.9	0.0212531	0.00140843
XM_044382500.2	6635	6455.9	0	0
XM_044382504.2	6264	6084.9	0	0
XM_044382505.2	6104	5924.9	0	0
XM_044382506.2	3902	3722.9	0	0
XM_044382507.2	3627	3447.9	0	0
XM_044382508.2	3704	3524.9	0	0
XM_044382510.2	2336	2156.9	51.7585	10.303
XM_044382513.2	1246	1066.9	0	0
XM_044382514.2	3909	3729.9	0	0
XM_044382515.2	3680	3500.9	0	0
XM_044382516.2	4004	3824.9	16.7774	1.8833
XM_044382517.2	5195	5015.9	0	0
XM_044382518.2	5159	4979.9	0	0
XM_044382519.2	5573	5393.9	0	0
XM_044382520.2	1269	1089.9	0	0
XM_044382522.2	15567	15387.9	0.00463493	0.000129323
XM_044382523.2	10158	9978.9	13.4245	0.577603
XM_044382524.1	120	25.874	0	0
XM_044382525.2	5852	5672.9	0	0
XM_044382526.2	5210	5030.9	11	0.938772
XM_044382537.1	1380	1200.9	0	0
XM_044382543.2	7102	6922.9	126.001	7.81447
XM_044382544.2	1679	1499.9	0	0
XM_044382545.2	2928	2748.9	0	0
XM_044382547.2	1569	1389.9	0	0
XM_044382550.2	2698	2518.9	0	0
XM_044382551.2	2142	1962.9	3	0.656199
XM_044382552.2	3597	3417.9	0	0
XM_044382553.1	1128	948.905	0	0
XM_044382554.2	1581	1401.9	0	0
XM_044382556.2	925	745.98	0	0
XM_044382557.2	1122	942.905	0	0
XM_044382559.1	1536	1356.9	0	0
XM_044382560.1	1533	1353.9	0	0
XM_044382561.2	1194	1014.9	0	0
XM_044382562.2	10344	10164.9	10.6252	0.448794
XM_044382563.2	10164	9984.9	0	0
XM_044382564.1	291	122.777	0	0
XM_044382565.2	10767	10587.9	0	0
XM_044382567.2	936	756.98	0	0
XM_044382568.2	4114	3934.9	1	0.109114
XM_044382569.1	954	774.905	0	0
XM_044382570.2	1038	858.905	0	0
XM_044382571.2	1760	1580.9	15	4.07379
XM_044382572.2	2628	2448.9	0	0
XM_044382574.2	2373	2193.9	0	0
XM_044382575.2	2199	2019.9	0	0
XM_044382576.2	1001	821.905	0	0
XM_044382577.2	1709	1529.9	0	0
XM_044382580.2	3448	3268.9	14.5933	1.91675
XM_044382581.2	3648	3468.9	0	0
XM_044382582.2	3568	3388.9	0	0
XM_044382583.2	8265	8085.9	113.341	6.01828
XM_044382585.2	1165	985.905	5.05923	2.20325
XM_044382587.2	3261	3081.9	37.6425	5.24412
XM_044382589.2	5741	5561.9	2.76855	0.213719
XM_044382592.2	40915	40735.9	33.7882	0.356124
XM_044382594.2	5692	5512.9	0	0
XM_044382595.2	5637	5457.9	0	0
XM_044382598.2	963	783.905	2	1.09542
XM_044382600.2	568	388.98	0	0
XM_044382601.2	44409	44229.9	0	0
XM_044382603.2	3848	3668.9	18.6746	2.18539
XM_044382605.2	44199	44019.9	489.041	4.76991
XM_044382606.2	7778	7598.9	3	0.169505
XM_044382608.2	2247	2067.9	9.81448	2.03775
XM_044382609.2	1180	1000.9	2.31212	0.991814
XM_044382610.2	6907	6727.9	109.343	6.97789
XM_044382611.2	2651	2471.9	0	0
XM_044382612.2	1271	1091.9	7.37248	2.89896
XM_044382613.2	3504	3324.9	0	0
XM_044382614.2	3581	3401.9	0	0
XM_044382615.2	6294	6114.9	47.5767	3.34055
XM_044382616.2	3264	3084.9	0	0
XM_044382617.2	2902	2722.9	0	0
XM_044382618.2	2878	2698.9	1.53235	0.243771
XM_044382619.2	3809	3629.9	0	0
XM_044382620.2	9316	9136.9	4.86917	0.228807
XM_044382622.2	9507	9327.9	0	0
XM_044382623.2	1486	1306.9	1.31131	0.430801
XM_044382624.2	1530	1350.9	0	0
XM_044382625.2	354	178.271	0	0
XM_044382627.2	8545	8365.9	0	0
XM_044382628.2	4363	4183.9	0	0
XM_044382629.1	1131	951.905	0	0
XM_044382630.2	3119	2939.9	0	0
XM_044382631.2	2908	2728.9	4.99999	0.786674
XM_044382634.2	12114	11934.9	4.50763e-05	1.6216e-06
XM_044382636.2	6681	6501.9	0	0
XM_044382637.2	17540	17360.9	0	0
XM_044382638.2	7147	6967.9	2	0.123237
XM_044382639.2	7734	7554.9	4.79424	0.272461
XM_044382640.2	2107	1927.9	1.57593	0.350966
XM_044382641.2	566	386.98	0	0
XM_044382642.2	7225	7045.9	0	0
XM_044382643.2	3535	3355.9	0	0
XM_044382644.2	3401	3221.9	0	0
XM_044382647.2	4890	4710.9	0	0
XM_044382648.2	4490	4310.9	32.2656	3.21355
XM_044382650.2	655	475.98	0	0
XM_044382651.2	29561	29381.9	3.78097	0.0552505
XM_044382652.2	5646	5466.9	0	0
XM_044382653.2	10724	10544.9	2.47998	0.100976
XM_044382654.2	6265	6085.9	3.53248e-08	2.49212e-09
XM_044382656.2	5214	5034.9	4	0.3411
XM_044382657.2	7077	6897.9	0	0
XM_044382659.2	15439	15259.9	0	0
XM_044382660.2	23025	22845.9	18.7002	0.351439
XM_044382661.2	2203	2023.9	74.1579	15.7319
XM_044382662.2	15460	15280.9	0	0
XM_044382663.2	15457	15277.9	0	0
XM_044382664.2	8220	8040.9	0	0
XM_044382665.2	15433	15253.9	0	0
XM_044382666.2	3100	2920.9	5.82313	0.855958
XM_044382668.2	956	776.905	13.9846	7.72853
XM_044382672.2	12746	12566.9	149.578	5.11038
XM_044382673.2	13925	13745.9	30.1166	0.94069
XM_044382674.2	13961	13781.9	0	0
XM_044382676.2	13922	13742.9	0.00131944	4.12215e-05
XM_044382677.2	13864	13684.9	24.3347	0.76348
XM_044382678.2	13849	13669.9	42.7092	1.34143
XM_044382679.2	13781	13601.9	0	0
XM_044382680.2	13513	13333.9	0	0
XM_044382681.1	1599	1419.9	0	0
XM_044382682.2	4965	4785.9	0	0
XM_044382684.2	4065	3885.9	0	0
XM_044382685.2	2068	1888.9	5.55457	1.26256
XM_044382686.2	535	356.056	51.0798	61.5949
XM_044382687.2	2020	1840.9	0	0
XM_044382688.2	2120	1940.9	0	0
XM_044382689.2	1864	1684.9	12.965	3.30377
XM_044382690.2	1006	826.905	30.9337	16.0616
XM_044382692.2	3162	2982.9	0	0
XM_044382693.2	2830	2650.9	0	0
XM_044382694.2	6443	6263.9	0	0
XM_044382695.2	6437	6257.9	76.9568	5.27997
XM_044382696.2	3729	3549.9	128.229	15.509
XM_044382697.2	6283	6103.9	0	0
XM_044382698.2	6216	6036.9	80.545	5.72845
XM_044382699.2	6153	5973.9	13.3757	0.961328
XM_044382700.2	3218	3038.9	50	7.06425
XM_044382701.2	6901	6721.9	0	0
XM_044382702.2	6830	6650.9	0	0
XM_044382703.2	734	554.98	2	1.54727
XM_044382704.2	3357	3177.9	0	0
XM_044382705.2	1152	972.905	8.74701e-05	3.86014e-05
XM_044382707.2	2524	2344.9	0	0
XM_044382708.2	3024	2844.9	14.4855	2.18615
XM_044382709.2	2462	2282.9	0	0
XM_044382710.2	2364	2184.9	3.14416e-08	6.17854e-09
XM_044382712.2	8019	7839.9	40.851	2.2372
XM_044382713.2	2301	2121.9	33	6.67731
XM_044382714.2	7913	7733.9	50.7799	2.81908
XM_044382715.2	7897	7717.9	27.6647	1.539
XM_044382716.2	7779	7599.9	442.069	24.9744
XM_044382717.2	7701	7521.9	0.000125688	7.17428e-06
XM_044382718.2	1540	1360.9	7.08801	2.2362
XM_044382719.2	2854	2674.9	23	3.69176
XM_044382720.2	2679	2499.9	0	0
XM_044382721.2	4115	3935.9	4.42646	0.482865
XM_044382722.2	4617	4437.9	0	0
XM_044382725.2	2425	2245.9	24.0478	4.59724
XM_044382726.2	9148	8968.9	10	0.478712
XM_044382727.2	1384	1204.9	17.6077	6.27427
XM_044382728.2	847	667.98	5.40833	3.47627
XM_044382730.2	1507	1327.9	1525.27	493.166
XM_044382732.2	1426	1246.9	127.966	44.0632
XM_044382733.2	1475	1295.9	212.183	70.2991
XM_044382734.2	9571	9391.9	40.3456	1.84441
XM_044382735.2	9859	9679.9	0	0
XM_044382736.2	9540	9360.9	13.7028	0.6285
XM_044382737.2	11252	11072.9	0	0
XM_044382738.2	11402	11222.9	0	0
XM_044382739.2	11149	10969.9	19.834	0.776285
XM_044382740.2	4435	4255.9	0	0
XM_044382741.2	4356	4176.9	0.996358	0.102418
XM_044382742.2	4309	4129.9	0	0
XM_044382744.2	4146	3966.9	47	5.08697
XM_044382745.2	4098	3918.9	0	0
XM_044382746.2	3903	3723.9	590.035	68.0288
XM_044382747.2	3625	3445.9	430.46	53.6343
XM_044382748.2	3628	3448.9	113.629	14.1456
XM_044382751.2	3221	3041.9	0	0
XM_044382753.2	3166	2986.9	0	0
XM_044382755.2	3083	2903.9	0	0
XM_044382756.2	3147	2967.9	0	0
XM_044382757.2	3052	2872.9	15.7479	2.3535
XM_044382758.2	3092	2912.9	0	0
XM_044382765.2	2955	2775.9	0	0
XM_044382767.2	2924	2744.9	0	0
XM_044382769.2	2874	2694.9	5.86705	0.934737
XM_044382771.2	2945	2765.9	2.82956	0.439233
XM_044382772.2	2755	2575.9	0	0
XM_044382773.2	2754	2574.9	12.3475	2.05888
XM_044382774.2	844	664.98	0	0
XM_044382775.2	5040	4860.9	0	0
XM_044382777.2	3958	3778.9	36.4583	4.14232
XM_044382779.2	4175	3995.9	10.5979	1.13872
XM_044382784.2	3946	3766.9	7.92013	0.902737
XM_044382788.2	5007	4827.9	0	0
XM_044382789.2	4451	4271.9	0	0
XM_044382790.2	11818	11638.9	149.694	5.52211
XM_044382791.2	4986	4806.9	0	0
XM_044382792.2	12283	12103.9	0	0
XM_044382793.2	14815	14635.9	1.27873e-06	3.75121e-08
XM_044382794.2	8797	8617.9	48.8556	2.43403
XM_044382795.2	8632	8452.9	178.572	9.07028
XM_044382796.2	3956	3776.9	0	0
XM_044382797.2	3870	3690.9	0	0
XM_044382798.2	3704	3524.9	0	0
XM_044382799.2	3405	3225.9	0	0
XM_044382800.2	3891	3711.9	0	0
XM_044382801.2	3338	3158.9	4.53209	0.615993
XM_044382802.2	4935	4755.9	15.4891	1.39832
XM_044382803.2	2794	2614.9	0	0
XM_044382804.2	11106	10926.9	0	0
XM_044382805.2	10519	10339.9	0	0
XM_044382806.2	5142	4962.9	7.62027	0.659246
XM_044382807.2	5804	5624.9	1	0.0763305
XM_044382809.2	5964	5784.9	28.6456	2.12606
XM_044382811.1	192	54.5667	0	0
XM_044382812.2	1899	1719.9	0	0
XM_044382814.1	1323	1143.9	0	0
XM_044382817.2	2947	2767.9	6	0.930708
XM_044382818.2	711	531.98	0	0
XM_044382819.1	588	408.98	0	0
XM_044382820.2	244	86.6126	0	0
XM_044382821.2	3936	3756.9	1	0.114283
XM_044382822.2	4485	4305.9	0	0
XM_044382827.2	1062	882.905	0	0
XM_044382828.2	9380	9200.9	0	0
XM_044382830.2	4176	3996.9	15.5211	1.6673
XM_044382831.2	9745	9565.9	0	0
XM_044382832.2	9697	9517.9	2.86862e-08	1.29403e-09
XM_044382833.2	9577	9397.9	0.445281	0.0203431
XM_044382834.2	9844	9664.9	0	0
XM_044382835.2	4019	3839.9	0	0
XM_044382836.2	4309	4129.9	0	0
XM_044382839.2	3820	3640.9	0	0
XM_044382840.2	3683	3503.9	0	0
XM_044382841.2	3403	3223.9	0	0
XM_044382842.2	10946	10766.9	4.67062e-07	1.8625e-08
XM_044382843.2	10930	10750.9	0	0
XM_044382844.2	10878	10698.9	0	0
XM_044382846.2	9454	9274.9	0	0
XM_044382847.2	5835	5655.9	0	0
XM_044382848.2	5675	5495.9	0	0
XM_044382849.2	5672	5492.9	0	0
XM_044382850.2	5638	5458.9	0	0
XM_044382851.2	5592	5412.9	0	0
XM_044382852.2	5418	5238.9	26.0231	2.13271
XM_044382853.2	4156	3976.9	0	0
XM_044382854.2	6589	6409.9	0	0
XM_044382855.1	2198	2018.9	0.0149283	0.00317473
XM_044382856.2	6297	6117.9	2.98507	0.209491
XM_044382857.2	4105	3925.9	0	0
XM_044382858.2	5080	4900.9	0	0
XM_044382859.2	5081	4901.9	0	0
XM_044382860.2	6201	6021.9	0	0
XM_044382861.2	6248	6068.9	0	0
XM_044382862.2	6095	5915.9	0	0
XM_044382863.2	5928	5748.9	14	1.04558
XM_044382865.2	7699	7519.9	22.9787	1.31198
XM_044382867.2	1009	829.905	5493.36	2842
XM_044382868.2	967	787.905	2972.48	1619.79
XM_044382869.2	3786	3606.9	0	0
XM_044382870.2	6223	6043.9	0	0
XM_044382871.2	5926	5746.9	0	0
XM_044382872.2	11912	11732.9	0.000252659	9.24575e-06
XM_044382873.2	11721	11541.9	22.5293	0.838076
XM_044382874.2	6176	5996.9	66.4701	4.75897
XM_044382875.2	520	341.091	0	0
XM_044382877.2	9195	9015.9	3.60853e-07	1.71844e-08
XM_044382878.2	4926	4746.9	0	0
XM_044382879.2	4665	4485.9	0.53222	0.0509395
XM_044382880.2	4213	4033.9	0	0
XM_044382883.2	4649	4469.9	0	0
XM_044382884.2	1559	1379.9	0.306695	0.0954269
XM_044382885.2	1135	955.905	0	0
XM_044382886.2	2083	1903.9	0	0
XM_044382887.2	7463	7283.9	1.80608	0.10646
XM_044382888.2	3430	3250.9	0.193924	0.0256118
XM_044382889.2	10035	9855.9	2.12185e-07	9.24339e-09
XM_044382890.2	5673	5493.9	0	0
XM_044382892.2	3929	3749.9	0	0
XM_044382893.2	3059	2879.9	0	0
XM_044382895.2	3282	3102.9	0	0
XM_044382896.2	3087	2907.9	0	0
XM_044382897.2	3069	2889.9	0	0
XM_044382898.2	2491	2311.9	18.9226	3.51418
XM_044382899.2	2302	2122.9	0	0
XM_044382900.2	11350	11170.9	0	0
XM_044382901.2	11306	11126.9	0	0
XM_044382903.2	4873	4693.9	17.0792	1.56223
XM_044382904.2	3105	2925.9	0	0
XM_044382905.2	3096	2916.9	0	0
XM_044382906.2	4699	4519.9	0	0
XM_044382907.2	9688	9508.9	0	0
XM_044382908.2	7125	6945.9	0	0
XM_044382909.2	4571	4391.9	32.6248	3.1894
XM_044382910.2	8213	8033.9	1.23716e-07	6.61169e-09
XM_044382911.1	1959	1779.9	2	0.482444
XM_044382912.1	1830	1650.9	0	0
XM_044382914.1	1206	1026.9	0	0
XM_044382916.2	4046	3866.9	0	0
XM_044382917.2	3988	3808.9	0	0
XM_044382918.2	3761	3581.9	0	0
XM_044382919.2	3577	3397.9	0	0
XM_044382920.2	3616	3436.9	0	0
XM_044382921.2	3578	3398.9	0	0
XM_044382922.2	3896	3716.9	0	0
XM_044382923.2	3826	3646.9	0	0
XM_044382924.2	3823	3643.9	0	0
XM_044382925.2	6608	6428.9	0.0972485	0.00649471
XM_044382926.2	2946	2766.9	25.1924	3.90921
XM_044382927.2	6543	6363.9	0.0403327	0.00272111
XM_044382928.2	3745	3565.9	0	0
XM_044382929.2	3733	3553.9	0	0
XM_044382930.2	6633	6453.9	0	0
XM_044382931.2	6452	6272.9	2.21112e-08	1.51341e-09
XM_044382932.2	1262	1082.9	135	53.525
XM_044382933.2	3654	3474.9	0	0
XM_044382934.2	3639	3459.9	0	0
XM_044382935.2	6371	6191.9	0	0
XM_044382936.2	6359	6179.9	0.000147428	1.02426e-05
XM_044382937.2	6301	6121.9	40.6545	2.85125
XM_044382939.2	2004	1824.9	0	0
XM_044382940.2	4006	3826.9	13.6436	1.53072
XM_044382941.2	4287	4107.9	162.044	16.9366
XM_044382942.2	2051	1871.9	33.5768	7.70138
XM_044382943.2	1828	1648.9	27.379	7.12912
XM_044382944.2	1858	1678.9	0	0
XM_044382945.2	996	816.905	0	0
XM_044382947.2	9109	8929.9	51.7521	2.48825
XM_044382948.2	8947	8767.9	121.972	5.97278
XM_044382949.2	2172	1992.9	0	0
XM_044382950.2	3285	3105.9	0	0
XM_044382951.2	5597	5417.9	0	0
XM_044382952.2	1299	1119.9	0	0
XM_044382953.2	7119	6939.9	24.9005	1.54052
XM_044382954.2	8208	8028.9	12.2307	0.654044
XM_044382955.2	3120	2940.9	0	0
XM_044382961.2	6671	6491.9	249	16.468
XM_044382970.2	2879	2699.9	24.1451	3.83968
XM_044382971.2	11980	11800.9	268	9.75064
XM_044382975.2	3571	3391.9	0.000302041	3.82327e-05
XM_044382976.2	3550	3370.9	0.999698	0.127331
XM_044382977.2	7955	7775.9	42.4518	2.344
XM_044382978.2	1224	1044.9	189	77.6602
XM_044382979.2	1421	1241.9	0	0
XM_044382980.2	4543	4363.9	76.2053	7.49762
XM_044382981.2	1546	1366.9	12.977	4.07614
XM_044382982.2	1547	1367.9	6.46257	2.02844
XM_044382983.2	2703	2523.9	0	0
XM_044382984.2	12457	12277.9	14.804	0.517689
XM_044382985.2	8379	8199.9	0	0
XM_044382986.2	7351	7171.9	0	0
XM_044382987.2	2606	2426.9	12.761	2.25759
XM_044382988.2	13938	13758.9	0	0
XM_044382989.2	6306	6126.9	0	0
XM_044382990.2	6209	6029.9	0	0
XM_044382991.2	5989	5809.9	0	0
XM_044382994.2	654	474.98	1813.79	1639.55
XM_044382995.2	3234	3054.9	22.5776	3.17317
XM_044382996.2	10275	10095.9	2.24258e-08	9.53709e-10
XM_044382997.2	1879	1699.9	0	0
XM_044382998.2	5599	5419.9	0	0
XM_044382999.2	3022	2842.9	12.2109	1.84416
XM_044383000.2	10094	9914.9	48.7596	2.11147
XM_044383004.2	3746	3566.9	0	0
XM_044383008.2	2115	1935.9	0	0
XM_044383011.2	2423	2243.9	0	0
XM_044383012.2	2334	2154.9	0	0
XM_044383014.2	2502	2322.9	8.59608	1.58885
XM_044383016.2	2740	2560.9	0	0
XM_044383017.2	2782	2602.9	0	0
XM_044383018.2	2311	2131.9	0.645484	0.129996
XM_044383019.2	11832	11652.9	0	0
XM_044383021.2	1720	1540.9	0	0
XM_044383022.2	2887	2707.9	0	0
XM_044383024.2	4379	4199.9	9.9092e-09	1.01301e-09
XM_044383025.2	4315	4135.9	5	0.519054
XM_044383027.2	2286	2106.9	0	0
XM_044383028.2	6904	6724.9	0	0
XM_044383029.2	6900	6720.9	0	0
XM_044383030.2	32603	32423.9	13.9207	0.184336
XM_044383031.2	6533	6353.9	78.0807	5.27614
XM_044383032.2	6889	6709.9	0	0
XM_044383033.2	6560	6380.9	0.0268607	0.00180738
XM_044383034.2	6694	6514.9	0	0
XM_044383035.2	6888	6708.9	0	0
XM_044383036.2	8117	7937.9	228.242	12.3454
XM_044383038.2	4277	4097.9	39.7903	4.16897
XM_044383039.2	4367	4187.9	0	0
XM_044383041.2	4306	4126.9	0	0
XM_044383042.2	4252	4072.9	0	0
XM_044383044.2	4052	3872.9	0	0
XM_044383045.2	3851	3671.9	93.5874	10.9431
XM_044383046.2	3797	3617.9	0	0
XM_044383048.2	6909	6729.9	48.0707	3.0668
XM_044383049.2	6769	6589.9	135.929	8.8562
XM_044383052.2	6214	6034.9	0	0
XM_044383053.2	6289	6109.9	58.4591	4.10801
XM_044383054.2	6080	5900.9	163.267	11.8794
XM_044383055.2	6118	5938.9	13	0.939832
XM_044383056.2	15314	15134.9	16.6794	0.473167
XM_044383057.2	5286	5106.9	0.0234808	0.0019741
XM_044383058.2	13339	13159.9	10.8411	0.353701
XM_044383059.2	11607	11427.9	0	0
XM_044383060.1	174	45.5754	0	0
XM_044383061.2	11610	11430.9	0	0
XM_044383062.2	5179	4999.9	16.4086	1.40904
XM_044383063.2	7374	7194.9	60.1499	3.58941
XM_044383064.2	7341	7161.9	0	0
XM_044383065.2	4594	4414.9	15.0911	1.46762
XM_044383066.2	4893	4713.9	0	0
XM_044383067.2	1486	1306.9	4	1.3141
XM_044383068.2	9924	9744.9	0	0
XM_044383069.2	9913	9733.9	0	0
XM_044383070.2	2992	2812.9	0	0
XM_044383072.2	1608	1428.9	0	0
XM_044383073.2	2983	2803.9	0	0
XM_044383074.2	2223	2043.9	0	0
XM_044383075.2	1605	1425.9	0	0
XM_044383076.2	2028	1848.9	1.78223e-08	4.13868e-09
XM_044383077.2	2471	2291.9	0	0
XM_044383078.2	2002	1822.9	1.89429	0.446166
XM_044383079.2	5932	5752.9	0	0
XM_044383081.2	2013	1833.9	0	0
XM_044383082.2	1818	1638.9	2.10571	0.551643
XM_044383083.2	16711	16531.9	0	0
XM_044383084.2	15427	15247.9	1.483	0.0417585
XM_044383087.2	2023	1843.9	82	19.0936
XM_044383088.2	7343	7163.9	0	0
XM_044383089.2	14098	13918.9	7.87714	0.242984
XM_044383090.2	7030	6850.9	10.5641	0.662059
XM_044383091.2	6470	6290.9	0	0
XM_044383092.2	16436	16256.9	7.41288	0.195777
XM_044383093.2	16435	16255.9	0	0
XM_044383096.2	758	578.98	3	2.2247
XM_044383098.2	19776	19596.9	8.10865	0.177654
XM_044383099.2	13160	12980.9	0	0
XM_044383100.2	2482	2302.9	0	0
XM_044383101.2	4024	3844.9	0	0
XM_044383102.2	4106	3926.9	5.95521	0.651118
XM_044383103.2	4191	4011.9	0	0
XM_044383104.2	6647	6467.9	4.45146	0.295497
XM_044383105.2	3930	3750.9	59.5485	6.8163
XM_044383106.2	4302	4122.9	0	0
XM_044383107.2	3892	3712.9	0	0
XM_044383108.2	8850	8670.9	18.0705	0.894786
XM_044383109.2	4310	4130.9	0	0
XM_044383110.2	3557	3377.9	0	0
XM_044383111.2	2377	2197.9	1	0.195346
XM_044383112.2	5037	4857.9	0	0
XM_044383113.2	8710	8530.9	1.27058	0.0639471
XM_044383114.2	839	659.98	0	0
XM_044383115.2	784	604.98	0	0
XM_044383116.2	800	620.98	16.7402	11.5744
XM_044383117.2	841	661.98	0	0
XM_044383119.2	12574	12394.9	0	0
XM_044383121.2	12085	11905.9	0	0
XM_044383122.2	12114	11934.9	0	0
XM_044383123.2	12641	12461.9	51	1.75711
XM_044383128.2	12571	12391.9	0	0
XM_044383130.2	10853	10673.9	57.9981	2.33294
XM_044383131.2	204	61.3817	0	0
XM_044383132.1	1959	1779.9	0	0
XM_044383133.2	9301	9121.9	2	0.0941365
XM_044383134.1	490	311.186	0	0
XM_044383136.2	4592	4412.9	1.28753	0.12527
XM_044383139.1	2792	2612.9	0	0
XM_044383141.2	2909	2729.9	2	0.314555
XM_044383142.2	1638	1458.9	0	0
XM_044383143.2	1635	1455.9	0	0
XM_044383144.2	1611	1431.9	0	0
XM_044383145.2	1608	1428.9	0	0
XM_044383146.2	1608	1428.9	0	0
XM_044383147.2	1605	1425.9	0	0
XM_044383148.2	1596	1416.9	0	0
XM_044383149.2	1581	1401.9	0	0
XM_044383150.2	1578	1398.9	0	0
XM_044383151.2	1578	1398.9	0	0
XM_044383152.2	1575	1395.9	0	0
XM_044383153.2	1572	1392.9	0	0
XM_044383154.2	1548	1368.9	0	0
XM_044383155.2	1404	1224.9	0	0
XM_044383156.2	1515	1335.9	0	0
XM_044383157.2	1497	1317.9	0	0
XM_044383158.2	1491	1311.9	0	0
XM_044383159.2	1488	1308.9	0	0
XM_044383160.2	1329	1149.9	0	0
XM_044383161.2	1485	1305.9	0	0
XM_044383162.2	1482	1302.9	0	0
XM_044383163.2	1461	1281.9	0	0
XM_044383164.2	1458	1278.9	0	0
XM_044383165.2	1458	1278.9	0	0
XM_044383166.2	1458	1278.9	0	0
XM_044383167.2	1455	1275.9	0	0
XM_044383168.2	1455	1275.9	0	0
XM_044383169.2	1455	1275.9	0	0
XM_044383170.2	1455	1275.9	0	0
XM_044383171.2	1455	1275.9	0	0
XM_044383172.2	1452	1272.9	0	0
XM_044383173.2	1452	1272.9	0	0
XM_044383174.2	1449	1269.9	0	0
XM_044383175.2	1428	1248.9	0	0
XM_044383176.2	1428	1248.9	0	0
XM_044383177.2	1428	1248.9	0.000875112	0.000300848
XM_044383178.2	1425	1245.9	0	0
XM_044383179.2	1425	1245.9	0	0
XM_044383180.2	1425	1245.9	0.0201885	0.00695718
XM_044383181.2	1425	1245.9	0.0201885	0.00695718
XM_044383182.2	1425	1245.9	0	0
XM_044383183.2	1425	1245.9	0.0201885	0.00695718
XM_044383184.2	1422	1242.9	0	0
XM_044383185.2	1422	1242.9	0.46928	0.162109
XM_044383186.2	1422	1242.9	0.46928	0.162109
XM_044383187.2	1404	1224.9	0	0
XM_044383188.2	1398	1218.9	0	0
XM_044383189.2	1377	1197.9	0	0
XM_044383190.2	1344	1164.9	0	0
XM_044383191.2	1527	1347.9	0	0
XM_044383192.2	9244	9064.9	0	0
XM_044383193.1	1278	1098.9	0	0
XM_044383194.1	6825	6645.9	0	0
XM_044383196.2	1764	1584.9	0	0
XM_044383197.1	591	411.98	0	0
XM_044383198.2	9330	9150.9	0	0
XM_044383199.2	4487	4307.9	55	5.48163
XM_044383200.2	1416	1236.9	0	0
XM_044383201.2	414	236.073	0	0
XM_044383202.1	999	819.905	0	0
XM_044383203.2	9418	9238.9	0	0
XM_044383205.2	3166	2986.9	0	0
XM_044383206.2	1299	1119.9	0	0
XM_044383207.2	9448	9268.9	0	0
XM_044383209.2	5703	5523.9	1	0.0777262
XM_044383210.2	4422	4242.9	0	0
XM_044383211.2	4389	4209.9	0	0
XM_044383213.2	3137	2957.9	37.7193	5.47511
XM_044383214.2	3097	2917.9	0	0
XM_044383215.2	2986	2806.9	4.85135	0.742077
XM_044383216.2	3090	2910.9	0	0
XM_044383217.2	3050	2870.9	0	0
XM_044383218.2	2958	2778.9	0	0
XM_044383219.2	3070	2890.9	1.37578	0.204329
XM_044383220.2	6501	6321.9	0	0
XM_044383221.2	4556	4376.9	0	0
XM_044383222.2	7844	7664.9	0	0
XM_044383223.2	7835	7655.9	0	0
XM_044383224.2	7825	7645.9	0	0
XM_044383225.2	7802	7622.9	55.9691	3.1524
XM_044383226.2	7799	7619.9	0	0
XM_044383227.2	7783	7603.9	0	0
XM_044383228.2	7776	7596.9	0	0
XM_044383229.2	7771	7591.9	0	0
XM_044383230.2	7775	7595.9	0	0
XM_044383231.2	7767	7587.9	0	0
XM_044383232.2	7762	7582.9	0	0
XM_044383233.2	7759	7579.9	0	0
XM_044383234.2	7716	7536.9	0	0
XM_044383235.2	7715	7535.9	0	0
XM_044383236.2	7712	7532.9	0	0
XM_044383237.2	7707	7527.9	0	0
XM_044383238.2	7704	7524.9	0	0
XM_044383239.2	7701	7521.9	0	0
XM_044383240.2	7691	7511.9	0	0
XM_044383241.2	872	692.98	186	115.241
XM_044383242.2	7678	7498.9	0	0
XM_044383243.2	7659	7479.9	0	0
XM_044383244.2	7653	7473.9	0	0
XM_044383245.2	7654	7474.9	0	0
XM_044383246.2	7650	7470.9	0	0
XM_044383247.2	7539	7359.9	0	0
XM_044383248.2	7381	7201.9	0	0
XM_044383249.2	7718	7538.9	0	0
XM_044383250.2	7656	7476.9	0	0
XM_044383251.2	7732	7552.9	0	0
XM_044383252.2	7706	7526.9	0	0
XM_044383255.2	3100	2920.9	0	0
XM_044383256.2	4204	4024.9	0	0
XM_044383257.2	3381	3201.9	1.13087e-07	1.51641e-08
XM_044383259.2	3677	3497.9	0	0
XM_044383261.2	3784	3604.9	3.11638e-07	3.71167e-08
XM_044383262.2	3426	3246.9	0	0
XM_044383263.2	3700	3520.9	20.6139	2.51373
XM_044383264.2	4168	3988.9	0.654683	0.0704678
XM_044383266.2	4165	3985.9	0	0
XM_044383267.2	4112	3932.9	0	0
XM_044383268.2	4108	3928.9	0	0
XM_044383269.2	4106	3926.9	0	0
XM_044383270.2	4068	3888.9	0	0
XM_044383272.2	4067	3887.9	4.01382e-07	4.43257e-08
XM_044383274.2	4063	3883.9	29.0556	3.212
XM_044383275.2	4009	3829.9	0	0
XM_044383276.2	4005	3825.9	0	0
XM_044383277.2	13046	12866.9	9.53559	0.31819
XM_044383278.2	1377	1197.9	16.7022	5.9864
XM_044383279.2	6819	6639.9	0	0
XM_044383280.2	1540	1360.9	0.332941	0.105039
XM_044383281.2	6636	6456.9	7.90948	0.525941
XM_044383282.2	6736	6556.9	0	0
XM_044383283.2	6703	6523.9	0	0
XM_044383285.2	10457	10277.9	0.000927973	3.87654e-05
XM_044383286.2	10385	10205.9	8.94957	0.376499
XM_044383287.2	3098	2918.9	6.81987	1.00316
XM_044383288.2	2265	2085.9	0	0
XM_044383289.2	2585	2405.9	312.452	55.7594
XM_044383290.2	2489	2309.9	0	0
XM_044383291.2	3025	2845.9	0	0
XM_044383292.2	3017	2837.9	24.5428	3.71313
XM_044383293.2	2388	2208.9	35.555	6.91093
XM_044383294.2	1824	1644.9	7.47751	1.95178
XM_044383295.2	7949	7769.9	2.31717e-06	1.28043e-07
XM_044383296.2	7838	7658.9	1492	83.6402
XM_044383297.2	7811	7631.9	46.4539	2.61338
XM_044383298.2	4299	4119.9	0.977721	0.101892
XM_044383299.2	2635	2455.9	0	0
XM_044383301.2	2842	2662.9	0.724751	0.116855
XM_044383302.2	9251	9071.9	0	0
XM_044383303.2	7004	6824.9	0	0
XM_044383304.2	5479	5299.9	0	0
XM_044383305.2	5398	5218.9	1	0.0822686
XM_044383306.2	3984	3804.9	9.74367	1.09949
XM_044383309.2	2081	1901.9	0	0
XM_044383310.2	6527	6347.9	699.526	47.3137
XM_044383313.2	6100	5920.9	2584.56	187.418
XM_044383315.2	3033	2853.9	14.0711	2.1169
XM_044383316.2	3785	3605.9	0	0
XM_044383317.2	3984	3804.9	4.15171	0.468486
XM_044383318.2	6567	6387.9	0	0
XM_044383319.2	2834	2654.9	0	0
XM_044383320.2	5672	5492.9	0	0
XM_044383321.2	2319	2139.9	252.064	50.5744
XM_044383322.2	1141	961.905	0	0
XM_044383323.2	916	736.98	9.19748	5.35829
XM_044383324.2	1514	1334.9	29.7701	9.57509
XM_044383325.2	4091	3911.9	0	0
XM_044383326.2	2238	2058.9	2	0.417068
XM_044383328.2	5669	5489.9	0	0
XM_044383329.2	6217	6037.9	0	0
XM_044383330.2	7002	6822.9	0	0
XM_044383331.2	21049	20869.9	26.7277	0.549863
XM_044383332.2	3398	3218.9	19	2.53431
XM_044383334.2	3289	3109.9	0	0
XM_044383335.2	21172	20992.9	0	0
XM_044383336.2	5409	5229.9	0	0
XM_044383337.2	5368	5188.9	0	0
XM_044383338.2	5361	5181.9	0	0
XM_044383339.2	5358	5178.9	0	0
XM_044383341.2	2044	1864.9	0	0
XM_044383344.2	2512	2332.9	4	0.736167
XM_044383345.2	20913	20733.9	0	0
XM_044383346.2	8527	8347.9	9.66184e-08	4.96931e-09
XM_044383347.2	8501	8321.9	4.61539	0.238122
XM_044383348.2	8432	8252.9	1.68635e-07	8.77314e-09
XM_044383349.2	8132	7952.9	0	0
XM_044383350.2	20900	20720.9	1.33625	0.027688
XM_044383351.2	4019	3839.9	3	0.33544
XM_044383354.2	8964	8784.9	0	0
XM_044383355.2	24333	24153.9	6.52044	0.115905
XM_044383356.2	21219	21039.9	0.0123225	0.000251459
XM_044383357.2	9688	9508.9	16.8596	0.761255
XM_044383359.2	9180	9000.9	0	0
XM_044383362.2	21146	20966.9	3.49847	0.0716402
XM_044383364.2	404	226.259	0	0
XM_044383365.2	20817	20637.9	0	0
XM_044383366.2	7090	6910.9	0	0
XM_044383367.2	20923	20743.9	0	0
XM_044383370.2	7055	6875.9	0	0
XM_044383372.2	6958	6778.9	0	0
XM_044383374.2	6776	6596.9	27.3708	1.78139
XM_044383376.2	2652	2472.9	13.6961	2.37794
XM_044383378.2	7725	7545.9	0	0
XM_044383379.2	7497	7317.9	15.2269	0.893381
XM_044383380.2	6445	6265.9	0	0
XM_044383381.2	14391	14211.9	18.2348	0.550886
XM_044383382.2	20984	20804.9	114.855	2.37026
XM_044383384.2	13141	12961.9	19.6901	0.652217
XM_044383386.2	20962	20782.9	25.7616	0.532207
XM_044383387.2	2183	2003.9	20.2415	4.33689
XM_044383388.2	1416	1236.9	0	0
XM_044383389.2	1380	1200.9	27.2358	9.73745
XM_044383390.2	1659	1479.9	0	0
XM_044383391.2	1462	1282.9	0	0
XM_044383392.2	1371	1191.9	0	0
XM_044383393.2	1326	1146.9	0	0
XM_044383394.2	1930	1750.9	0	0
XM_044383395.2	2937	2757.9	0	0
XM_044383397.2	2751	2571.9	7.72518	1.28964
XM_044383398.2	8280	8100.9	0.0016363	8.67248e-05
XM_044383400.2	8386	8206.9	0	0
XM_044383401.2	8423	8243.9	0	0
XM_044383402.2	8361	8181.9	0	0
XM_044383403.2	8206	8026.9	0	0
XM_044383405.2	3771	3591.9	0	0
XM_044383406.2	3686	3506.9	4	0.489722
XM_044383408.2	5246	5066.9	0	0
XM_044383410.2	413	235.073	0	0
XM_044383411.2	9530	9350.9	0	0
XM_044383412.2	9417	9237.9	17.2617	0.802276
XM_044383413.2	5331	5151.9	0	0
XM_044383414.2	1568	1388.9	0	0
XM_044383415.2	3980	3800.9	0	0
XM_044383416.2	4016	3836.9	0	0
XM_044383417.2	5719	5539.9	0	0
XM_044383418.2	5546	5366.9	0	0
XM_044383419.2	5583	5403.9	19.3157	1.53468
XM_044383420.2	4353	4173.9	0	0
XM_044383421.2	16744	16564.9	0	0
XM_044383422.2	16742	16562.9	0	0
XM_044383424.2	4769	4589.9	44.8327	4.19377
XM_044383425.2	4594	4414.9	0	0
XM_044383426.2	5726	5546.9	2.71419e-06	2.10089e-07
XM_044383427.2	5657	5477.9	33.7227	2.64315
XM_044383428.2	18417	18237.9	9.6638e-07	2.27503e-08
XM_044383430.2	4607	4427.9	23.255	2.25492
XM_044383431.2	6082	5902.9	0	0
XM_044383433.1	798	618.98	0	0
XM_044383434.2	2876	2696.9	0	0
XM_044383435.2	2369	2189.9	9.54353	1.8711
XM_044383442.2	1051	871.905	0	0
XM_044383443.2	972	792.905	0	0
XM_044383445.2	4890	4710.9	0	0
XM_044383446.2	4850	4670.9	0	0
XM_044383447.2	4864	4684.9	0	0
XM_044383448.2	3691	3511.9	0	0
XM_044383449.2	4522	4342.9	9	0.889766
XM_044383450.2	5180	5000.9	0	0
XM_044383451.2	8829	8649.9	0	0
XM_044383452.2	8729	8549.9	0	0
XM_044383453.2	8398	8218.9	0	0
XM_044383454.2	1352	1172.9	30.6636	11.2247
XM_044383456.2	14429	14249.9	0	0
XM_044383457.2	7498	7318.9	0	0
XM_044383458.2	2200	2020.9	15.1527	3.21926
XM_044383460.1	318	145.693	0	0
XM_044383461.2	3963	3783.9	0	0
XM_044383462.2	4100	3920.9	0	0
XM_044383463.2	5409	5229.9	0	0
XM_044383464.2	3917	3737.9	0	0
XM_044383465.2	3905	3725.9	0	0
XM_044383466.2	3892	3712.9	0	0
XM_044383467.2	3802	3622.9	0	0
XM_044383468.2	2212	2032.9	0	0
XM_044383469.2	2209	2029.9	0	0
XM_044383470.2	5160	4980.9	0	0
XM_044383472.2	4431	4251.9	27	2.72643
XM_044383475.2	2677	2497.9	0	0
XM_044383476.2	3081	2901.9	0	0
XM_044383479.2	3366	3186.9	133.906	18.0404
XM_044383480.2	2995	2815.9	0	0
XM_044383481.2	2886	2706.9	0	0
XM_044383483.2	4460	4280.9	0	0
XM_044383484.2	4424	4244.9	2.42396e-05	2.45172e-06
XM_044383491.2	12325	12145.9	0	0
XM_044383492.2	34025	33845.9	0	0
XM_044383494.2	5801	5621.9	0	0
XM_044383495.2	5097	4917.9	0	0
XM_044383499.2	11436	11256.9	0	0
XM_044383503.2	11990	11810.9	0	0
XM_044383507.2	8733	8553.9	0	0
XM_044383508.2	4611	4431.9	0.0080532	0.000780174
XM_044383509.2	359	182.889	1831	4298.47
XM_044383511.2	1604	1424.9	18.5305	5.58359
XM_044383512.2	1484	1304.9	0.900464	0.296279
XM_044383513.2	1544	1364.9	0	0
XM_044383514.2	3905	3725.9	21.4838	2.47567
XM_044383517.2	1426	1246.9	65	22.3817
XM_044383518.2	922	742.98	0	0
XM_044383519.2	2946	2766.9	1	0.155174
XM_044383521.2	4618	4438.9	0	0
XM_044383522.2	20169	19989.9	32.765	0.703741
XM_044383523.2	15970	15790.9	16.5108	0.448926
XM_044383525.2	2906	2726.9	11.9442	1.88061
XM_044383526.2	2920	2740.9	0	0
XM_044383527.2	2847	2667.9	0	0
XM_044383528.2	2979	2799.9	0	0
XM_044383529.2	2917	2737.9	0	0
XM_044383530.2	2901	2721.9	0	0
XM_044383531.1	1755	1575.9	0	0
XM_044383533.2	262	99.6317	0	0
XM_044383534.1	369	192.396	0	0
XM_044383539.2	7332	7152.9	1	0.0600248
XM_044383541.2	5180	5000.9	0	0
XM_044383542.2	6054	5874.9	0	0
XM_044383543.2	6051	5871.9	0	0
XM_044383544.2	6000	5820.9	0	0
XM_044383545.2	5997	5817.9	0	0
XM_044383546.1	5955	5775.9	0	0
XM_044383547.2	5898	5718.9	0	0
XM_044383548.1	456	277.419	0	0
XM_044383549.1	189	53.1885	0	0
XM_044383550.1	345	170.118	0	0
XM_044383551.2	1248	1068.9	0	0
XM_044383552.1	355	179.127	0	0
XM_044383554.2	928	748.98	0	0
XM_044383555.1	402	224.304	0	0
XM_044383556.1	579	399.98	0	0
XM_044383557.2	7211	7031.9	0	0
XM_044383562.2	1377	1197.9	0	0
XM_044383566.2	1455	1275.9	0	0
XM_044383568.2	898	718.98	0	0
XM_044383570.2	252	92.3911	0	0
XM_044383571.2	4151	3971.9	0	0
XM_044383573.2	5160	4980.9	0	0
XM_044383575.2	11441	11261.9	231.823	8.83807
XM_044383576.2	651	471.98	0	0
XM_044383577.2	1026	846.905	0	0
XM_044383578.2	1494	1314.9	0	0
XM_044383579.2	1788	1608.9	0	0
XM_044383581.2	1203	1023.9	0	0
XM_044383582.2	11388	11208.9	33.1773	1.27084
XM_044383585.2	975	795.905	0	0
XM_044383587.2	1878	1698.9	0	0
XM_044383588.2	1137	957.905	0	0
XM_044383589.2	1860	1680.9	0	0
XM_044383590.2	2010	1830.9	0	0
XM_044383591.1	1161	981.905	0	0
XM_044383595.2	1741	1561.9	0	0
XM_044383597.2	5077	4897.9	0	0
XM_044383598.2	8891	8711.9	0	0
XM_044383599.2	9353	9173.9	0	0
XM_044383600.2	8846	8666.9	0	0
XM_044383601.2	9301	9121.9	0	0
XM_044383602.2	5815	5635.9	10.8093	0.823467
XM_044383604.2	8802	8622.9	2.78164	0.138503
XM_044383605.2	8906	8726.9	0.61711	0.030361
XM_044383606.2	20443	20263.9	3.5136	0.0744462
XM_044383607.2	8252	8072.9	0	0
XM_044383608.2	2500	2320.9	6.27272	1.16041
XM_044383609.2	2355	2175.9	0	0
XM_044383610.2	898	718.98	0	0
XM_044383611.2	900	720.98	5.91075	3.51992
XM_044383612.2	864	684.98	0	0
XM_044383615.2	1234	1054.9	110.639	45.0307
XM_044383616.2	7534	7354.9	1516.68	88.5381
XM_044383617.2	7258	7078.9	111.923	6.78839
XM_044383619.2	7127	6947.9	801.628	49.5373
XM_044383620.2	5773	5593.9	0	0
XM_044383622.2	3928	3748.9	0	0
XM_044383624.2	6259	6079.9	0	0
XM_044383625.2	716	536.98	6.21362	4.96821
XM_044383626.2	11138	10958.9	17.0489	0.667948
XM_044383627.2	10175	9995.9	0	0
XM_044383628.2	12714	12534.9	9.70427	0.332395
XM_044383629.2	10946	10766.9	74.364	2.96542
XM_044383630.2	14505	14325.9	0	0
XM_044383631.2	14430	14250.9	0	0
XM_044383632.2	15866	15686.9	7.76324	0.212481
XM_044383633.2	14310	14130.9	0	0
XM_044383634.2	8231	8051.9	0	0
XM_044383635.2	6743	6563.9	2.49646e-08	1.63296e-09
XM_044383636.2	6769	6589.9	0	0
XM_044383637.2	10091	9911.9	0	0
XM_044383639.2	5713	5533.9	26.5364	2.05885
XM_044383641.2	7687	7507.9	34	1.94435
XM_044383642.2	7667	7487.9	0	0
XM_044383643.2	7825	7645.9	0	0
XM_044383644.2	2919	2739.9	0	0
XM_044383645.2	11720	11540.9	0	0
XM_044383646.2	11210	11030.9	0	0
XM_044383648.2	12551	12371.9	1.09816	0.0381104
XM_044383649.2	12512	12332.9	67.6193	2.35407
XM_044383650.2	4185	4005.9	0	0
XM_044383651.2	5327	5147.9	42.2692	3.52539
XM_044383652.2	4522	4342.9	2	0.197726
XM_044383654.2	47911	47731.9	0	0
XM_044383655.2	44058	43878.9	32.4396	0.317419
XM_044383657.2	40768	40588.9	0	0
XM_044383658.2	5001	4821.9	0.00058849	5.24003e-05
XM_044383660.2	36775	36595.9	0	0
XM_044383662.2	4765	4585.9	284.778	26.6621
XM_044383663.2	7534	7354.9	0	0
XM_044383664.2	5410	5230.9	0	0
XM_044383665.2	4812	4632.9	1.13647e-05	1.05322e-06
XM_044383671.2	13322	13142.9	0	0
XM_044383672.2	12672	12492.9	0	0
XM_044383674.1	946	766.905	0	0
XM_044383675.2	8800	8620.9	0	0
XM_044383676.2	6126	5946.9	0	0
XM_044383677.2	3457	3277.9	0	0
XM_044383678.2	8607	8427.9	0	0
XM_044383680.2	1893	1713.9	0	0
XM_044383681.2	2755	2575.9	0	0
XM_044383682.2	3913	3733.9	1.42235e-05	1.63552e-06
XM_044383684.2	2436	2256.9	0	0
XM_044383685.2	7018	6838.9	0	0
XM_044383686.2	1651	1471.9	0	0
XM_044383687.2	1520	1340.9	0	0
XM_044383688.2	1142	962.905	0	0
XM_044383689.2	4742	4562.9	0	0
XM_044383690.2	2298	2118.9	0	0
XM_044383691.2	4793	4613.9	0	0
XM_044383692.1	1348	1168.9	0	0
XM_044383693.2	7750	7570.9	0	0
XM_044383695.2	2211	2031.9	0	0
XM_044383696.2	7773	7593.9	0	0
XM_044383697.2	3320	3140.9	16.6213	2.27208
XM_044383698.2	5985	5805.9	0	0
XM_044383699.2	5992	5812.9	0	0
XM_044383700.2	6667	6487.9	7.89376	0.522388
XM_044383701.2	6124	5944.9	21.3153	1.53943
XM_044383702.2	5904	5724.9	1.08356e-05	8.12643e-07
XM_044383703.2	6132	5952.9	0	0
XM_044383704.2	5903	5723.9	1.36101e-05	1.0209e-06
XM_044383705.2	5944	5764.9	0	0
XM_044383706.2	3898	3718.9	0	0
XM_044383707.2	3859	3679.9	0	0
XM_044383709.2	3715	3535.9	0	0
XM_044383710.2	7391	7211.9	0	0
XM_044383711.2	2413	2233.9	0.00128952	0.000247842
XM_044383712.2	2386	2206.9	58.9647	11.4715
XM_044383713.2	2370	2190.9	4.21773	0.826549
XM_044383714.2	2221	2041.9	0.000108693	2.28548e-05
XM_044383715.2	2193	2013.9	25.5	5.43645
XM_044383716.2	2315	2135.9	4.40371	0.885218
XM_044383717.2	2390	2210.9	6.68922	1.29903
XM_044383718.2	2204	2024.9	353.163	74.8831
XM_044383719.2	2874	2694.9	21.3027	3.39395
XM_044383720.2	7358	7178.9	0	0
XM_044383721.2	7307	7127.9	0	0
XM_044383722.2	4133	3953.9	4.0356	0.438223
XM_044383723.2	7298	7118.9	84.5075	5.09677
XM_044383725.1	2517	2337.9	3.32365	0.610382
XM_044383726.2	8961	8781.9	22.5421	1.10209
XM_044383727.2	11772	11592.9	0	0
XM_044383729.2	1547	1367.9	109.671	34.423
XM_044383730.2	1472	1292.9	56.2924	18.6937
XM_044383731.2	2175	1995.9	0	0
XM_044383732.2	2133	1953.9	0	0
XM_044383733.1	3797	3617.9	3	0.356023
XM_044383736.2	6862	6682.9	0	0
XM_044383737.2	9189	9009.9	2.00566	0.0955762
XM_044383738.2	794	614.98	1.99163	1.39047
XM_044383740.2	4552	4372.9	0	0
XM_044383741.2	4534	4354.9	0	0
XM_044383742.2	8759	8579.9	0	0
XM_044383743.2	1360	1180.9	3	1.09074
XM_044383744.2	1284	1104.9	0	0
XM_044383748.2	1873	1693.9	0	0
XM_044383749.2	1795	1615.9	0	0
XM_044383752.2	2224	2044.9	0	0
XM_044383754.2	1729	1549.9	0	0
XM_044383757.2	1750	1570.9	0	0
XM_044383758.2	2475	2295.9	3.46813	0.648568
XM_044383759.2	2014	1834.9	0	0
XM_044383760.2	2010	1830.9	0	0
XM_044383761.2	2179	1999.9	0	0
XM_044383762.2	2228	2048.9	0	0
XM_044383764.2	4824	4644.9	0	0
XM_044383765.2	6153	5973.9	0	0
XM_044383766.2	4036	3856.9	160.874	17.9086
XM_044383767.2	8768	8588.9	0	0
XM_044383768.2	8480	8300.9	0	0
XM_044383770.2	8577	8397.9	0	0
XM_044383771.2	8733	8553.9	0	0
XM_044383772.2	6535	6355.9	11.7527	0.793914
XM_044383773.2	6580	6400.9	0.00117934	7.91061e-05
XM_044383774.2	2047	1867.9	0	0
XM_044383775.2	6557	6377.9	0.129357	0.00870816
XM_044383776.2	6325	6145.9	0	0
XM_044383777.2	4235	4055.9	0	0
XM_044383778.2	6251	6071.9	0	0
XM_044383779.2	2753	2573.9	17	2.83576
XM_044383780.2	2149	1969.9	0	0
XM_044383781.2	2580	2400.9	0	0
XM_044383782.2	9170	8990.9	0	0
XM_044383784.2	2086	1906.9	17.8395	4.01668
XM_044383785.2	2054	1874.9	0	0
XM_044383787.2	3238	3058.9	2.07711	0.291545
XM_044383789.2	1909	1729.9	0	0
XM_044383790.2	2050	1870.9	0	0
XM_044383791.2	2018	1838.9	0	0
XM_044383792.2	9120	8940.9	0	0
XM_044383793.2	3202	3022.9	0	0
XM_044383794.2	1540	1360.9	0.999731	0.315405
XM_044383795.2	9299	9119.9	0	0
XM_044383796.2	8982	8802.9	5.26296e-07	2.56695e-08
XM_044383797.2	8895	8715.9	0	0
XM_044383798.2	7888	7708.9	7.42904	0.413765
XM_044383799.2	1614	1434.9	0	0
XM_044383800.2	5454	5274.9	0	0
XM_044383801.2	5366	5186.9	0	0
XM_044383802.2	5214	5034.9	0	0
XM_044383803.2	5126	4946.9	0	0
XM_044383804.2	5444	5264.9	0	0
XM_044383805.2	5350	5170.9	0	0
XM_044383806.2	2343	2163.9	0	0
XM_044383807.2	739	559.98	14.1032	10.8133
XM_044383808.2	2721	2541.9	0	0
XM_044383809.2	2447	2267.9	2.15634e-07	4.08232e-08
XM_044383810.2	2682	2502.9	66	11.3217
XM_044383811.2	2666	2486.9	0	0
XM_044383813.2	2099	1919.9	0	0
XM_044383814.2	12105	11925.9	42.6799	1.53654
XM_044383815.2	12157	11977.9	0	0
XM_044383816.2	12177	11997.9	0	0
XM_044383824.2	11858	11678.9	0	0
XM_044383825.2	11505	11325.9	0	0
XM_044383826.2	11896	11716.9	0	0
XM_044383827.2	9556	9376.9	0.251816	0.0115302
XM_044383828.2	4202	4022.9	0	0
XM_044383829.2	8030	7850.9	17.536	0.959011
XM_044383830.2	8024	7844.9	0	0
XM_044383831.2	2596	2416.9	38.208	6.78747
XM_044383832.2	7944	7764.9	0	0
XM_044383833.2	8106	7926.9	0	0
XM_044383836.2	2624	2444.9	0	0
XM_044383841.2	10656	10476.9	601.435	24.6473
XM_044383842.2	9396	9216.9	0	0
XM_044383843.2	2353	2173.9	0	0
XM_044383844.2	2404	2224.9	0	0
XM_044383845.2	2377	2197.9	0	0
XM_044383846.2	2224	2044.9	0	0
XM_044383847.2	2185	2005.9	0	0
XM_044383850.2	4736	4556.9	0.767714	0.0723341
XM_044383851.2	3681	3501.9	0	0
XM_044383852.2	4447	4267.9	1.76787	0.177848
XM_044383853.2	8437	8257.9	0	0
XM_044383854.2	10034	9854.9	9.01235	0.392644
XM_044383855.2	3644	3464.9	0	0
XM_044383857.2	9881	9701.9	2.69657e-08	1.19335e-09
XM_044383859.2	1605	1425.9	0	0
XM_044383860.2	8891	8711.9	0.0609646	0.00300454
XM_044383861.2	5665	5485.9	54.4182	4.25902
XM_044383862.2	5846	5666.9	0	0
XM_044383863.2	5833	5653.9	0	0
XM_044383864.2	5831	5651.9	0	0
XM_044383865.2	5858	5678.9	0	0
XM_044383866.2	5855	5675.9	0	0
XM_044383867.2	5843	5663.9	0	0
XM_044383868.2	5762	5582.9	0	0
XM_044383872.2	5364	5184.9	0.196749	0.0162924
XM_044383873.2	5168	4988.9	42.4009	3.64908
XM_044383874.2	5110	4930.9	3.49376e-06	3.04215e-07
XM_044383875.2	5638	5458.9	0	0
XM_044383876.2	4357	4177.9	0	0
XM_044383877.2	4464	4284.9	81.4123	8.15759
XM_044383878.2	4795	4615.9	0	0
XM_044383879.2	3329	3149.9	0	0
XM_044383880.2	3290	3110.9	92.2459	12.7313
XM_044383881.2	6147	5967.9	56.8945	4.09319
XM_044383883.2	5951	5771.9	33.7364	2.50953
XM_044383884.1	690	510.98	0	0
XM_044383885.2	15739	15559.9	15.0779	0.416053
XM_044383886.2	3626	3446.9	0	0
XM_044383887.2	7717	7537.9	0	0
XM_044383888.2	5510	5330.9	65.246	5.25493
XM_044383889.2	5310	5130.9	59.4231	4.9725
XM_044383890.2	5245	5065.9	0	0
XM_044383891.2	3027	2847.9	0	0
XM_044383892.2	1804	1624.9	2.34588	0.619858
XM_044383893.2	4348	4168.9	0.00391762	0.000403472
XM_044383894.2	5782	5602.9	0	0
XM_044383895.2	1192	1012.9	0	0
XM_044383896.2	2019	1839.9	0.0797296	0.0186053
XM_044383897.2	2014	1834.9	2.779	0.650263
XM_044383898.2	1945	1765.9	0	0
XM_044383900.2	2674	2494.9	0	0
XM_044383901.2	4519	4339.9	0	0
XM_044383902.2	3862	3682.9	0	0
XM_044383903.2	2934	2754.9	1	0.15585
XM_044383904.2	4533	4353.9	3.04884	0.300655
XM_044383905.2	2016	1836.9	97.3281	22.7492
XM_044383906.2	1376	1196.9	27.8362	9.98537
XM_044383907.2	1303	1123.9	43.2806	16.534
XM_044383909.2	2345	2165.9	623.842	123.665
XM_044383910.2	1022	842.905	2.19297e-05	1.11704e-05
XM_044383911.2	2285	2105.9	17.6415	3.59676
XM_044383912.2	1945	1765.9	0	0
XM_044383913.2	1897	1717.9	0	0
XM_044383914.2	9029	8849.9	0.0013414	6.50776e-05
XM_044383915.2	9002	8822.9	0.0723269	0.00351967
XM_044383916.2	8723	8543.9	0	0
XM_044383917.2	8696	8516.9	0	0
XM_044383918.2	1916	1736.9	0	0
XM_044383919.2	3440	3260.9	0	0
XM_044383921.2	8327	8147.9	28.6733	1.51093
XM_044383922.2	8265	8085.9	0	0
XM_044383923.2	8226	8046.9	64.7095	3.45265
XM_044383925.2	15077	14897.9	21.1221	0.608732
XM_044383927.2	6260	6080.9	2.59929	0.183527
XM_044383929.2	2139	1959.9	0	0
XM_044383932.1	311	139.475	0	0
XM_044383935.2	2800	2620.9	0	0
XM_044383936.2	1482	1302.9	0	0
XM_044383938.2	1155	975.905	0	0
XM_044383939.2	1657	1477.9	0	0
XM_044383940.2	1974	1794.9	0	0
XM_044383941.1	435	256.706	0	0
XM_044383942.2	1800	1620.9	1	0.264884
XM_044383943.2	833	653.98	6.37059	4.18243
XM_044383944.1	231	77.9746	0	0
XM_044383945.2	678	498.98	0	0
XM_044383946.2	695	515.98	33.0117	27.4694
XM_044383947.2	772	592.98	1.00784e-05	7.29732e-06
XM_044383948.2	537	358.056	0	0
XM_044383949.2	399	221.393	0	0
XM_044383950.1	630	450.98	0	0
XM_044383951.2	1017	837.905	0	0
XM_044383952.2	2251	2071.9	0	0
XM_044383953.2	156	38.243	0	0
XM_044383954.2	8563	8383.9	0	0
XM_044383956.2	13223	13043.9	0	0
XM_044383958.2	11439	11259.9	0.000189769	7.23607e-06
XM_044383960.2	11683	11503.9	0	0
XM_044383965.2	15915	15735.9	0	0
XM_044383966.2	12943	12763.9	7.70935	0.259327
XM_044383967.2	12564	12384.9	84.8134	2.94026
XM_044383969.2	6935	6755.9	0	0
XM_044383970.2	17765	17585.9	0.00226438	5.52837e-05
XM_044383971.2	17176	16996.9	27.2004	0.687099
XM_044383972.2	1928	1748.9	0	0
XM_044383973.2	976	796.905	0	0
XM_044383974.2	3494	3314.9	0	0
XM_044383975.2	6098	5918.9	0	0
XM_044383976.2	6091	5911.9	0	0
XM_044383977.2	5917	5737.9	0	0
XM_044383979.2	6308	6128.9	0	0
XM_044383982.2	9918	9738.9	0	0
XM_044383983.2	5363	5183.9	64	5.30074
XM_044383985.2	28180	28000.9	0	0
XM_044383987.2	13861	13681.9	0.000202011	6.33932e-06
XM_044383988.2	13858	13678.9	4.82789e-06	1.51537e-07
XM_044383989.2	2598	2418.9	0	0
XM_044383990.2	13795	13615.9	7.88526	0.248647
XM_044383991.2	13792	13612.9	0.192296	0.00606501
XM_044383992.2	28198	28018.9	9.06962	0.13898
XM_044383993.2	2452	2272.9	16.1315	3.04724
XM_044383994.2	2384	2204.9	540.361	105.222
XM_044383996.2	27992	27812.9	0	0
XM_044383997.2	2820	2640.9	6	0.975466
XM_044383998.2	17755	17575.9	37.8275	0.924066
XM_044383999.2	4980	4800.9	0	0
XM_044384000.2	4878	4698.9	0	0
XM_044384001.2	4842	4662.9	5.21088e-05	4.79808e-06
XM_044384002.2	4803	4623.9	2.99995	0.27856
XM_044384003.2	5073	4893.9	0	0
XM_044384004.2	10375	10195.9	0	0
XM_044384006.2	5420	5240.9	0	0
XM_044384007.2	5317	5137.9	0	0
XM_044384008.2	5197	5017.9	0	0
XM_044384009.2	10945	10765.9	7.50814	0.29943
XM_044384011.2	2624	2444.9	0	0
XM_044384013.2	5464	5284.9	4.11855	0.334596
XM_044384018.1	1926	1746.9	0	0
XM_044384020.1	2130	1950.9	0	0
XM_044384021.2	14059	13879.9	9.72044	0.300686
XM_044384022.2	3306	3126.9	1	0.137309
XM_044384023.2	9945	9765.9	0	0
XM_044384026.2	45592	45412.9	5.66915	0.0535985
XM_044384027.2	5041	4861.9	0	0
XM_044384028.2	4840	4660.9	43.051	3.96576
XM_044384029.2	4837	4657.9	230.082	21.2083
XM_044384031.2	4885	4705.9	0.149198	0.0136124
XM_044384032.2	6086	5906.9	7.70521e-08	5.60065e-09
XM_044384033.2	4690	4510.9	0	0
XM_044384034.2	4894	4714.9	2.39016	0.217654
XM_044384035.2	4805	4625.9	48.1234	4.46655
XM_044384036.2	4807	4627.9	12.1393	1.12622
XM_044384037.2	4794	4614.9	1092.4	101.632
XM_044384038.1	2565	2385.9	0	0
XM_044384039.2	4744	4564.9	2.44787	0.230234
XM_044384040.2	4690	4510.9	650.947	61.9577
XM_044384041.2	4688	4508.9	506.757	48.255
XM_044384042.2	4659	4479.9	0.0365431	0.00350227
XM_044384043.2	4546	4366.9	0.244305	0.02402
XM_044384044.1	2532	2352.9	0	0
XM_044384050.1	2532	2352.9	0	0
XM_044384051.2	1872	1692.9	0	0
XM_044384052.1	2472	2292.9	1	0.187252
XM_044384053.2	5232	5052.9	11.9932	1.01907
XM_044384054.1	2445	2265.9	0	0
XM_044384055.2	13927	13747.9	1.96803e-07	6.14624e-09
XM_044384056.2	10921	10741.9	0	0
XM_044384057.2	8704	8524.9	0	0
XM_044384058.1	1207	1027.9	0	0
XM_044384060.1	1192	1012.9	0	0
XM_044384061.1	1203	1023.9	0	0
XM_044384062.1	2133	1953.9	0	0
XM_044384063.1	1150	970.905	0	0
XM_044384064.2	1064	884.905	4	1.94078
XM_044384068.2	1417	1237.9	1.63605	0.567445
XM_044384071.2	2489	2309.9	0	0
XM_044384072.2	10036	9856.9	0	0
XM_044384073.2	10002	9822.9	0	0
XM_044384074.2	9910	9730.9	0	0
XM_044384075.2	1835	1655.9	0	0
XM_044384076.2	1833	1653.9	0	0
XM_044384079.2	9801	9621.9	6.23706e-06	2.78312e-07
XM_044384081.2	9713	9533.9	1.00519	0.045268
XM_044384082.2	1240	1060.9	0	0
XM_044384083.2	1210	1030.9	0	0
XM_044384084.2	1084	904.905	0	0
XM_044384086.2	6155	5975.9	6.65696	0.478283
XM_044384087.2	5646	5466.9	0	0
XM_044384089.2	12655	12475.9	8.51462	0.293026
XM_044384090.2	12747	12567.9	0.000583622	1.9938e-05
XM_044384091.2	7553	7373.9	16	0.931614
XM_044384092.2	12929	12749.9	38164	1285.17
XM_044384093.2	1897	1717.9	0	0
XM_044384094.2	1820	1640.9	0	0
XM_044384095.2	1787	1607.9	0	0
XM_044384096.2	4067	3887.9	0	0
XM_044384097.2	2591	2411.9	0	0
XM_044384098.2	9444	9264.9	0	0
XM_044384099.2	7105	6925.9	0	0
XM_044384100.2	6971	6791.9	8.98046	0.567702
XM_044384101.2	7003	6823.9	0.0194676	0.00122488
XM_044384102.2	4326	4146.9	0	0
XM_044384104.2	2847	2667.9	14.2363	2.29107
XM_044384105.2	2479	2299.9	0	0
XM_044384106.2	2458	2278.9	0	0
XM_044384107.2	9411	9231.9	0	0
XM_044384108.2	2455	2275.9	0	0
XM_044384109.2	8891	8711.9	3.35798	0.165492
XM_044384110.2	5105	4925.9	0	0
XM_044384111.2	12106	11926.9	4.40752	0.158665
XM_044384112.2	1772	1592.9	0	0
XM_044384113.2	8679	8499.9	13.7803	0.696079
XM_044384114.2	7470	7290.9	0	0
XM_044384115.2	7533	7353.9	20.2874	1.18446
XM_044384116.2	8046	7866.9	0	0
XM_044384117.2	3232	3052.9	0	0
XM_044384118.2	5496	5316.9	0	0
XM_044384119.2	2944	2764.9	12.7888	1.98593
XM_044384120.2	8018	7838.9	28.4058	1.55584
XM_044384122.2	3075	2895.9	0	0
XM_044384123.2	6295	6115.9	0.00519341	0.00036459
XM_044384124.2	6256	6076.9	11.9567	0.844779
XM_044384126.2	5577	5397.9	6.14599	0.488855
XM_044384127.2	5379	5199.9	0	0
XM_044384128.2	6309	6129.9	0	0
XM_044384129.2	9018	8838.9	3.64713	0.17716
XM_044384132.2	10129	9949.9	35.0911	1.51423
XM_044384133.2	9969	9789.9	0.564843	0.0247721
XM_044384137.2	2082	1902.9	0	0
XM_044384138.2	2932	2752.9	2.80523	0.437513
XM_044384139.2	8535	8355.9	26.3425	1.35356
XM_044384140.2	8669	8489.9	0	0
XM_044384141.2	7217	7037.9	31.0554	1.89455
XM_044384142.2	8570	8390.9	1.02772	0.052587
XM_044384143.2	8534	8354.9	5.79477e-05	2.97789e-06
XM_044384145.2	8333	8153.9	1.01605e-05	5.35012e-07
XM_044384149.2	8523	8343.9	0	0
XM_044384151.2	8448	8268.9	0	0
XM_044384152.2	8412	8232.9	0	0
XM_044384153.2	19087	18907.9	10.2082	0.231804
XM_044384154.2	5725	5545.9	23.5003	1.81935
XM_044384155.2	5665	5485.9	0	0
XM_044384156.2	5647	5467.9	1.6156e-06	1.2686e-07
XM_044384157.2	5449	5269.9	11.3453	0.924331
XM_044384158.2	5434	5254.9	56.953	4.65334
XM_044384159.2	5383	5203.9	29.3113	2.41835
XM_044384161.2	1414	1234.9	4.20773	1.46294
XM_044384162.2	1411	1231.9	4.62827	1.61308
XM_044384163.2	1396	1216.9	0.218058	0.0769359
XM_044384164.2	1393	1213.9	0.239895	0.0848498
XM_044384165.2	2435	2255.9	5.90353	1.12358
XM_044384166.2	1646	1466.9	19.9987	5.85347
XM_044384167.2	9086	8906.9	0	0
XM_044384168.2	10183	10003.9	0	0
XM_044384169.2	9235	9055.9	0	0
XM_044384170.2	9929	9749.9	4.73486	0.208507
XM_044384171.2	4487	4307.9	17.5339	1.74753
XM_044384172.2	10197	10017.9	6.26058	0.268319
XM_044384173.2	6976	6796.9	0	0
XM_044384175.2	6485	6305.9	63.0709	4.29433
XM_044384177.2	6387	6207.9	1	0.0691621
XM_044384178.2	7201	7021.9	0	0
XM_044384179.2	8025	7845.9	36	1.97003
XM_044384180.2	8333	8153.9	0	0
XM_044384182.2	5791	5611.9	0	0
XM_044384183.2	868	688.98	16.7041	10.4095
XM_044384184.2	8981	8801.9	0.00341407	0.000166536
XM_044384185.2	3815	3635.9	1.13874	0.13447
XM_044384186.2	814	634.98	4.57614	3.09423
XM_044384187.2	1255	1075.9	2.44011	0.973755
XM_044384190.2	4477	4297.9	0	0
XM_044384191.2	1206	1026.9	0	0
XM_044384192.2	8619	8439.9	1.80098	0.0916187
XM_044384193.2	4091	3911.9	0	0
XM_044384194.2	4181	4001.9	0	0
XM_044384196.2	3704	3524.9	0	0
XM_044384200.2	5721	5541.9	659	51.0552
XM_044384201.2	5288	5108.9	18.4623	1.55157
XM_044384202.2	7322	7142.9	1	0.0601089
XM_044384203.1	468	289.277	0	0
XM_044384204.2	438	259.551	0	0
XM_044384205.2	1308	1128.9	0	0
XM_044384206.2	1395	1215.9	0	0
XM_044384207.2	1236	1056.9	0	0
XM_044384210.2	749	569.98	0	0
XM_044384211.2	1238	1058.9	3	1.2164
XM_044384212.2	1404	1224.9	0	0
XM_044384213.2	2181	2001.9	0	0
XM_044384214.2	2121	1941.9	0	0
XM_044384215.2	2079	1899.9	0	0
XM_044384216.2	413	235.073	0	0
XM_044384217.1	2400	2220.9	0	0
XM_044384222.2	1164	984.905	10.6509	4.64308
XM_044384224.2	6028	5848.9	27.0872	1.9884
XM_044384225.2	6259	6079.9	26.32	1.85867
XM_044384226.2	6372	6192.9	13.5927	0.942379
XM_044384227.2	5935	5755.9	0	0
XM_044384228.2	5938	5758.9	0	0
XM_044384229.2	5586	5406.9	0	0
XM_044384230.2	5963	5783.9	0	0
XM_044384231.2	1962	1782.9	0	0
XM_044384233.2	1418	1238.9	40.7459	14.1208
XM_044384237.2	1220	1040.9	1	0.41248
XM_044384238.2	1283	1103.9	0	0
XM_044384239.2	5081	4901.9	7.75837	0.679546
XM_044384240.2	1086	906.905	9	4.26083
XM_044384241.2	1211	1031.9	0	0
XM_044384242.2	4714	4534.9	0	0
XM_044384243.2	4593	4413.9	40.5409	3.94352
XM_044384244.2	2642	2462.9	0	0
XM_044384245.2	4315	4135.9	0	0
XM_044384246.2	2123	1943.9	0	0
XM_044384247.2	6305	6125.9	0	0
XM_044384248.2	2161	1981.9	10.7069	2.31949
XM_044384249.2	1885	1705.9	54.321	13.6718
XM_044384250.2	6363	6183.9	0	0
XM_044384251.2	4564	4384.9	4	0.391664
XM_044384252.2	6773	6593.9	10	0.651135
XM_044384253.2	4734	4554.9	0	0
XM_044384254.2	4579	4399.9	23.3837	2.28183
XM_044384255.2	1856	1676.9	66.9056	17.1304
XM_044384256.2	8598	8418.9	0	0
XM_044384257.2	8828	8648.9	0	0
XM_044384258.2	8549	8369.9	0	0
XM_044384259.2	8541	8361.9	0	0
XM_044384260.2	8524	8344.9	0	0
XM_044384261.2	8653	8473.9	6.14664	0.311435
XM_044384262.2	8481	8301.9	0	0
XM_044384263.2	8480	8300.9	6.43525e-07	3.32853e-08
XM_044384264.2	8433	8253.9	0	0
XM_044384265.2	8442	8262.9	0	0
XM_044384266.2	8400	8220.9	0	0
XM_044384267.2	8430	8250.9	5.71759e-05	2.97526e-06
XM_044384268.2	8409	8229.9	0	0
XM_044384269.2	8388	8208.9	0	0
XM_044384270.2	8373	8193.9	0.00176429	9.24469e-05
XM_044384271.2	8339	8159.9	0	0
XM_044384272.2	8334	8154.9	0	0
XM_044384273.2	8349	8169.9	1.58246e-06	8.31628e-08
XM_044384274.2	8306	8126.9	0.083105	0.00439051
XM_044384275.2	8330	8150.9	3.86921	0.203812
XM_044384276.2	8318	8138.9	0	0
XM_044384277.2	8316	8136.9	36.0729	1.90343
XM_044384278.2	8289	8109.9	0.000171287	9.06825e-06
XM_044384279.2	8240	8060.9	0.000212689	1.13285e-05
XM_044384280.2	8137	7957.9	0.410181	0.0221305
XM_044384282.2	15223	15043.9	1.89312	0.0540296
XM_044384283.2	15199	15019.9	0.252321	0.00721274
XM_044384284.1	925	745.98	1	0.575554
XM_044384285.2	10717	10537.9	0	0
XM_044384286.2	10713	10533.9	0	0
XM_044384287.2	10628	10448.9	0	0
XM_044384289.2	2094	1914.9	0	0
XM_044384290.2	6756	6576.9	0	0
XM_044384291.2	6921	6741.9	0	0
XM_044384295.1	434	255.706	0	0
XM_044384296.2	1667	1487.9	0	0
XM_044384298.2	16332	16152.9	0	0
XM_044384299.2	16188	16008.9	0	0
XM_044384300.2	16128	15948.9	0	0
XM_044384302.2	16081	15901.9	0	0
XM_044384303.2	15990	15810.9	232.64	6.31743
XM_044384304.2	16068	15888.9	0	0
XM_044384305.2	15543	15363.9	0	0
XM_044384306.2	14444	14264.9	0.000415908	1.25182e-05
XM_044384309.2	2442	2262.9	21.7361	4.12409
XM_044384310.2	16673	16493.9	24.4243	0.635789
XM_044384312.2	6877	6697.9	0.000630719	4.04306e-05
XM_044384313.2	6401	6221.9	0	0
XM_044384315.2	6162	5982.9	0	0
XM_044384316.2	2418	2238.9	15.672	3.0054
XM_044384317.2	7936	7756.9	0	0
XM_044384318.2	8098	7918.9	0	0
XM_044384319.2	7939	7759.9	0	0
XM_044384320.2	8194	8014.9	29.5398	1.58242
XM_044384321.2	3018	2838.9	111.499	16.863
XM_044384322.2	10189	10009.9	0	0
XM_044384324.2	2783	2603.9	8.93713	1.47362
XM_044384329.2	7096	6916.9	0	0
XM_044384330.2	7657	7477.9	0	0
XM_044384331.2	16945	16765.9	2.48713e-07	6.36921e-09
XM_044384332.2	16861	16681.9	104.129	2.68004
XM_044384333.2	4890	4710.9	28	2.55192
XM_044384334.2	4299	4119.9	0	0
XM_044384335.2	11548	11368.9	0	0
XM_044384336.1	993	813.905	0	0
XM_044384337.2	1643	1463.9	13.2771	3.89406
XM_044384338.2	10053	9873.9	1.17407	0.0510525
XM_044384340.2	3474	3294.9	28.8988	3.76574
XM_044384342.2	6685	6505.9	0	0
XM_044384343.2	5888	5708.9	0	0
XM_044384344.2	4571	4391.9	20.6672	2.02042
XM_044384345.2	4111	3931.9	0	0
XM_044384346.2	6284	6104.9	16.7087	1.17511
XM_044384347.2	24213	24033.9	12.9182	0.230777
XM_044384348.2	6627	6447.9	8.63173	0.574768
XM_044384350.2	2368	2188.9	0	0
XM_044384351.2	6142	5962.9	0	0
XM_044384352.2	3812	3632.9	104.977	12.4066
XM_044384353.2	3096	2916.9	56.1367	8.26301
XM_044384354.2	10189	10009.9	0	0
XM_044384355.2	12650	12470.9	6.46258	0.222496
XM_044384356.2	10252	10072.9	9.28855	0.395919
XM_044384357.2	9755	9575.9	33.8465	1.51756
XM_044384358.2	5193	5013.9	0	0
XM_044384359.2	4701	4521.9	174.565	16.5749
XM_044384360.2	5075	4895.9	0	0
XM_044384361.2	4995	4815.9	99.8483	8.90176
XM_044384362.2	4420	4240.9	123.725	12.526
XM_044384365.2	2692	2512.9	7.346	1.25513
XM_044384366.2	6665	6485.9	1.31771	0.0872292
XM_044384367.2	2375	2195.9	5	0.97762
XM_044384369.2	3221	3041.9	15.5272	2.1916
XM_044384370.2	3406	3226.9	8.46859	1.12678
XM_044384371.2	5706	5526.9	28.381	2.20475
XM_044384372.2	5474	5294.9	0	0
XM_044384373.2	5450	5270.9	0	0
XM_044384374.2	5479	5299.9	32.619	2.64251
XM_044384375.2	1508	1328.9	0	0
XM_044384376.2	5443	5263.9	0	0
XM_044384377.2	5450	5270.9	0	0
XM_044384378.2	8188	8008.9	0.00137432	7.36766e-05
XM_044384379.2	8126	7946.9	34.8837	1.88468
XM_044384385.2	3238	3058.9	0.782321	0.109808
XM_044384386.2	8731	8551.9	0	0
XM_044384387.2	8184	8004.9	0	0
XM_044384388.2	3067	2887.9	27	4.01416
XM_044384389.2	1465	1285.9	0	0
XM_044384390.2	2775	2595.9	0.0326935	0.00540736
XM_044384391.1	945	765.905	0	0
XM_044384392.2	3352	3172.9	0	0
XM_044384393.2	4997	4817.9	0	0
XM_044384394.2	5062	4882.9	0	0
XM_044384395.2	5062	4882.9	0	0
XM_044384396.1	2250	2070.9	0	0
XM_044384397.1	831	651.98	0	0
XM_044384399.2	1331	1151.9	0	0
XM_044384400.2	6889	6709.9	7.57326	0.484596
XM_044384401.2	6003	5823.9	68.4267	5.04458
XM_044384402.2	7554	7374.9	0	0
XM_044384403.2	8503	8323.9	0	0
XM_044384405.2	7511	7331.9	16.7102	0.978541
XM_044384406.2	7818	7638.9	14.6628	0.824135
XM_044384407.2	7903	7723.9	88.9648	4.94533
XM_044384408.2	7263	7083.9	0	0
XM_044384409.2	3223	3043.9	0	0
XM_044384410.2	6807	6627.9	0	0
XM_044384411.2	7067	6887.9	4.00185	0.249452
XM_044384412.2	331	157.402	0	0
XM_044384413.2	8543	8363.9	0	0
XM_044384414.2	3909	3729.9	0	0
XM_044384415.2	1950	1770.9	64.7831	15.7065
XM_044384416.2	942	762.905	0	0
XM_044384417.2	1540	1360.9	0	0
XM_044384418.2	150	35.9293	0	0
XM_044384419.2	518	339.091	0	0
XM_044384420.2	3144	2964.9	0	0
XM_044384421.1	756	576.98	0	0
XM_044384422.2	673	493.98	0	0
XM_044384423.2	624	444.98	0	0
XM_044384424.1	1458	1278.9	0	0
XM_044384426.2	2769	2589.9	0	0
XM_044384427.2	2667	2487.9	0	0
XM_044384428.2	2652	2472.9	0	0
XM_044384429.2	252	92.3911	0	0
XM_044384431.2	1395	1215.9	0	0
XM_044384432.2	1952	1772.9	2	0.484349
XM_044384434.2	603	423.98	0	0
XM_044384437.2	873	693.98	2	1.23736
XM_044384438.2	972	792.905	0	0
XM_044384439.2	1537	1357.9	12.1498	3.84162
XM_044384440.2	1525	1345.9	0	0
XM_044384441.2	1474	1294.9	0	0
XM_044384442.2	1474	1294.9	0	0
XM_044384443.2	1462	1282.9	0	0
XM_044384444.2	1430	1250.9	1.67755	0.575789
XM_044384445.2	1428	1248.9	5.37153	1.84664
XM_044384446.2	3430	3250.9	0	0
XM_044384447.2	3431	3251.9	0	0
XM_044384448.2	4224	4044.9	0	0
XM_044384449.2	3935	3755.9	27	3.08647
XM_044384453.2	6377	6197.9	2.56536	0.177712
XM_044384454.2	4030	3850.9	0	0
XM_044384455.2	4200	4020.9	0.000996859	0.000106445
XM_044384456.2	4410	4230.9	0	0
XM_044384458.2	1880	1700.9	0	0
XM_044384459.2	1883	1703.9	0	0
XM_044384460.2	2390	2210.9	6.35778	1.23466
XM_044384461.2	3543	3363.9	0.0133896	0.00170898
XM_044384462.1	782	602.98	0	0
XM_044384463.2	5227	5047.9	1	0.0850555
XM_044384464.2	4079	3899.9	0	0
XM_044384466.2	14526	14346.9	3.47868	0.104105
XM_044384467.2	8953	8773.9	27.111	1.32668
XM_044384468.2	6193	6013.9	35	2.49876
XM_044384469.2	7368	7188.9	0.815875	0.0487275
XM_044384470.2	7359	7179.9	4.18412	0.250207
XM_044384471.2	6859	6679.9	0	0
XM_044384472.2	6698	6518.9	2.21198e-06	1.45687e-07
XM_044384473.2	6725	6545.9	1.00519e-08	6.59311e-10
XM_044384474.2	6718	6538.9	4.06108e-08	2.66655e-09
XM_044384477.2	2591	2411.9	0	0
XM_044384479.2	3901	3721.9	0	0
XM_044384480.2	3026	2846.9	0	0
XM_044384481.2	3482	3302.9	6	0.779953
XM_044384482.2	1753	1573.9	0	0
XM_044384483.2	7581	7401.9	0	0
XM_044384484.2	979	799.905	0	0
XM_044384486.2	8060	7880.9	0	0
XM_044384487.2	3551	3371.9	0	0
XM_044384488.2	15362	15182.9	16.3041	0.461057
XM_044384489.2	1918	1738.9	0	0
XM_044384490.2	10948	10768.9	0	0
XM_044384491.2	10758	10578.9	0	0
XM_044384492.1	4472	4292.9	0	0
XM_044384493.1	4466	4286.9	0	0
XM_044384494.1	4397	4217.9	0.0447286	0.00455304
XM_044384495.1	4394	4214.9	0.113197	0.0115308
XM_044384496.1	4385	4205.9	1.84207	0.188045
XM_044384497.2	2147	1967.9	0	0
XM_044384498.2	1970	1790.9	0	0
XM_044384499.2	1967	1787.9	0	0
XM_044384500.2	1964	1784.9	0	0
XM_044384501.2	1862	1682.9	0	0
XM_044384502.2	1787	1607.9	0	0
XM_044384503.2	1784	1604.9	0	0
XM_044384504.2	2352	2172.9	4.16339	0.82266
XM_044384506.2	4858	4678.9	0	0
XM_044384507.2	4329	4149.9	70.3603	7.27952
XM_044384508.2	9608	9428.9	22	1.00179
XM_044384511.2	696	516.98	0	0
XM_044384515.2	485	306.217	0	0
XM_044384516.2	477	298.277	7.33492	10.5582
XM_044384517.1	2589	2409.9	0	0
XM_044384518.2	2610	2430.9	0	0
XM_044384519.2	2595	2415.9	0	0
XM_044384520.2	2675	2495.9	19.1812	3.29959
XM_044384522.2	3670	3490.9	0	0
XM_044384528.2	4812	4632.9	0	0
XM_044384529.2	5163	4983.9	0	0
XM_044384530.2	2800	2620.9	23.6896	3.88079
XM_044384531.2	5286	5106.9	0	0
XM_044384533.2	4269	4089.9	0	0
XM_044384534.2	4231	4051.9	0	0
XM_044384535.2	8406	8226.9	73.426	3.83201
XM_044384536.2	19626	19446.9	28.3395	0.625683
XM_044384537.2	19045	18865.9	0.0832045	0.00189358
XM_044384538.2	19125	18945.9	0.000332608	7.53756e-06
XM_044384539.2	18950	18770.9	60.4324	1.38229
XM_044384541.2	19257	19077.9	80.7504	1.8173
XM_044384542.2	2124	1944.9	0.450309	0.099409
XM_044384543.2	9226	9046.9	136.383	6.47253
XM_044384544.2	9432	9252.9	77.0594	3.5757
XM_044384547.2	15002	14822.9	5.05664	0.146468
XM_044384548.2	1090	910.905	2.85717	1.34672
XM_044384550.2	1811	1631.9	0	0
XM_044384551.2	3719	3539.9	1.35958	0.164902
XM_044384552.2	3774	3594.9	0	0
XM_044384553.2	3711	3531.9	0	0
XM_044384554.2	3571	3391.9	0	0
XM_044384555.2	3559	3379.9	0	0
XM_044384556.2	1449	1269.9	0	0
XM_044384558.2	9198	9018.9	0	0
XM_044384559.2	3641	3461.9	77.489	9.61034
XM_044384560.2	13383	13203.9	4.03237	0.131121
XM_044384561.2	3561	3381.9	15.0874	1.91544
XM_044384562.2	3458	3278.9	0	0
XM_044384563.2	3464	3284.9	0	0
XM_044384564.2	3282	3102.9	8.05668	1.11481
XM_044384565.2	2979	2799.9	0	0
XM_044384566.2	2862	2682.9	19	3.04062
XM_044384567.2	1568	1388.9	0	0
XM_044384568.2	1200	1020.9	0	0
XM_044384569.2	4873	4693.9	0	0
XM_044384570.2	10694	10514.9	35.1202	1.43405
XM_044384571.2	10622	10442.9	0	0
XM_044384572.2	1051	871.905	1	0.49243
XM_044384573.2	1166	986.905	6.60682	2.87429
XM_044384574.2	7079	6899.9	0	0
XM_044384575.2	7396	7216.9	0	0
XM_044384576.2	7046	6866.9	0	0
XM_044384577.2	7031	6851.9	0	0
XM_044384578.2	7357	7177.9	0	0
XM_044384579.2	6998	6818.9	0	0
XM_044384580.2	6910	6730.9	161.168	10.2806
XM_044384581.2	6896	6716.9	43.8861	2.80525
XM_044384582.2	6878	6698.9	0.00144142	9.2385e-05
XM_044384583.2	6894	6714.9	0	0
XM_044384584.2	6874	6694.9	0	0
XM_044384585.2	3882	3702.9	0	0
XM_044384586.2	4360	4180.9	35.2763	3.62265
XM_044384589.2	11913	11733.9	0	0
XM_044384590.2	8213	8033.9	0	0
XM_044384591.2	8185	8005.9	0	0
XM_044384592.2	8492	8312.9	0	0
XM_044384593.2	879	699.98	0	0
XM_044384595.2	8209	8029.9	0	0
XM_044384603.2	2164	1984.9	1.12016	0.2423
XM_044384605.2	1118	938.905	0	0
XM_044384606.2	3176	2996.9	4.16252	0.596344
XM_044384608.2	529	350.091	0	0
XM_044384609.2	7451	7271.9	0	0
XM_044384610.2	7633	7453.9	0	0
XM_044384611.2	3438	3258.9	8	1.05398
XM_044384613.2	782	602.98	0	0
XM_044384614.2	6605	6425.9	9.08036	0.606711
XM_044384615.2	6523	6343.9	0	0
XM_044384617.2	6279	6099.9	0	0
XM_044384618.2	6382	6202.9	0	0
XM_044384619.2	6476	6296.9	0	0
XM_044384620.2	932	752.98	3.67856	2.09753
XM_044384621.2	1429	1249.9	2.51528	0.864019
XM_044384622.2	804	624.98	0	0
XM_044384623.2	1902	1722.9	0	0
XM_044384624.2	1627	1447.9	0	0
XM_044384625.2	3388	3208.9	0	0
XM_044384626.2	3045	2865.9	8.39124	1.25712
XM_044384627.2	10894	10714.9	56.0222	2.24484
XM_044384628.2	2217	2037.9	0.0203421	0.00428574
XM_044384629.2	3843	3663.9	3	0.351553
XM_044384630.2	3687	3507.9	0	0
XM_044384631.2	3642	3462.9	0	0
XM_044384632.2	10709	10529.9	0	0
XM_044384633.2	10454	10274.9	0	0
XM_044384634.2	10247	10067.9	0	0
XM_044384635.2	6518	6338.9	19.7895	1.3404
XM_044384638.2	847	667.98	4.29695	2.76191
XM_044384640.2	7924	7744.9	18.7721	1.04066
XM_044384641.2	7636	7456.9	0	0
XM_044384642.2	3861	3681.9	0	0
XM_044384643.2	2360	2180.9	0	0
XM_044384644.2	2385	2205.9	0	0
XM_044384645.2	2261	2081.9	0	0
XM_044384647.2	5258	5078.9	83.0813	7.02338
XM_044384648.2	12210	12030.9	0	0
XM_044384651.2	11284	11104.9	28.5681	1.10454
XM_044384652.2	1193	1013.9	0	0
XM_044384653.2	1063	883.905	0	0
XM_044384654.2	996	816.905	1.41485	0.743623
XM_044384655.2	976	796.905	0	0
XM_044384656.2	2830	2650.9	0	0
XM_044384657.2	3370	3190.9	15	2.01832
XM_044384658.2	12935	12755.9	0	0
XM_044384659.2	12868	12688.9	2.21984e-08	7.51121e-10
XM_044384661.2	2470	2290.9	0	0
XM_044384662.2	3511	3331.9	0	0
XM_044384663.2	6639	6459.9	0	0
XM_044384664.2	1708	1528.9	0	0
XM_044384665.2	1912	1732.9	1	0.247764
XM_044384666.2	3433	3253.9	0	0
XM_044384667.2	3427	3247.9	0	0
XM_044384668.2	3391	3211.9	0	0
XM_044384669.2	3385	3205.9	0	0
XM_044384670.2	3773	3593.9	0	0
XM_044384671.2	3581	3401.9	14.8936	1.87971
XM_044384672.2	3583	3403.9	43.2106	5.45038
XM_044384673.2	3445	3265.9	33.2157	4.3667
XM_044384674.2	3337	3157.9	0	0
XM_044384675.2	3256	3076.9	29.1001	4.06063
XM_044384677.2	1255	1075.9	447.178	178.451
XM_044384678.2	1143	963.905	42.7347	19.0353
XM_044384682.2	210	64.8213	0	0
XM_044384683.2	3657	3477.9	1	0.123451
XM_044384684.2	6235	6055.9	73.2096	5.19042
XM_044384685.2	6335	6155.9	39.6372	2.76455
XM_044384686.2	6213	6033.9	18.668	1.32835
XM_044384687.2	866	686.98	0	0
XM_044384688.1	696	516.98	0	0
XM_044384691.2	2009	1829.9	0	0
XM_044384696.2	2999	2819.9	5.13946	0.782522
XM_044384697.2	4775	4595.9	5.17557	0.483504
XM_044384701.2	2843	2663.9	0	0
XM_044384702.2	3426	3246.9	0	0
XM_044384703.2	2821	2641.9	0	0
XM_044384704.2	6375	6195.9	0	0
XM_044384705.2	6357	6177.9	0	0
XM_044384706.2	6332	6152.9	4.4717	0.312037
XM_044384707.2	925	745.98	0	0
XM_044384708.2	4128	3948.9	0	0
XM_044384709.2	2495	2315.9	0.00351869	0.00065234
XM_044384710.2	2484	2304.9	1.75689	0.327269
XM_044384712.2	1877	1697.9	0	0
XM_044384713.2	2957	2777.9	0	0
XM_044384714.2	4253	4073.9	33.9671	3.57981
XM_044384715.2	4238	4058.9	0	0
XM_044384716.2	4145	3965.9	0	0
XM_044384717.2	4099	3919.9	10.8082	1.18384
XM_044384719.2	4601	4421.9	0	0
XM_044384720.2	11137	10957.9	0	0
XM_044384723.2	7459	7279.9	0	0
XM_044384725.2	4420	4240.9	0.00640975	0.000648927
XM_044384726.2	4397	4217.9	7.74329	0.78821
XM_044384727.2	4112	3932.9	0.507681	0.0554231
XM_044384728.2	2268	2088.9	11.2886	2.32025
XM_044384729.2	1097	917.905	0	0
XM_044384730.2	2490	2310.9	0	0
XM_044384731.2	2405	2225.9	0	0
XM_044384732.2	1881	1701.9	9.00738	2.27236
XM_044384733.2	2407	2227.9	0	0
XM_044384734.2	4253	4073.9	0	0
XM_044384735.2	3760	3580.9	0	0
XM_044384736.2	3761	3581.9	0	0
XM_044384737.1	279	113.066	0	0
XM_044384738.2	5715	5535.9	8	0.620461
XM_044384740.2	2236	2056.9	0	0
XM_044384741.1	3270	3090.9	0	0
XM_044384742.2	2454	2274.9	0	0
XM_044384743.2	3906	3726.9	0	0
XM_044384744.2	1105	925.905	0	0
XM_044384745.2	3174	2994.9	0	0
XM_044384748.2	693	513.98	0	0
XM_044384750.1	606	426.98	0	0
XM_044384751.2	1083	903.905	0	0
XM_044384753.2	615	435.98	0	0
XM_044384754.2	7209	7029.9	0	0
XM_044384755.1	264	101.148	0	0
XM_044384756.2	3734	3554.9	0	0
XM_044384759.2	3074	2894.9	0	0
XM_044384760.2	2893	2713.9	1.22856e-06	1.94364e-07
XM_044384761.2	3026	2846.9	0	0
XM_044384762.2	7342	7162.9	1.59858	0.0958206
XM_044384763.2	3496	3316.9	0	0
XM_044384764.2	2750	2570.9	0	0
XM_044384766.2	5049	4869.9	4.55807	0.401859
XM_044384767.2	8310	8130.9	8.74891	0.461986
XM_044384769.2	2131	1951.9	9.97536	2.19424
XM_044384770.2	5148	4968.9	0	0
XM_044384773.2	5629	5449.9	21.4768	1.69198
XM_044384775.1	2343	2163.9	0	0
XM_044384776.2	2031	1851.9	0	0
XM_044384777.2	6903	6723.9	5.4278	0.34659
XM_044384778.2	6924	6744.9	1.12783e-05	7.1793e-07
XM_044384779.2	6909	6729.9	0.000206088	1.31479e-05
XM_044384781.2	5664	5484.9	5.67053	0.443883
XM_044384783.2	1963	1783.9	0	0
XM_044384784.2	6011	5831.9	0	0
XM_044384785.2	6008	5828.9	0	0
XM_044384786.2	5999	5819.9	0	0
XM_044384787.2	5937	5757.9	0	0
XM_044384788.2	3562	3382.9	0	0
XM_044384789.2	1371	1191.9	0	0
XM_044384790.2	5335	5155.9	0	0
XM_044384791.2	1969	1789.9	0.023913	0.00573612
XM_044384792.2	1962	1782.9	3.97609	0.957505
XM_044384795.2	3415	3235.9	0	0
XM_044384796.2	5538	5358.9	0	0
XM_044384797.2	1371	1191.9	0	0
XM_044384798.2	7899	7719.9	180.443	10.0356
XM_044384799.2	8417	8237.9	0	0
XM_044384800.2	2878	2698.9	18.9548	3.01541
XM_044384801.2	4747	4567.9	0	0
XM_044384802.2	4988	4808.9	0	0
XM_044384803.2	4592	4412.9	0	0
XM_044384808.2	2014	1834.9	0	0
XM_044384809.2	9551	9371.9	0	0
XM_044384810.2	9430	9250.9	4.12321e-08	1.91366e-09
XM_044384811.2	9437	9257.9	0	0
XM_044384812.2	9416	9236.9	0	0
XM_044384813.2	9323	9143.9	0	0
XM_044384814.2	9281	9101.9	417.839	19.7102
XM_044384816.2	6193	6013.9	0	0
XM_044384817.2	6100	5920.9	0	0
XM_044384818.2	6079	5899.9	0	0
XM_044384819.2	5986	5806.9	0	0
XM_044384823.2	4129	3949.9	0	0
XM_044384825.2	341	166.443	0	0
XM_044384826.2	6417	6237.9	0	0
XM_044384828.2	4212	4032.9	0	0
XM_044384829.2	4069	3889.9	0	0
XM_044384831.2	4569	4389.9	6	0.586826
XM_044384832.2	9120	8940.9	5	0.240105
XM_044384834.2	5323	5143.9	289.98	24.2041
XM_044384836.2	4113	3933.9	0	0
XM_044384837.2	4055	3875.9	4.41369	0.488925
XM_044384838.2	4058	3878.9	0	0
XM_044384839.2	4037	3857.9	0	0
XM_044384840.2	3380	3200.9	137.104	18.3904
XM_044384842.2	3285	3105.9	51.0091	7.05136
XM_044384843.2	3575	3395.9	0	0
XM_044384844.2	4894	4714.9	0	0
XM_044384845.2	4881	4701.9	14.0694	1.28474
XM_044384846.2	4744	4564.9	0	0
XM_044384847.2	606	426.98	0	0
XM_044384848.2	2970	2790.9	0	0
XM_044384849.2	2004	1824.9	0	0
XM_044384852.1	595	415.98	1.63099	1.68342
XM_044384854.2	11769	11589.9	1	0.0370453
XM_044384855.2	4393	4213.9	0	0
XM_044384856.2	4452	4272.9	0	0
XM_044384857.2	4494	4314.9	29.4512	2.93053
XM_044384858.2	2463	2283.9	11.5348	2.16843
XM_044384859.2	2226	2046.9	62.3303	13.0742
XM_044384860.2	3915	3735.9	0	0
XM_044384862.2	4784	4604.9	0	0
XM_044384864.2	2023	1843.9	0	0
XM_044384866.2	4244	4064.9	0	0
XM_044384867.2	3714	3534.9	0	0
XM_044384869.2	6395	6215.9	0	0
XM_044384870.2	5021	4841.9	11.2475	0.997363
XM_044384871.2	2345	2165.9	0	0
XM_044384872.2	1488	1308.9	8.65457	2.83891
XM_044384873.1	1506	1326.9	0	0
XM_044384874.2	773	593.98	0	0
XM_044384875.2	2802	2622.9	2	0.327387
XM_044384876.2	2301	2121.9	3	0.607028
XM_044384880.2	1593	1413.9	0	0
XM_044384881.2	1623	1443.9	0	0
XM_044384882.2	13240	13060.9	0	0
XM_044384883.2	11149	10969.9	0.180281	0.00705602
XM_044384884.2	1478	1298.9	0	0
XM_044384885.2	2149	1969.9	14.1999	3.09495
XM_044384886.2	6079	5899.9	24.3211	1.76991
XM_044384887.2	6989	6809.9	53.4326	3.36882
XM_044384888.2	2986	2806.9	0	0
XM_044384889.2	12986	12806.9	1	0.033525
XM_044384890.2	5063	4883.9	0.000458809	4.03346e-05
XM_044384891.2	5025	4845.9	0	0
XM_044384892.2	6792	6612.9	10	0.649264
XM_044384893.2	3920	3740.9	3.50436	0.402203
XM_044384894.2	7431	7251.9	0	0
XM_044384895.2	8671	8491.9	0	0
XM_044384896.2	7422	7242.9	0	0
XM_044384897.2	7381	7201.9	0	0
XM_044384898.2	7275	7095.9	16.2347	0.982311
XM_044384900.2	7217	7037.9	0	0
XM_044384901.2	7211	7031.9	0	0
XM_044384902.2	7106	6926.9	11.2184	0.695354
XM_044384903.2	7061	6881.9	6.38239e-05	3.98188e-06
XM_044384904.2	2881	2701.9	0	0
XM_044384905.2	2626	2446.9	0	0
XM_044384907.2	3435	3255.9	0	0
XM_044384908.2	3434	3254.9	0	0
XM_044384909.2	3405	3225.9	0	0
XM_044384911.2	1061	881.905	1.20155	0.58497
XM_044384912.2	9234	9054.9	0	0
XM_044384913.2	9360	9180.9	0	0
XM_044384914.2	9071	8891.9	0.356998	0.0172379
XM_044384915.2	9049	8869.9	0	0
XM_044384916.2	8933	8753.9	0	0
XM_044384917.2	264	101.148	0	0
XM_044384918.2	1854	1674.9	2.26835	0.581477
XM_044384919.2	2050	1870.9	16.6504	3.82109
XM_044384921.2	2987	2807.9	47	7.18669
XM_044384923.2	3603	3423.9	0	0
XM_044384924.1	3363	3183.9	3	0.404552
XM_044384925.2	4724	4544.9	17.5472	1.65766
XM_044384926.2	5160	4980.9	7.00061	0.60345
XM_044384927.2	3071	2891.9	0	0
XM_044384928.2	3644	3464.9	3.71919	0.460861
XM_044384929.2	2982	2802.9	0	0
XM_044384930.2	2942	2762.9	0	0
XM_044384931.2	2771	2591.9	0	0
XM_044384932.2	2654	2474.9	0.000137105	2.37853e-05
XM_044384933.2	2760	2580.9	14.7338	2.45108
XM_044384934.2	7908	7728.9	0	0
XM_044384935.2	4063	3883.9	12.8202	1.41723
XM_044384936.2	3911	3731.9	0	0
XM_044384937.2	8783	8603.9	5.57578	0.278243
XM_044384938.2	3858	3678.9	0	0
XM_044384939.2	3379	3199.9	57.2573	7.68258
XM_044384940.2	2280	2100.9	37.6818	7.70085
XM_044384941.2	2388	2208.9	0	0
XM_044384942.2	2290	2110.9	0.0767121	0.015603
XM_044384943.2	3803	3623.9	0	0
XM_044384944.2	3790	3610.9	31.4433	3.73874
XM_044384945.2	3045	2865.9	24.5862	3.68335
XM_044384946.2	19205	19025.9	5.32581	0.120186
XM_044384947.2	19199	19019.9	256.79	5.79673
XM_044384949.2	19154	18974.9	0.00128707	2.9123e-05
XM_044384950.2	19154	18974.9	0.00291838	6.60352e-05
XM_044384951.2	19142	18962.9	1.65251	0.0374155
XM_044384953.2	19103	18923.9	3.64921	0.0827945
XM_044384954.2	19091	18911.9	0.22387	0.00508246
XM_044384955.2	19091	18911.9	0.0158329	0.000359449
XM_044384958.2	19082	18902.9	12.7511	0.289623
XM_044384959.2	19040	18860.9	1.24891	0.0284302
XM_044384961.2	19031	18851.9	1.42971	0.0325617
XM_044384970.2	18857	18677.9	16.6319	0.382321
XM_044384972.2	9761	9581.9	0	0
XM_044384973.2	9706	9526.9	0.00106923	4.81875e-05
XM_044384974.2	2581	2401.9	11.6673	2.08558
XM_044384975.2	2486	2306.9	0	0
XM_044384976.2	2788	2608.9	0	0
XM_044384978.2	2693	2513.9	0	0
XM_044384979.2	1917	1737.9	3.96825	0.980363
XM_044384980.2	5470	5290.9	0	0
XM_044384981.2	5467	5287.9	0	0
XM_044384982.2	550	371.056	0	0
XM_044384983.2	4406	4226.9	0	0
XM_044384984.2	4363	4183.9	0	0
XM_044384989.2	5510	5330.9	2.04211	0.164472
XM_044384992.2	2814	2634.9	0	0
XM_044384993.2	19739	19559.9	0	0
XM_044384994.2	12451	12271.9	0	0
XM_044384995.2	4494	4314.9	4.04743	0.402737
XM_044384996.2	4491	4311.9	10.0314	0.998861
XM_044384997.2	4631	4451.9	0	0
XM_044384998.2	2314	2134.9	1.13814e-06	2.28891e-07
XM_044384999.2	2208	2028.9	0	0
XM_044385000.2	2161	1981.9	12.8203	2.77734
XM_044385001.2	8894	8714.9	0	0
XM_044385002.2	1799	1619.9	0	0
XM_044385003.2	6594	6414.9	4.29854	0.287703
XM_044385004.2	6671	6491.9	0	0
XM_044385005.2	2467	2287.9	1068	200.423
XM_044385006.2	8307	8127.9	0.00210417	0.000111151
XM_044385007.2	8213	8033.9	0.195756	0.0104617
XM_044385008.2	4210	4030.9	0	0
XM_044385009.2	4190	4010.9	0	0
XM_044385010.2	4022	3842.9	0	0
XM_044385011.2	2652	2472.9	15.3192	2.65976
XM_044385012.2	7617	7437.9	5.80354	0.335008
XM_044385013.2	11921	11741.9	0	0
XM_044385015.2	1529	1349.9	75.4427	23.9954
XM_044385016.2	1481	1301.9	0	0
XM_044385017.2	7671	7491.9	0	0
XM_044385018.2	7616	7436.9	0	0
XM_044385019.2	7441	7261.9	3.94562	0.23328
XM_044385020.2	6184	6004.9	0	0
XM_044385021.2	6001	5821.9	0	0
XM_044385022.2	6182	6002.9	0	0
XM_044385023.2	5745	5565.9	7	0.539978
XM_044385024.2	1407	1227.9	0	0
XM_044385025.2	3743	3563.9	0	0
XM_044385026.2	9566	9386.9	0	0
XM_044385027.2	8475	8295.9	9.23528	0.477969
XM_044385029.2	4192	4012.9	0	0
XM_044385030.2	1887	1707.9	0	0
XM_044385031.2	5833	5653.9	0	0
XM_044385038.2	5792	5612.9	0	0
XM_044385039.2	5769	5589.9	0	0
XM_044385041.2	7400	7220.9	0	0
XM_044385042.2	5853	5673.9	0	0
XM_044385043.2	5767	5587.9	0.262628	0.0201793
XM_044385045.2	1736	1556.9	0	0
XM_044385046.2	2986	2806.9	0	0
XM_044385047.2	2903	2723.9	2.51818	0.396925
XM_044385048.2	2483	2303.9	3.48182	0.648866
XM_044385049.2	2738	2558.9	0	0
XM_044385050.2	2733	2553.9	0	0
XM_044385051.2	2680	2500.9	0	0
XM_044385052.2	2593	2413.9	5.55393	0.987857
XM_044385053.2	2217	2037.9	1.03596e-06	2.1826e-07
XM_044385054.2	3755	3575.9	0	0
XM_044385055.2	3566	3386.9	0	0
XM_044385056.2	2238	2058.9	0	0
XM_044385057.2	6567	6387.9	0	0
XM_044385058.2	15260	15080.9	0	0
XM_044385059.2	6434	6254.9	0	0
XM_044385060.2	7987	7807.9	0	0
XM_044385061.2	13112	12932.9	0	0
XM_044385062.2	15528	15348.9	0	0
XM_044385064.2	5556	5376.9	0	0
XM_044385065.2	5057	4877.9	0	0
XM_044385066.2	5023	4843.9	0	0
XM_044385067.2	5583	5403.9	0	0
XM_044385068.2	6094	5914.9	0	0
XM_044385069.2	3041	2861.9	1.00452	0.150702
XM_044385070.2	2847	2667.9	0	0
XM_044385071.2	2798	2618.9	0	0
XM_044385072.2	2339	2159.9	0	0
XM_044385073.2	954	774.905	5.91193	3.27563
XM_044385074.2	958	778.905	0	0
XM_044385075.2	3581	3401.9	0	0
XM_044385076.2	1875	1695.9	0	0
XM_044385077.2	2557	2377.9	0	0
XM_044385078.2	2423	2243.9	0	0
XM_044385079.2	2478	2298.9	0	0
XM_044385080.2	5566	5386.9	0	0
XM_044385081.2	2119	1939.9	112.232	24.8398
XM_044385082.2	2154	1974.9	0.117752	0.0255997
XM_044385083.2	1764	1584.9	0	0
XM_044385084.2	9317	9137.9	0	0
XM_044385085.2	8896	8716.9	103.745	5.10997
XM_044385087.2	3475	3295.9	0	0
XM_044385088.2	3138	2958.9	3.52394	0.511342
XM_044385089.2	2970	2790.9	0	0
XM_044385090.2	2792	2612.9	0	0
XM_044385091.2	8521	8341.9	0	0
XM_044385092.2	8589	8409.9	0	0
XM_044385099.2	1605	1425.9	0	0
XM_044385100.2	3210	3030.9	0.861833	0.122085
XM_044385101.2	2004	1824.9	0	0
XM_044385102.2	2465	2285.9	249.128	46.7926
XM_044385103.2	2572	2392.9	32.451	5.82258
XM_044385105.2	2695	2515.9	0	0
XM_044385106.2	2644	2464.9	0	0
XM_044385108.2	2537	2357.9	0	0
XM_044385109.2	2666	2486.9	10.5855	1.82753
XM_044385110.2	3051	2871.9	0	0
XM_044385111.2	4205	4025.9	12.915	1.37736
XM_044385114.2	7820	7640.9	0	0
XM_044385115.2	2065	1885.9	0	0
XM_044385116.2	1761	1581.9	0	0
XM_044385118.2	3193	3013.9	0	0
XM_044385119.2	11096	10916.9	0	0
XM_044385120.2	10988	10808.9	0	0
XM_044385121.2	11079	10899.9	0	0
XM_044385122.2	11057	10877.9	0	0
XM_044385123.2	9881	9701.9	4.56881e-06	2.0219e-07
XM_044385124.2	9576	9396.9	0	0
XM_044385125.2	5516	5336.9	2.62278e-06	2.11001e-07
XM_044385127.2	6381	6201.9	0.00105438	7.29939e-05
XM_044385128.2	6340	6160.9	6.05589	0.422034
XM_044385129.2	6360	6180.9	0.0881692	0.00612461
XM_044385130.2	6333	6153.9	26.6986	1.86274
XM_044385131.2	6806	6626.9	0	0
XM_044385132.2	5861	5681.9	9.99802	0.755498
XM_044385136.2	252	92.3911	0	0
XM_044385146.1	438	259.551	0	0
XM_044385147.2	5479	5299.9	11.9744	0.970061
XM_044385148.2	3533	3353.9	5.89642	0.754833
XM_044385149.1	354	178.271	0	0
XM_044385150.1	948	768.905	0	0
XM_044385151.2	1494	1314.9	0	0
XM_044385152.1	1217	1037.9	0	0
XM_044385153.2	1413	1233.9	2	0.695924
XM_044385154.1	384	206.757	0	0
XM_044385155.2	871	691.98	1	0.620468
XM_044385156.2	374	197.121	5.61024	12.2197
XM_044385157.2	867	687.98	0	0
XM_044385158.2	1101	921.905	0	0
XM_044385159.2	1071	891.905	0	0
XM_044385160.1	339	164.594	0	0
XM_044385162.2	24892	24712.9	0.000238306	4.14022e-06
XM_044385163.2	10454	10274.9	0	0
XM_044385164.2	25049	24869.9	6.13702e-08	1.05949e-09
XM_044385165.2	25130	24950.9	0	0
XM_044385166.2	10457	10277.9	0	0
XM_044385168.2	10216	10036.9	0	0
XM_044385169.2	10257	10077.9	0	0
XM_044385170.2	10496	10316.9	0	0
XM_044385171.2	16830	16650.9	1.32771	0.0342356
XM_044385172.2	10053	9873.9	0	0
XM_044385173.2	11671	11491.9	0	0
XM_044385174.2	10230	10050.9	0	0
XM_044385175.2	9899	9719.9	0	0
XM_044385176.2	21765	21585.9	1.22611	0.0243877
XM_044385177.2	10272	10092.9	0	0
XM_044385178.2	15693	15513.9	11.2066	0.310147
XM_044385179.2	4708	4528.9	0	0
XM_044385180.2	4665	4485.9	0	0
XM_044385181.2	4658	4478.9	19.3463	1.85456
XM_044385182.2	4614	4434.9	1.01294e-08	9.80652e-10
XM_044385183.2	4559	4379.9	33.0528	3.24009
XM_044385184.2	4520	4340.9	0	0
XM_044385185.2	4506	4326.9	0	0
XM_044385186.2	3547	3367.9	17.5347	2.23538
XM_044385187.2	3498	3318.9	0	0
XM_044385188.2	6284	6104.9	161.686	11.3712
XM_044385194.2	11907	11727.9	0	0
XM_044385196.2	3403	3223.9	0	0
XM_044385197.2	3354	3174.9	0	0
XM_044385198.2	3573	3393.9	0	0
XM_044385199.2	3212	3032.9	0.000115362	1.63312e-05
XM_044385200.1	626	446.98	0	0
XM_044385201.2	3217	3037.9	2	0.282663
XM_044385202.2	8721	8541.9	0	0
XM_044385203.2	2098	1918.9	33.7343	7.548
XM_044385204.2	7087	6907.9	0	0
XM_044385205.2	3886	3706.9	5.08878	0.589407
XM_044385206.2	6932	6752.9	0	0
XM_044385207.2	6912	6732.9	0	0
XM_044385208.2	7112	6932.9	16.9047	1.0469
XM_044385209.2	6677	6497.9	0	0
XM_044385210.2	7612	7432.9	2.9935	0.172915
XM_044385211.2	418	239.953	0	0
XM_044385212.2	7276	7096.9	0	0
XM_044385213.2	10510	10330.9	12.1674	0.505678
XM_044385214.2	10417	10237.9	13.5411	0.56788
XM_044385215.2	10425	10245.9	0	0
XM_044385216.2	519	340.091	0	0
XM_044385217.2	1857	1677.9	0	0
XM_044385218.2	1694	1514.9	179.947	51.0003
XM_044385219.2	5203	5023.9	0	0
XM_044385220.2	5200	5020.9	0	0
XM_044385221.2	4746	4566.9	0	0
XM_044385222.2	2097	1917.9	0	0
XM_044385223.2	11889	11709.9	0	0
XM_044385224.2	2043	1863.9	0	0
XM_044385225.2	9253	9073.9	0	0
XM_044385226.2	10207	10027.9	7.44917	0.318941
XM_044385227.2	11186	11006.9	4.7338	0.184654
XM_044385228.2	10136	9956.9	0	0
XM_044385229.2	10135	9955.9	0	0
XM_044385230.2	10577	10397.9	0.807004	0.0333229
XM_044385231.2	11632	11452.9	219.762	8.23856
XM_044385233.2	1864	1684.9	0	0
XM_044385234.2	1198	1018.9	0	0
XM_044385235.2	5288	5108.9	0	0
XM_044385237.2	4774	4594.9	0	0
XM_044385238.2	9094	8914.9	0	0
XM_044385239.2	4714	4534.9	0	0
XM_044385240.2	4328	4148.9	0	0
XM_044385241.2	6126	5946.9	0.639729	0.0461869
XM_044385242.2	9382	9202.9	0	0
XM_044385243.2	9342	9162.9	0	0
XM_044385244.2	9376	9196.9	0	0
XM_044385245.2	9199	9019.9	0	0
XM_044385246.2	6052	5872.9	0	0
XM_044385247.2	4283	4103.9	0	0
XM_044385249.2	5724	5544.9	50.1627	3.88419
XM_044385250.2	6157	5977.9	1.35147	0.0970669
XM_044385251.2	4221	4041.9	0	0
XM_044385252.2	4187	4007.9	0	0
XM_044385253.2	3631	3451.9	9	1.11943
XM_044385254.2	3427	3247.9	0.000144425	1.9092e-05
XM_044385256.2	5880	5700.9	0	0
XM_044385258.1	3633	3453.9	0	0
XM_044385259.2	3616	3436.9	0	0
XM_044385260.2	3460	3280.9	0	0
XM_044385261.2	2490	2310.9	0.218474	0.0405911
XM_044385262.2	2615	2435.9	2.88919	0.509247
XM_044385263.2	2178	1998.9	0	0
XM_044385266.2	1200	1020.9	465.567	195.799
XM_044385267.2	1721	1541.9	0	0
XM_044385270.2	3064	2884.9	0	0
XM_044385272.2	3451	3271.9	8.03199	1.05399
XM_044385273.2	3404	3224.9	0	0
XM_044385276.2	5761	5581.9	12.1275	0.932833
XM_044385277.2	3315	3135.9	0	0
XM_044385278.2	3266	3086.9	32.0181	4.45334
XM_044385279.2	3219	3039.9	0	0
XM_044385281.2	4051	3871.9	10.1708	1.12783
XM_044385282.2	4051	3871.9	0	0
XM_044385283.2	4027	3847.9	0	0
XM_044385284.2	1595	1415.9	0	0
XM_044385285.2	1477	1297.9	0	0
XM_044385286.2	11868	11688.9	0	0
XM_044385287.2	9218	9038.9	0	0
XM_044385288.2	8849	8669.9	1.88744e-07	9.34701e-09
XM_044385289.2	8334	8154.9	105.581	5.55877
XM_044385290.2	3788	3608.9	75	8.92276
XM_044385291.2	8796	8616.9	0	0
XM_044385292.2	3481	3301.9	15.6487	2.03483
XM_044385293.2	3269	3089.9	0	0
XM_044385294.2	13588	13408.9	3.1517e-06	1.00917e-07
XM_044385296.2	4979	4799.9	0	0
XM_044385299.2	1392	1212.9	35.6028	12.6029
XM_044385302.2	3913	3733.9	0	0
XM_044385305.1	3889	3709.9	0	0
XM_044385306.1	3259	3079.9	0	0
XM_044385307.1	3091	2911.9	0	0
XM_044385309.2	8407	8227.9	21.4229	1.1179
XM_044385310.2	8386	8206.9	343.236	17.9567
XM_044385311.2	8344	8164.9	15.2814	0.803576
XM_044385312.2	8323	8143.9	43.2661	2.28102
XM_044385313.2	8155	7975.9	7.7923	0.419468
XM_044385314.2	8071	7891.9	0	0
XM_044385315.2	7947	7767.9	0	0
XM_044385316.2	7665	7485.9	5.25228	0.301243
XM_044385317.2	8943	8763.9	0	0
XM_044385318.2	2559	2379.9	0.972462	0.175439
XM_044385319.2	2557	2377.9	25.078	4.52806
XM_044385320.2	2543	2363.9	0	0
XM_044385321.2	3336	3156.9	0	0
XM_044385322.2	10530	10350.9	63.0397	2.61487
XM_044385324.2	9960	9780.9	0	0
XM_044385325.2	9851	9671.9	3.26118e-06	1.44769e-07
XM_044385326.2	9816	9636.9	7.06334e-08	3.14692e-09
XM_044385327.2	9957	9777.9	0	0
XM_044385328.2	9870	9690.9	0	0
XM_044385329.2	9855	9675.9	0	0
XM_044385330.2	4791	4611.9	11.8254	1.1009
XM_044385332.2	5087	4907.9	0	0
XM_044385333.2	7688	7508.9	40.3081	2.30478
XM_044385335.2	7567	7387.9	0	0
XM_044385337.2	7135	6955.9	1	0.0617248
XM_044385338.2	6209	6029.9	0	0
XM_044385339.2	5785	5605.9	38.4036	2.9413
XM_044385340.2	3304	3124.9	0	0
XM_044385341.2	3328	3148.9	0	0
XM_044385342.2	3274	3094.9	0	0
XM_044385343.2	3231	3051.9	0	0
XM_044385344.2	3179	2999.9	0	0
XM_044385345.2	7754	7574.9	0	0
XM_044385347.2	3201	3021.9	0	0
XM_044385349.2	4662	4482.9	0	0
XM_044385350.2	3106	2926.9	0	0
XM_044385351.2	3302	3122.9	0	0
XM_044385353.1	1452	1272.9	0	0
XM_044385354.1	1450	1270.9	0	0
XM_044385356.2	13726	13546.9	0	0
XM_044385357.2	5767	5587.9	35.1692	2.70226
XM_044385358.2	5822	5642.9	0	0
XM_044385359.2	11742	11562.9	0	0
XM_044385361.1	654	474.98	0	0
XM_044385363.1	1038	858.905	0	0
XM_044385366.2	6119	5939.9	12	0.867392
XM_044385367.2	657	477.98	0	0
XM_044385370.1	523	344.091	0	0
XM_044385371.1	276	110.763	0	0
XM_044385372.1	207	63.0744	0	0
XM_044385373.1	204	61.3817	0	0
XM_044385375.1	1830	1650.9	0	0
XM_044385377.2	1781	1601.9	0	0
XM_044385378.1	189	53.1885	0	0
XM_044385379.2	2144	1964.9	69	15.0772
XM_044385380.2	4338	4158.9	0	0
XM_044385381.1	492	313.186	0	0
XM_044385382.1	471	292.277	0	0
XM_044385383.2	990	810.905	0	0
XM_044385384.2	11682	11502.9	41.882	1.56327
XM_044385385.2	1212	1032.9	0	0
XM_044385386.2	482	303.217	0	0
XM_044385387.2	744	564.98	0	0
XM_044385388.1	745	565.98	0	0
XM_044385389.2	1185	1005.9	0	0
XM_044385391.2	834	654.98	0	0
XM_044385392.2	1860	1680.9	0	0
XM_044385393.1	1779	1599.9	0	0
XM_044385394.1	1767	1587.9	0	0
XM_044385397.2	1779	1599.9	0	0
XM_044385398.1	1764	1584.9	0	0
XM_044385399.1	1764	1584.9	0	0
XM_044385400.1	1776	1596.9	0	0
XM_044385401.2	1863	1683.9	0	0
XM_044385402.2	3689	3509.9	1	0.122326
XM_044385405.1	834	654.98	0	0
XM_044385407.2	498	319.091	0	0
XM_044385408.2	627	447.98	0	0
XM_044385411.2	363	186.702	0	0
XM_044385413.2	885	705.98	0	0
XM_044385415.2	1176	996.905	18	7.75233
XM_044385416.2	1881	1701.9	0	0
XM_044385418.2	5081	4901.9	34	2.97802
XM_044385419.2	3934	3754.9	0	0
XM_044385420.2	3002	2822.9	0	0
XM_044385421.2	6137	5957.9	1.16582	0.084014
XM_044385422.2	3395	3215.9	4.13666	0.55228
XM_044385423.2	4879	4699.9	0	0
XM_044385425.2	3075	2895.9	0	0
XM_044385426.2	3253	3073.9	17.8974	2.49985
XM_044385427.2	1210	1030.9	55.8841	23.2746
XM_044385428.2	2601	2421.9	0	0
XM_044385429.2	3191	3011.9	0	0
XM_044385430.2	3664	3484.9	11.3506	1.39843
XM_044385431.2	2929	2749.9	6.24879	0.975645
XM_044385432.2	5864	5684.9	0	0
XM_044385433.2	3614	3434.9	0	0
XM_044385434.2	3622	3442.9	81.3943	10.1504
XM_044385436.2	1749	1569.9	56.6374	15.4897
XM_044385437.2	3592	3412.9	4.16797	0.524341
XM_044385438.2	1668	1488.9	16.7542	4.83136
XM_044385439.2	3539	3359.9	0	0
XM_044385440.2	1920	1740.9	0	0
XM_044385441.2	1720	1540.9	9.86326	2.74826
XM_044385442.2	2081	1901.9	5	1.12874
XM_044385443.2	2025	1845.9	0	0
XM_044385447.2	4361	4181.9	66	6.77615
XM_044385453.2	3386	3206.9	13.9469	1.86727
XM_044385454.2	1283	1103.9	0	0
XM_044385455.2	1239	1059.9	8.75706	3.54736
XM_044385456.2	2694	2514.9	0	0
XM_044385457.2	2680	2500.9	0	0
XM_044385458.2	3942	3762.9	0	0
XM_044385459.2	4113	3933.9	0	0
XM_044385460.2	4440	4260.9	0	0
XM_044385461.2	2786	2606.9	0	0
XM_044385462.2	2457	2277.9	0	0
XM_044385463.2	7126	6946.9	3.44418	0.212867
XM_044385464.2	2087	1907.9	0	0
XM_044385465.2	4146	3966.9	0	0
XM_044385466.2	2022	1842.9	0	0
XM_044385467.2	1763	1583.9	20.9551	5.68034
XM_044385468.2	32897	32717.9	0.000467022	6.12865e-06
XM_044385469.2	32772	32592.9	0.0689907	0.000908826
XM_044385470.2	10298	10118.9	0	0
XM_044385471.2	10606	10426.9	0	0
XM_044385472.2	10007	9827.9	0	0
XM_044385473.2	9902	9722.9	0	0
XM_044385475.2	2522	2342.9	1	0.183256
XM_044385476.2	7443	7263.9	62.9219	3.71916
XM_044385477.2	7106	6926.9	0	0
XM_044385480.2	1565	1385.9	2.67399	0.828401
XM_044385485.2	3222	3042.9	22.0921	3.11718
XM_044385486.2	6071	5891.9	0	0
XM_044385487.2	6111	5931.9	0	0
XM_044385488.2	5888	5708.9	0	0
XM_044385489.2	2285	2105.9	4.98692	1.01673
XM_044385491.2	1846	1666.9	0	0
XM_044385492.2	1828	1648.9	0	0
XM_044385494.2	1606	1426.9	0	0
XM_044385495.2	1500	1320.9	23.1612	7.5284
XM_044385496.2	1491	1311.9	0	0
XM_044385497.2	6998	6818.9	28.6305	1.80272
XM_044385498.2	7262	7082.9	0	0
XM_044385499.2	7971	7791.9	14.8472	0.818113
XM_044385500.2	8022	7842.9	17	0.930648
XM_044385501.2	2583	2403.9	0	0
XM_044385502.2	1958	1778.9	0	0
XM_044385503.2	1915	1735.9	0	0
XM_044385504.2	4394	4214.9	0	0
XM_044385505.2	4311	4131.9	0	0
XM_044385506.2	4281	4101.9	0	0
XM_044385508.2	5815	5635.9	0	0
XM_044385509.2	3732	3552.9	4.20271	0.507877
XM_044385510.2	6425	6245.9	43.3296	2.97853
XM_044385511.2	2840	2660.9	0.00102162	0.000164844
XM_044385512.2	2561	2381.9	0.311764	0.0561973
XM_044385513.2	5567	5387.9	0	0
XM_044385514.2	6040	5860.9	0	0
XM_044385518.2	2883	2703.9	0	0
XM_044385519.2	2351	2171.9	0.00970084	0.00191771
XM_044385520.2	2737	2557.9	1.45792	0.244715
XM_044385521.2	5924	5744.9	0	0
XM_044385522.2	4047	3867.9	0	0
XM_044385523.2	1264	1084.9	43.5065	17.2177
XM_044385524.2	3906	3726.9	27.258	3.14021
XM_044385526.2	7292	7112.9	0	0
XM_044385527.2	6573	6393.9	14.9013	1.00062
XM_044385528.2	5405	5225.9	18.1447	1.49074
XM_044385534.2	5702	5522.9	7.80987	0.607141
XM_044385535.2	5644	5464.9	4.03345	0.316889
XM_044385537.2	7039	6859.9	3.67017e-06	2.29711e-07
XM_044385538.2	9122	8942.9	0	0
XM_044385539.2	8954	8774.9	0	0
XM_044385540.2	8831	8651.9	59.3435	2.94493
XM_044385541.2	10942	10762.9	0	0
XM_044385542.2	11415	11235.9	1.22614	0.0468539
XM_044385543.2	10826	10646.9	0	0
XM_044385545.2	10833	10653.9	0	0
XM_044385547.2	10695	10515.9	0	0
XM_044385549.2	6323	6143.9	0	0
XM_044385550.2	2710	2530.9	5.5183	0.936144
XM_044385551.2	11000	10820.9	0	0
XM_044385552.2	6339	6159.9	0	0
XM_044385553.2	6096	5916.9	39.1095	2.83792
XM_044385554.2	6093	5913.9	0	0
XM_044385555.2	2974	2794.9	5.5164	0.847426
XM_044385556.2	8772	8592.9	1.48684	0.0742912
XM_044385557.2	10072	9892.9	0	0
XM_044385558.2	11573	11393.9	0	0
XM_044385559.2	9837	9657.9	19.4584	0.865041
XM_044385560.2	10969	10789.9	0	0
XM_044385563.2	8936	8756.9	0	0
XM_044385565.2	6028	5848.9	0	0
XM_044385567.2	5002	4822.9	3.91958	0.348934
XM_044385568.2	6377	6197.9	3.97753	0.275539
XM_044385570.2	3635	3455.9	0	0
XM_044385572.2	5331	5151.9	0	0
XM_044385573.2	5129	4949.9	32.8012	2.84516
XM_044385574.2	9069	8889.9	0	0
XM_044385575.2	9434	9254.9	5.55123	0.257532
XM_044385577.2	3562	3382.9	78.4945	9.96237
XM_044385579.2	4725	4545.9	0	0
XM_044385581.2	2073	1893.9	0	0
XM_044385582.2	13544	13364.9	1.10177	0.0353948
XM_044385583.2	6741	6561.9	26	1.70121
XM_044385584.2	5593	5413.9	351.154	27.8484
XM_044385585.2	5494	5314.9	1.16679	0.0942562
XM_044385586.2	5618	5438.9	0.136084	0.0107426
XM_044385587.2	5594	5414.9	9.16392	0.726614
XM_044385588.2	5573	5393.9	230.312	18.3327
XM_044385590.2	2014	1834.9	0	0
XM_044385592.2	2274	2094.9	0	0
XM_044385593.2	7307	7127.9	0	0
XM_044385594.2	6948	6768.9	0	0
XM_044385596.2	15802	15622.9	57.5349	1.58119
XM_044385597.2	6984	6804.9	18.8976	1.19233
XM_044385599.2	1129	949.905	1.96072	0.886234
XM_044385601.2	1767	1587.9	0	0
XM_044385602.2	3181	3001.9	4	0.572106
XM_044385604.2	2214	2034.9	0	0
XM_044385605.2	1443	1263.9	0	0
XM_044385606.1	1479	1299.9	0	0
XM_044385609.2	2444	2264.9	0	0
XM_044385610.2	1917	1737.9	0	0
XM_044385611.2	1812	1632.9	1	0.262938
XM_044385612.2	3194	3014.9	0	0
XM_044385613.1	711	531.98	0	0
XM_044385614.2	1608	1428.9	0	0
XM_044385615.2	1491	1311.9	0	0
XM_044385616.2	2982	2802.9	0	0
XM_044385617.2	767	587.98	1	0.730215
XM_044385618.1	285	117.858	0	0
XM_044385619.2	303	132.581	0	0
XM_044385620.2	1409	1229.9	3	1.04728
XM_044385621.2	1365	1185.9	0	0
XM_044385622.2	4383	4203.9	0	0
XM_044385623.2	4326	4146.9	0	0
XM_044385624.1	390	212.589	0	0
XM_044385625.1	3438	3258.9	0	0
XM_044385626.1	3096	2916.9	0	0
XM_044385628.2	1347	1167.9	0	0
XM_044385629.2	2649	2469.9	0	0
XM_044385630.2	2595	2415.9	0	0
XM_044385631.2	2541	2361.9	0	0
XM_044385632.2	2511	2331.9	0	0
XM_044385633.2	2502	2322.9	0	0
XM_044385634.1	1098	918.905	0	0
XM_044385635.1	270	105.978	0	0
XM_044385638.2	825	645.98	0	0
XM_044385639.2	10281	10101.9	111.226	4.72733
XM_044385640.1	924	744.98	0	0
XM_044385645.2	210	64.8213	0	0
XM_044385646.2	282	115.361	0	0
XM_044385648.2	8187	8007.9	0.00667223	0.000357739
XM_044385649.2	2706	2526.9	0	0
XM_044385650.2	195	56.0902	0	0
XM_044385655.2	8151	7971.9	0.00017062	9.18927e-06
XM_044385659.2	1787	1607.9	4	1.0681
XM_044385663.2	7178	6998.9	10.5163	0.645127
XM_044385665.2	3767	3587.9	4	0.478666
XM_044385668.2	2097	1917.9	29.3892	6.57922
XM_044385669.2	12147	11967.9	8.2527	0.296068
XM_044385671.2	6942	6762.9	7.08459	0.449775
XM_044385672.2	12002	11822.9	0	0
XM_044385673.2	1022	842.905	2	1.01874
XM_044385674.2	1338	1158.9	0	0
XM_044385675.2	1608	1428.9	0	0
XM_044385676.2	929	749.98	0	0
XM_044385677.2	857	677.98	51.7264	32.7573
XM_044385678.2	5750	5570.9	50	3.85352
XM_044385679.2	2369	2189.9	0	0
XM_044385680.2	28360	28180.9	4.37355	0.0666335
XM_044385681.2	5377	5197.9	22.9988	1.89972
XM_044385682.2	5395	5215.9	0	0
XM_044385683.2	5266	5086.9	0	0
XM_044385684.2	6401	6221.9	0	0
XM_044385685.2	5347	5167.9	0	0
XM_044385686.2	6209	6029.9	0	0
XM_044385687.2	10405	10225.9	0	0
XM_044385688.2	6900	6720.9	39.0637	2.49551
XM_044385689.2	9060	8880.9	0	0
XM_044385690.2	14816	14636.9	6.9722	0.204519
XM_044385692.2	14699	14519.9	0	0
XM_044385693.2	6582	6402.9	4.96406	0.332869
XM_044385694.2	3069	2889.9	0	0
XM_044385695.2	3000	2820.9	18.9875	2.88997
XM_044385696.2	2585	2405.9	5.67469	1.01269
XM_044385697.2	3535	3355.9	35.3253	4.51949
XM_044385698.2	2215	2035.9	0	0
XM_044385699.2	2051	1871.9	52	11.9271
XM_044385700.2	2099	1919.9	0	0
XM_044385701.2	2824	2644.9	0	0
XM_044385702.2	2812	2632.9	0	0
XM_044385703.2	2689	2509.9	2.61668	0.447616
XM_044385704.2	14071	13891.9	7.37965	0.22808
XM_044385705.2	5841	5661.9	3	0.227495
XM_044385706.2	5043	4863.9	0	0
XM_044385707.2	4979	4799.9	0	0
XM_044385708.2	5103	4923.9	0	0
XM_044385709.2	4976	4796.9	0	0
XM_044385710.2	4981	4801.9	0	0
XM_044385711.2	4866	4686.9	0	0
XM_044385712.2	2972	2792.9	4	0.614918
XM_044385713.2	11310	11130.9	0.127682	0.00492509
XM_044385714.2	11267	11087.9	19.9439	0.772278
XM_044385715.2	4946	4766.9	17.0847	1.53881
XM_044385722.2	1030	850.905	42.8992	21.6462
XM_044385723.2	8348	8168.9	0	0
XM_044385724.2	9350	9170.9	0	0
XM_044385725.2	8245	8065.9	0	0
XM_044385726.2	8454	8274.9	0	0
XM_044385727.2	9393	9213.9	0	0
XM_044385728.2	9318	9138.9	0	0
XM_044385729.2	1720	1540.9	15.4671	4.30971
XM_044385730.2	4234	4054.9	0	0
XM_044385731.2	5146	4966.9	0	0
XM_044385732.2	4173	3993.9	0	0
XM_044385733.2	4256	4076.9	0	0
XM_044385734.2	4259	4079.9	0	0
XM_044385735.2	4071	3891.9	0	0
XM_044385738.2	8282	8102.9	0	0
XM_044385739.2	5571	5391.9	17.9158	1.42662
XM_044385740.2	5307	5127.9	8.02646	0.672044
XM_044385741.2	1747	1567.9	0	0
XM_044385742.2	5798	5618.9	0	0
XM_044385743.2	6022	5842.9	0	0
XM_044385744.2	3751	3571.9	0	0
XM_044385746.2	4047	3867.9	0	0
XM_044385747.2	1885	1705.9	5.37729	1.35339
XM_044385748.2	5883	5703.9	0	0
XM_044385749.2	2817	2637.9	0	0
XM_044385750.2	6524	6344.9	0	0
XM_044385751.2	6585	6405.9	0	0
XM_044385752.2	2251	2071.9	91.8924	19.0425
XM_044385755.2	1669	1489.9	23.5328	6.78153
XM_044385756.2	3614	3434.9	12	1.49996
XM_044385757.2	3018	2838.9	1554	235.025
XM_044385758.2	4449	4269.9	1	0.100553
XM_044385759.2	4436	4256.9	0	0
XM_044385760.2	7364	7184.9	3.99272	0.238595
XM_044385761.2	2488	2308.9	0	0
XM_044385762.2	4072	3892.9	8.45773	0.932811
XM_044385764.2	4007	3827.9	4.64781	0.521315
XM_044385765.2	3944	3764.9	0	0
XM_044385766.2	4896	4716.9	0	0
XM_044385767.2	2368	2188.9	0	0
XM_044385768.2	8208	8028.9	0	0
XM_044385769.2	2023	1843.9	9	2.09564
XM_044385770.2	9369	9189.9	0	0
XM_044385772.2	8956	8776.9	0	0
XM_044385774.2	6042	5862.9	0	0
XM_044385775.2	1757	1577.9	0	0
XM_044385777.2	2823	2643.9	33.2135	5.39365
XM_044385778.2	2824	2644.9	0	0
XM_044385779.2	5506	5326.9	490.55	39.5387
XM_044385780.2	2864	2684.9	0	0
XM_044385781.2	2016	1836.9	0	0
XM_044385783.2	4068	3888.9	14	1.54566
XM_044385784.2	1075	895.905	1	0.479238
XM_044385785.2	8252	8072.9	9.6338	0.512367
XM_044385788.2	2714	2534.9	19.4648	3.29687
XM_044385790.2	4376	4196.9	8.81142	0.901426
XM_044385791.2	4526	4346.9	28.9789	2.8623
XM_044385792.2	4391	4211.9	1.00104	0.102044
XM_044385796.2	3132	2952.9	0	0
XM_044385797.2	3128	2948.9	0	0
XM_044385798.2	3092	2912.9	0.00143161	0.000211014
XM_044385799.2	3088	2908.9	0.00860254	0.00126973
XM_044385802.2	2718	2538.9	0	0
XM_044385803.2	2677	2497.9	0.000134651	2.31445e-05
XM_044385804.2	4197	4017.9	0	0
XM_044385805.2	4191	4011.9	0	0
XM_044385806.2	4197	4017.9	0	0
XM_044385807.2	12203	12023.9	0	0
XM_044385808.2	2554	2374.9	0.950344	0.17181
XM_044385810.2	1323	1143.9	0	0
XM_044385811.2	1320	1140.9	0	0
XM_044385812.2	1192	1012.9	16.6774	7.06924
XM_044385813.2	1334	1154.9	0	0
XM_044385814.2	5012	4832.9	0	0
XM_044385817.2	3872	3692.9	1.33284	0.154962
XM_044385818.2	3740	3560.9	0	0
XM_044385819.2	9380	9200.9	0.000477576	2.22857e-05
XM_044385820.2	9368	9188.9	72.0043	3.36441
XM_044385821.2	9088	8908.9	0	0
XM_044385822.2	3362	3182.9	1.40793	0.18992
XM_044385823.2	6674	6494.9	27.9446	1.8473
XM_044385824.2	6721	6541.9	0	0
XM_044385825.2	3947	3767.9	50.8868	5.79854
XM_044385826.2	15118	14938.9	0	0
XM_044385827.2	28939	28759.9	0	0
XM_044385828.2	19164	18984.9	0	0
XM_044385829.2	2467	2287.9	0	0
XM_044385830.2	2275	2095.9	0	0
XM_044385831.2	2260	2080.9	0	0
XM_044385832.2	1480	1300.9	0	0
XM_044385833.2	2158	1978.9	0	0
XM_044385834.1	4374	4194.9	0	0
XM_044385835.2	4372	4192.9	0	0
XM_044385836.1	4344	4164.9	0	0
XM_044385837.2	3670	3490.9	7.92205e-05	9.74346e-06
XM_044385838.1	4314	4134.9	0	0
XM_044385839.2	7208	7028.9	0	0
XM_044385840.2	4466	4286.9	0	0
XM_044385842.2	2289	2109.9	0	0
XM_044385846.2	3713	3533.9	0	0
XM_044385847.2	2062	1882.9	0	0
XM_044385848.2	947	767.905	129.65	72.4899
XM_044385849.2	873	693.98	20.5949	12.7417
XM_044385850.2	870	690.98	0	0
XM_044385851.2	948	768.905	4.36842	2.4393
XM_044385852.2	784	604.98	0	0
XM_044385853.2	12436	12256.9	3.62322	0.126919
XM_044385854.2	2261	2081.9	0	0
XM_044385855.2	1867	1687.9	0	0
XM_044385856.2	4483	4303.9	0	0
XM_044385858.2	4381	4201.9	0	0
XM_044385859.2	3914	3734.9	0	0
XM_044385861.2	3496	3316.9	0.000695202	8.99894e-05
XM_044385865.2	5519	5339.9	0	0
XM_044385866.2	5496	5316.9	0	0
XM_044385867.2	2937	2757.9	0	0
XM_044385868.2	2806	2626.9	6.48778	1.06039
XM_044385869.2	2224	2044.9	1.44598	0.3036
XM_044385870.2	1754	1574.9	0	0
XM_044385871.2	375	198.081	0	0
XM_044385872.2	5171	4991.9	0	0
XM_044385873.2	3777	3597.9	0	0
XM_044385874.2	5545	5365.9	19.2654	1.54151
XM_044385875.2	5096	4916.9	0	0
XM_044385876.2	4991	4811.9	0	0
XM_044385877.2	5394	5214.9	0	0
XM_044385878.2	5459	5279.9	0	0
XM_044385879.2	4263	4083.9	2.37424	0.24961
XM_044385880.2	4061	3881.9	0	0
XM_044385881.2	8160	7980.9	0	0
XM_044385883.2	11034	10854.9	0	0
XM_044385884.2	11674	11494.9	0	0
XM_044385885.2	11014	10834.9	64.6684	2.5626
XM_044385886.2	10985	10805.9	0	0
XM_044385887.2	10966	10786.9	0	0
XM_044385888.2	10701	10521.9	0	0
XM_044385889.2	10183	10003.9	0	0
XM_044385892.2	10339	10159.9	0	0
XM_044385893.2	4816	4636.9	0	0
XM_044385894.2	8375	8195.9	5.02188	0.263077
XM_044385895.2	1016	836.905	0	0
XM_044385896.2	10652	10472.9	1.56183	0.0640293
XM_044385897.2	4369	4189.9	0	0
XM_044385898.2	10553	10373.9	6.96807e-05	2.88392e-06
XM_044385899.2	3949	3769.9	0.873836	0.0995206
XM_044385900.2	4437	4257.9	0	0
XM_044385901.2	3299	3119.9	2.49252	0.343013
XM_044385902.2	10925	10745.9	0	0
XM_044385903.2	7501	7321.9	0	0
XM_044385904.2	6794	6614.9	29.2683	1.89971
XM_044385905.2	8469	8289.9	0	0
XM_044385906.2	7204	7024.9	0	0
XM_044385907.2	1239	1059.9	0	0
XM_044385908.2	3532	3352.9	27.4541	3.51559
XM_044385910.2	2642	2462.9	84.3152	14.6985
XM_044385911.2	11460	11280.9	0	0
XM_044385912.2	5683	5503.9	0	0
XM_044385914.2	4376	4196.9	30	3.06906
XM_044385915.2	4370	4190.9	0	0
XM_044385920.2	2669	2489.9	1	0.172437
XM_044385921.2	6205	6025.9	0.000198773	1.41628e-05
XM_044385922.2	6147	5967.9	60.2356	4.33356
XM_044385923.2	7014	6834.9	0	0
XM_044385924.2	2196	2016.9	0	0
XM_044385925.2	2175	1995.9	0	0
XM_044385930.2	841	661.98	37.6612	24.4266
XM_044385933.2	5279	5099.9	0	0
XM_044385934.2	4718	4538.9	0	0
XM_044385935.2	5195	5015.9	0	0
XM_044385938.1	1413	1233.9	0	0
XM_044385939.2	2232	2052.9	20.2266	4.23027
XM_044385940.2	2173	1993.9	5.23865e-06	1.12805e-06
XM_044385942.2	1812	1632.9	5.44857	1.43263
XM_044385943.2	4550	4370.9	57.8574	5.6833
XM_044385944.2	4546	4366.9	0.22351	0.0219754
XM_044385946.2	2436	2256.9	0	0
XM_044385947.2	1905	1725.9	2	0.497538
XM_044385949.2	3763	3583.9	0	0
XM_044385955.2	1101	921.905	0	0
XM_044385956.2	954	774.905	0	0
XM_044385957.2	7790	7610.9	42.9878	2.42506
XM_044385963.2	7671	7491.9	0.000438861	2.51506e-05
XM_044385966.1	249	90.2619	0	0
XM_044385968.2	7561	7381.9	22.8281	1.32775
XM_044385969.1	237	81.834	0	0
XM_044385970.1	429	250.808	0	0
XM_044385971.2	7549	7369.9	0	0
XM_044385972.1	888	708.98	0	0
XM_044385973.1	762	582.98	0	0
XM_044385974.2	7603	7423.9	73.4523	4.24802
XM_044385975.2	7588	7408.9	37.7261	2.18626
XM_044385977.2	1865	1685.9	59.8309	15.2372
XM_044385979.2	1364	1184.9	3.24107e-05	1.17441e-05
XM_044385980.2	1571	1391.9	1	0.308464
XM_044385983.2	216	68.2098	0	0
XM_044385984.2	2357	2177.9	0	0
XM_044385985.2	2149	1969.9	0	0
XM_044385986.2	5369	5189.9	1.90787e-08	1.57835e-09
XM_044385987.2	5280	5100.9	0	0
XM_044385988.2	8758	8578.9	0	0
XM_044385989.2	8954	8774.9	0	0
XM_044385990.2	4432	4252.9	33	3.33151
XM_044385991.2	5125	4945.9	0	0
XM_044385992.2	6122	5942.9	0	0
XM_044385993.2	6119	5939.9	7.35299	0.531494
XM_044385994.2	2900	2720.9	0.000609374	9.61578e-05
XM_044386000.2	2709	2529.9	496.594	84.2773
XM_044386002.2	4285	4105.9	0	0
XM_044386003.2	2862	2682.9	2.46138	0.393901
XM_044386005.2	4973	4793.9	4.22184	0.378117
XM_044386006.2	2645	2465.9	1.21374	0.211331
XM_044386007.2	2991	2811.9	22.4701	3.43098
XM_044386008.2	3232	3052.9	0	0
XM_044386009.2	1987	1807.9	1.31613	0.312562
XM_044386010.2	2718	2538.9	0	0
XM_044386011.2	8798	8618.9	218.31	10.8751
XM_044386012.2	1352	1172.9	73.6902	26.9749
XM_044386013.2	2828	2648.9	86.3196	13.9912
XM_044386014.2	4388	4208.9	0	0
XM_044386015.2	4472	4292.9	0	0
XM_044386018.2	3895	3715.9	12.1662	1.40573
XM_044386019.2	3111	2931.9	46.6988	6.83863
XM_044386020.2	10395	10215.9	0.151138	0.00635198
XM_044386021.2	6098	5918.9	253.248	18.3704
XM_044386022.2	5748	5568.9	5.75355e-08	4.43588e-09
XM_044386023.2	5806	5626.9	0	0
XM_044386024.2	5815	5635.9	0	0
XM_044386025.2	5821	5641.9	0	0
XM_044386026.2	5828	5648.9	0	0
XM_044386027.2	5741	5561.9	0	0
XM_044386028.2	5738	5558.9	0	0
XM_044386029.2	4867	4687.9	0.105234	0.00963806
XM_044386030.2	5695	5515.9	0	0
XM_044386031.2	5747	5567.9	0	0
XM_044386032.2	5608	5428.9	0	0
XM_044386033.2	5374	5194.9	0	0
XM_044386034.2	5387	5207.9	0	0
XM_044386039.2	4784	4604.9	0	0
XM_044386041.2	4852	4672.9	6.89477	0.633499
XM_044386042.2	1626	1446.9	0	0
XM_044386045.2	7012	6832.9	51.3935	3.22936
XM_044386046.2	5249	5069.9	3.72788	0.3157
XM_044386047.2	3976	3796.9	0	0
XM_044386048.2	3889	3709.9	18.7229	2.16682
XM_044386049.2	3833	3653.9	0	0
XM_044386050.2	1510	1330.9	26.8168	8.65114
XM_044386052.2	5178	4998.9	14.6507	1.25834
XM_044386053.2	8104	7924.9	1.93875e-06	1.05037e-07
XM_044386054.2	1473	1293.9	0	0
XM_044386055.2	8089	7909.9	0	0
XM_044386056.2	7839	7659.9	0	0
XM_044386057.2	7765	7585.9	2.60398e-05	1.47382e-06
XM_044386058.2	8320	8140.9	0	0
XM_044386059.2	7839	7659.9	0	0
XM_044386060.2	7688	7508.9	15.7695	0.901687
XM_044386063.2	14587	14407.9	4.20963	0.125446
XM_044386064.2	8151	7971.9	635.278	34.2149
XM_044386066.2	3939	3759.9	0	0
XM_044386067.2	1945	1765.9	0	0
XM_044386068.2	8047	7867.9	0	0
XM_044386069.2	13708	13528.9	56.173	1.7827
XM_044386070.2	1557	1377.9	5.40776e-08	1.68505e-08
XM_044386071.2	1537	1357.9	10.4622	3.30803
XM_044386072.2	8032	7852.9	0	0
XM_044386073.2	6629	6449.9	0	0
XM_044386074.2	4318	4138.9	183	18.9836
XM_044386075.2	4201	4021.9	80.0388	8.54441
XM_044386076.2	7974	7794.9	107.511	5.92182
XM_044386077.2	3998	3818.9	35.7191	4.01583
XM_044386078.2	1616	1436.9	16072.6	4802.55
XM_044386079.2	3639	3459.9	468.427	58.1287
XM_044386080.2	3789	3609.9	0	0
XM_044386081.2	4133	3953.9	298.668	32.4322
XM_044386082.2	8805	8625.9	63.6678	3.16905
XM_044386087.2	1775	1595.9	0	0
XM_044386101.2	5162	4982.9	91.5459	7.88805
XM_044386103.2	10146	9966.9	431.797	18.6008
XM_044386104.2	12026	11846.9	0	0
XM_044386106.2	31322	31142.9	0	0
XM_044386107.2	13376	13196.9	99.8886	3.2498
XM_044386108.2	23990	23810.9	1.91868	0.0345971
XM_044386109.2	24025	23845.9	7.46143	0.134345
XM_044386111.2	1449	1269.9	0	0
XM_044386112.2	1075	895.905	4	1.91695
XM_044386114.2	13014	12834.9	3.50993	0.117414
XM_044386116.2	12896	12716.9	3645.87	123.093
XM_044386117.2	12666	12486.9	92.1637	3.16897
XM_044386118.2	11730	11550.9	50.7488	1.88635
XM_044386119.2	11740	11560.9	7.30242e-06	2.71199e-07
XM_044386120.2	8439	8259.9	1	0.0519803
XM_044386121.2	1719	1539.9	0	0
XM_044386122.2	1711	1531.9	0	0
XM_044386129.2	5465	5285.9	4.5333	0.368221
XM_044386130.2	4859	4679.9	0	0
XM_044386131.2	772	592.98	0	0
XM_044386136.2	1488	1308.9	0	0
XM_044386137.2	7857	7677.9	0	0
XM_044386138.2	7803	7623.9	0	0
XM_044386140.2	1016	836.905	60	30.7814
XM_044386142.2	17827	17647.9	89	2.16526
XM_044386143.2	3523	3343.9	0	0
XM_044386145.2	7641	7461.9	0.117553	0.00676388
XM_044386146.2	2807	2627.9	24	3.92116
XM_044386147.2	1214	1034.9	0	0
XM_044386148.2	1502	1322.9	0	0
XM_044386150.2	2746	2566.9	134.558	22.5067
XM_044386151.2	2428	2248.9	0	0
XM_044386152.2	2413	2233.9	225.442	43.3296
XM_044386153.2	3044	2864.9	67.7535	10.154
XM_044386154.2	3136	2956.9	16.7465	2.43165
XM_044386156.2	720	540.98	0	0
XM_044386157.2	641	461.98	0	0
XM_044386158.2	2828	2648.9	5.22746	0.847302
XM_044386159.2	2333	2153.9	0.0028098	0.000560096
XM_044386160.2	2372	2192.9	0	0
XM_044386161.2	17941	17761.9	0	0
XM_044386162.2	17371	17191.9	0	0
XM_044386163.2	8327	8147.9	19.1338	1.00825
XM_044386164.2	6500	6320.9	1.4318	0.097256
XM_044386165.2	6494	6314.9	4.94446	0.336175
XM_044386166.2	6469	6289.9	0	0
XM_044386167.2	6322	6142.9	0	0
XM_044386169.2	4079	3899.9	30.7807	3.38873
XM_044386170.2	9428	9248.9	99.7524	4.6307
XM_044386171.2	9426	9246.9	137.501	6.38443
XM_044386172.2	9401	9221.9	0	0
XM_044386173.2	9546	9366.9	1.26151e-07	5.78239e-09
XM_044386175.2	6636	6456.9	838.62	55.764
XM_044386176.2	4997	4817.9	496.38	44.2354
XM_044386177.2	1320	1140.9	6681.24	2514.32
XM_044386178.2	1597	1417.9	39.7645	12.041
XM_044386179.2	6098	5918.9	72	5.22281
XM_044386180.2	3936	3756.9	0	0
XM_044386181.2	3895	3715.9	0	0
XM_044386182.2	3886	3706.9	0	0
XM_044386183.2	3873	3693.9	1.35505e-06	1.57501e-07
XM_044386184.2	3850	3670.9	0	0
XM_044386185.2	3836	3656.9	0	0
XM_044386186.2	3817	3637.9	0	0
XM_044386187.2	3802	3622.9	2.75607	0.326623
XM_044386188.2	3798	3618.9	2.00679e-07	2.38089e-08
XM_044386189.2	3786	3606.9	0	0
XM_044386190.2	3791	3611.9	184.357	21.9147
XM_044386191.2	3771	3591.9	31.1337	3.72151
XM_044386192.2	3739	3559.9	69.0732	8.33076
XM_044386193.2	3733	3553.9	71.2031	8.60214
XM_044386194.2	3719	3539.9	49.9836	6.06247
XM_044386195.2	3681	3501.9	0.00316598	0.000388166
XM_044386196.2	3669	3489.9	4.3072e-08	5.29901e-09
XM_044386197.2	3616	3436.9	0.000112238	1.40212e-05
XM_044386198.2	3638	3458.9	0	0
XM_044386199.2	1386	1206.9	0	0
XM_044386200.2	5231	5051.9	271.545	23.0781
XM_044386202.2	6825	6645.9	15.7852	1.01979
XM_044386203.2	6468	6288.9	0	0
XM_044386204.2	7297	7117.9	8.33052	0.502497
XM_044386205.2	6137	5957.9	16.4583	1.18606
XM_044386206.2	471	292.277	1.33974	1.96806
XM_044386207.2	1029	849.905	40.9412	20.6825
XM_044386208.2	4553	4373.9	0	0
XM_044386209.2	7201	7021.9	0	0
XM_044386210.2	1217	1037.9	18.7564	7.75898
XM_044386211.2	1189	1009.9	57.1798	24.3095
XM_044386212.2	5049	4869.9	104.5	9.21321
XM_044386213.2	4845	4665.9	188.651	17.3595
XM_044386214.2	8318	8138.9	0	0
XM_044386215.2	7831	7651.9	41.3709	2.32134
XM_044386216.2	7066	6886.9	0	0
XM_044386218.2	6768	6588.9	0	0
XM_044386219.2	7761	7581.9	0	0
XM_044386221.2	5633	5453.9	0	0
XM_044386223.2	4089	3909.9	0	0
XM_044386225.2	6143	5963.9	65.901	4.74433
XM_044386227.2	3972	3792.9	0	0
XM_044386229.2	3981	3801.9	0	0
XM_044386231.2	10146	9966.9	1.40673	0.0605986
XM_044386232.2	581	401.98	806.356	861.262
XM_044386233.2	12820	12640.9	0.00357506	0.000121428
XM_044386234.2	5947	5767.9	0	0
XM_044386235.2	1595	1415.9	0	0
XM_044386236.2	4374	4194.9	1.08024	0.110563
XM_044386237.2	5792	5612.9	0	0
XM_044386238.2	4499	4319.9	1	0.0993892
XM_044386239.2	1363	1183.9	0	0
XM_044386240.2	2605	2425.9	2.13487	0.377843
XM_044386241.2	4185	4005.9	176.629	18.931
XM_044386243.2	4170	3990.9	302.053	32.4956
XM_044386244.2	4002	3822.9	185.404	20.8228
XM_044386245.2	3987	3807.9	5208.68	587.293
XM_044386246.2	1659	1479.9	1197.24	347.344
XM_044386247.2	6175	5995.9	0	0
XM_044386251.2	2901	2721.9	0.000158356	2.49791e-05
XM_044386258.2	4330	4150.9	0	0
XM_044386259.2	3560	3380.9	4	0.507973
XM_044386260.2	3743	3563.9	0.0486396	0.00585973
XM_044386262.2	3692	3512.9	0	0
XM_044386265.2	333	159.24	0	0
XM_044386266.2	3596	3416.9	0	0
XM_044386267.2	975	795.905	0	0
XM_044386268.2	2400	2220.9	0	0
XM_044386269.2	2361	2181.9	0	0
XM_044386270.2	2037	1857.9	0	0
XM_044386271.2	1941	1761.9	0.0345752	0.0084255
XM_044386272.2	380	202.901	0	0
XM_044386273.2	1311	1131.9	0	0
XM_044386274.2	2496	2316.9	65.6632	12.1682
XM_044386276.2	11624	11444.9	0	0
XM_044386277.2	4169	3989.9	12.7455	1.37154
XM_044386278.2	9667	9487.9	24.6574	1.11581
XM_044386280.2	9451	9271.9	0	0
XM_044386281.2	11536	11356.9	0	0
XM_044386282.2	11824	11644.9	0	0
XM_044386283.2	1447	1267.9	0	0
XM_044386286.2	2310	2130.9	0	0
XM_044386287.2	2205	2025.9	0	0
XM_044386289.2	2274	2094.9	0	0
XM_044386291.2	2147	1967.9	0	0
XM_044386292.2	2220	2040.9	0	0
XM_044386293.2	2910	2730.9	0	0
XM_044386294.2	2034	1854.9	0	0
XM_044386295.2	2111	1931.9	0	0
XM_044386296.2	1818	1638.9	3.66988e-07	9.61417e-08
XM_044386300.2	3291	3111.9	11	1.51768
XM_044386301.2	10076	9896.9	0	0
XM_044386302.2	1142	962.905	0	0
XM_044386303.2	1182	1002.9	81.4538	34.8711
XM_044386304.2	7134	6954.9	36.0374	2.22472
XM_044386305.2	1517	1337.9	4.16646	1.33707
XM_044386306.2	1421	1241.9	0	0
XM_044386307.2	1528	1348.9	0	0
XM_044386308.2	9787	9607.9	19.3511	0.86475
XM_044386309.2	991	811.905	3.94719	2.08736
XM_044386310.2	929	749.98	0	0
XM_044386312.2	3779	3599.9	0	0
XM_044386313.2	4101	3921.9	0	0
XM_044386316.2	4442	4262.9	0	0
XM_044386317.2	6595	6415.9	0	0
XM_044386318.2	1945	1765.9	1	0.243134
XM_044386319.2	3536	3356.9	5.82285	0.744749
XM_044386320.2	3870	3690.9	0	0
XM_044386321.2	3658	3478.9	0	0
XM_044386322.2	3799	3619.9	0	0
XM_044386323.2	3652	3472.9	0	0
XM_044386324.2	3708	3528.9	0	0
XM_044386325.2	3523	3343.9	2.67112e-05	3.42967e-06
XM_044386326.2	3491	3311.9	7.52405	0.97541
XM_044386328.2	3291	3111.9	0	0
XM_044386329.2	2755	2575.9	0	0
XM_044386330.2	6622	6442.9	0	0
XM_044386331.2	7514	7334.9	0	0
XM_044386332.2	6463	6283.9	3.6875	0.251951
XM_044386333.2	2062	1882.9	0	0
XM_044386334.2	3493	3313.9	0	0
XM_044386336.2	3670	3490.9	0	0
XM_044386337.2	3533	3353.9	0	0
XM_044386338.2	5165	4985.9	0	0
XM_044386339.2	2407	2227.9	0	0
XM_044386341.2	5026	4846.9	0	0
XM_044386342.2	2293	2113.9	0	0
XM_044386343.2	2890	2710.9	0	0
XM_044386344.2	2695	2515.9	0	0
XM_044386345.2	2496	2316.9	0	0
XM_044386346.2	2661	2481.9	10.1717	1.75964
XM_044386347.2	2733	2553.9	0	0
XM_044386348.2	5739	5559.9	0	0
XM_044386349.2	5550	5370.9	0	0
XM_044386350.2	5535	5355.9	16.815	1.34796
XM_044386351.2	5401	5221.9	0	0
XM_044386352.2	5700	5520.9	2.34207e-06	1.82139e-07
XM_044386353.2	2356	2176.9	22.5224	4.44209
XM_044386354.2	5649	5469.9	0	0
XM_044386356.2	5635	5455.9	0	0
XM_044386357.2	5638	5458.9	30.631	2.40918
XM_044386358.2	5397	5217.9	0	0
XM_044386359.2	5294	5114.9	0	0
XM_044386361.2	4856	4676.9	9.06367	0.832068
XM_044386362.2	2076	1896.9	2.53448	0.573663
XM_044386363.2	8373	8193.9	8.88185e-06	4.654e-07
XM_044386364.2	6641	6461.9	0	0
XM_044386365.2	5922	5742.9	0	0
XM_044386366.2	8284	8104.9	13.744	0.72808
XM_044386367.2	8252	8072.9	0	0
XM_044386368.2	7263	7083.9	676.557	41.0058
XM_044386371.2	8244	8064.9	14.1563	0.75364
XM_044386372.2	18814	18634.9	0	0
XM_044386373.2	3463	3283.9	0	0
XM_044386374.2	3515	3335.9	0	0
XM_044386375.2	13697	13517.9	1	0.0317617
XM_044386377.2	8795	8615.9	0	0
XM_044386378.2	756	576.98	12	8.92963
XM_044386379.2	6449	6269.9	31.0939	2.12926
XM_044386380.2	9754	9574.9	5.57236e-08	2.49872e-09
XM_044386384.2	696	516.98	11.8904	9.875
XM_044386385.2	7931	7751.9	0	0
XM_044386386.2	1641	1461.9	0	0
XM_044386387.2	14387	14207.9	0	0
XM_044386388.2	14617	14437.9	1.00171	0.0297888
XM_044386389.2	3221	3041.9	14.2914	2.01717
XM_044386390.2	1203	1023.9	51.0735	21.4165
XM_044386392.2	14419	14239.9	0	0
XM_044386395.2	13400	13220.9	0	0
XM_044386397.2	15015	14835.9	0	0
XM_044386399.2	12426	12246.9	0	0
XM_044386400.2	5488	5308.9	0	0
XM_044386401.2	5478	5298.9	0	0
XM_044386402.2	5929	5749.9	0	0
XM_044386403.2	5353	5173.9	18.105	1.50243
XM_044386404.2	9346	9166.9	8.1477	0.381615
XM_044386405.2	12991	12811.9	0	0
XM_044386406.2	11378	11198.9	0	0
XM_044386407.2	12387	12207.9	0	0
XM_044386408.2	7818	7638.9	0	0
XM_044386409.2	8019	7839.9	0	0
XM_044386410.2	7544	7364.9	0	0
XM_044386411.2	12186	12006.9	56.4376	2.01814
XM_044386412.2	4194	4014.9	2.03285	0.217392
XM_044386416.2	12214	12034.9	149.97	5.35027
XM_044386417.2	12224	12044.9	2.94958e-07	1.0514e-08
XM_044386418.2	3314	3134.9	10.0854	1.38128
XM_044386419.2	12380	12200.9	24.5808	0.865004
XM_044386420.2	7350	7170.9	0	0
XM_044386421.2	12945	12765.9	33.7664	1.13566
XM_044386424.2	2422	2242.9	2.08292e-07	3.98726e-08
XM_044386425.2	16623	16443.9	1.20748	0.0315274
XM_044386426.2	17960	17780.9	0	0
XM_044386427.2	17031	16851.9	0	0
XM_044386428.2	12285	12105.9	0	0
XM_044386429.2	22263	22083.9	0	0
XM_044386430.2	7737	7557.9	49.654	2.82076
XM_044386431.2	7988	7808.9	0	0
XM_044386432.2	21998	21818.9	0	0
XM_044386433.2	9333	9153.9	0	0
XM_044386434.2	12235	12055.9	0	0
XM_044386435.2	27459	27279.9	7.44731e-06	1.17211e-07
XM_044386437.2	27459	27279.9	0	0
XM_044386438.2	27159	26979.9	482.199	7.6736
XM_044386439.2	3693	3513.9	105.734	12.9192
XM_044386440.2	8089	7909.9	66.033	3.58429
XM_044386441.2	2298	2118.9	16.4596	3.3352
XM_044386442.2	5055	4875.9	12.5591	1.1059
XM_044386443.2	5052	4872.9	0	0
XM_044386444.2	4999	4819.9	7.1079e-06	6.33164e-07
XM_044386450.2	7469	7289.9	0	0
XM_044386451.2	7466	7286.9	3.09162e-07	1.82162e-08
XM_044386452.2	7418	7238.9	0	0
XM_044386453.2	2480	2300.9	0	0
XM_044386456.2	3492	3312.9	0	0
XM_044386457.2	15819	15639.9	3.84109	0.105447
XM_044386460.2	1321	1141.9	0	0
XM_044386461.2	2721	2541.9	4.99989	0.844529
XM_044386463.2	5446	5266.9	0	0
XM_044386464.2	7139	6959.9	0	0
XM_044386465.2	13385	13205.9	28.5195	0.92723
XM_044386466.2	7253	7073.9	0	0
XM_044386467.2	8710	8530.9	0	0
XM_044386469.2	9341	9161.9	26.5327	1.2434
XM_044386472.2	7250	7070.9	39.6544	2.40785
XM_044386473.2	7291	7111.9	32.4281	1.95771
XM_044386474.2	7285	7105.9	0	0
XM_044386478.1	171	44.2589	0	0
XM_044386479.1	1350	1170.9	0	0
XM_044386480.2	1385	1205.9	3	1.06812
XM_044386481.1	1176	996.905	0	0
XM_044386485.2	603	423.98	0	0
XM_044386486.2	1251	1071.9	0	0
XM_044386487.2	930	750.98	0	0
XM_044386488.2	3729	3549.9	80.9998	9.79672
XM_044386489.2	2401	2221.9	0	0
XM_044386490.2	2368	2188.9	0	0
XM_044386491.2	1176	996.905	0	0
XM_044386492.2	2906	2726.9	0	0
XM_044386493.2	1432	1252.9	0	0
XM_044386494.2	2227	2047.9	0	0
XM_044386495.1	1245	1065.9	0	0
XM_044386496.2	870	690.98	1	0.621366
XM_044386497.2	832	652.98	0	0
XM_044386498.2	4616	4436.9	0.89717	0.0868176
XM_044386499.2	3577	3397.9	2.12341	0.268309
XM_044386500.2	3573	3393.9	9.87659	1.24946
XM_044386501.2	2862	2682.9	0	0
XM_044386502.2	4952	4772.9	58.5594	5.26778
XM_044386504.2	8650	8470.9	387.894	19.6606
XM_044386505.2	8782	8602.9	671.21	33.4986
XM_044386506.2	8752	8572.9	0	0
XM_044386507.2	8467	8287.9	0	0
XM_044386508.2	8623	8443.9	89.2458	4.53793
XM_044386509.2	8403	8223.9	0.0111426	0.00058173
XM_044386510.2	3396	3216.9	1.6241	0.216764
XM_044386511.2	3322	3142.9	0	0
XM_044386515.2	13781	13601.9	9.67647e-05	3.05443e-06
XM_044386516.2	13685	13505.9	0.999903	0.0317869
XM_044386517.2	2953	2773.9	0	0
XM_044386518.2	2569	2389.9	0.733511	0.131777
XM_044386519.2	23778	23598.9	29.8301	0.54272
XM_044386520.2	3678	3498.9	40	4.90842
XM_044386521.2	2222	2042.9	6.31114	1.3264
XM_044386522.2	2230	2050.9	0	0
XM_044386524.2	3966	3786.9	37	4.19499
XM_044386525.1	1489	1309.9	0	0
XM_044386526.2	2316	2136.9	0	0
XM_044386527.2	1595	1415.9	3.67679	1.11493
XM_044386528.2	4349	4169.9	0	0
XM_044386529.2	1263	1083.9	2	0.792232
XM_044386530.2	2690	2510.9	0	0
XM_044386531.2	6794	6614.9	0	0
XM_044386532.2	6364	6184.9	14	0.971871
XM_044386533.2	6638	6458.9	0	0
XM_044386534.2	6197	6017.9	0	0
XM_044386535.2	4837	4657.9	0	0
XM_044386536.2	894	714.98	0	0
XM_044386539.2	2224	2044.9	0	0
XM_044386541.2	4077	3897.9	0	0
XM_044386543.2	3973	3793.9	5.99999	0.679012
XM_044386544.2	4013	3833.9	6.82357e-06	7.64159e-07
XM_044386545.2	2752	2572.9	0	0
XM_044386546.2	8115	7935.9	0	0
XM_044386547.2	4954	4774.9	12.8754	1.15774
XM_044386548.2	7527	7347.9	0	0
XM_044386549.2	2734	2554.9	0	0
XM_044386550.2	1430	1250.9	19.0272	6.53075
XM_044386551.2	2365	2185.9	0	0
XM_044386552.2	2413	2233.9	0	0
XM_044386553.2	1854	1674.9	0	0
XM_044386554.2	3586	3406.9	9	1.13422
XM_044386555.2	3466	3286.9	0	0
XM_044386556.2	6231	6051.9	0	0
XM_044386557.2	6198	6018.9	0	0
XM_044386558.2	2686	2506.9	2	0.342536
XM_044386559.2	2595	2415.9	7.70038	1.3685
XM_044386560.2	4102	3922.9	0	0
XM_044386561.2	3083	2903.9	0	0
XM_044386562.2	4757	4577.9	0	0
XM_044386563.2	3051	2871.9	0	0
XM_044386564.2	3021	2841.9	0	0
XM_044386565.2	2295	2115.9	0	0
XM_044386566.2	3478	3298.9	0	0
XM_044386567.2	3554	3374.9	0	0
XM_044386568.2	3441	3261.9	0	0
XM_044386569.2	3476	3296.9	0	0
XM_044386570.2	3477	3297.9	0	0
XM_044386571.2	3421	3241.9	0	0
XM_044386572.2	5119	4939.9	0	0
XM_044386574.2	2295	2115.9	404.822	82.1451
XM_044386576.2	11548	11368.9	7	0.264358
XM_044386578.2	15794	15614.9	98.1822	2.69965
XM_044386579.2	3570	3390.9	0	0
XM_044386580.2	1170	990.905	0	0
XM_044386581.2	684	504.98	0	0
XM_044386582.2	5633	5453.9	6.03097	0.47478
XM_044386583.2	1645	1465.9	0	0
XM_044386584.2	1487	1307.9	0	0
XM_044386585.2	4354	4174.9	17.8923	1.84007
XM_044386586.2	1461	1281.9	0	0
XM_044386588.2	1796	1616.9	0	0
XM_044386589.2	4431	4251.9	34.9145	3.52562
XM_044386591.2	2184	2004.9	0.00483824	0.00103611
XM_044386592.2	2900	2720.9	6.25026	0.986276
XM_044386593.2	3667	3487.9	0	0
XM_044386594.2	10585	10405.9	0	0
XM_044386595.2	3627	3447.9	0	0
XM_044386596.2	10792	10612.9	0	0
XM_044386597.2	4780	4600.9	0	0
XM_044386598.2	4644	4464.9	10.7779	1.03642
XM_044386599.2	4927	4747.9	0	0
XM_044386600.2	10534	10354.9	0	0
XM_044386601.2	10561	10381.9	18.5011	0.765126
XM_044386602.2	16726	16546.9	0	0
XM_044386603.2	10531	10351.9	0	0
XM_044386604.2	16822	16642.9	0	0
XM_044386605.2	7593	7413.9	5.09528	0.295076
XM_044386606.2	10561	10381.9	0	0
XM_044386607.2	2615	2435.9	0	0
XM_044386609.2	1850	1670.9	0	0
XM_044386610.2	1977	1797.9	0	0
XM_044386611.2	7500	7320.9	10.2495	0.601106
XM_044386612.2	7487	7307.9	0	0
XM_044386613.2	7358	7178.9	0	0
XM_044386614.2	7349	7169.9	0	0
XM_044386616.2	10377	10197.9	0	0
XM_044386617.2	7044	6864.9	40.0628	2.50565
XM_044386618.2	5427	5247.9	38.6877	3.1652
XM_044386619.2	5658	5478.9	0	0
XM_044386620.2	2723	2543.9	20.7243	3.49777
XM_044386621.2	10497	10317.9	19.4989	0.811396
XM_044386622.2	5291	5111.9	0	0
XM_044386623.2	5220	5040.9	20	1.70347
XM_044386625.2	4969	4789.9	0	0
XM_044386626.2	3666	3486.9	0.00167753	0.000206559
XM_044386627.2	9083	8903.9	0	0
XM_044386628.2	854	674.98	3.30996	2.10545
XM_044386629.2	1482	1302.9	0	0
XM_044386630.2	1410	1230.9	0	0
XM_044386632.2	4287	4107.9	23.8832	2.49623
XM_044386633.2	3876	3696.9	0	0
XM_044386634.2	5347	5167.9	2	0.166161
XM_044386636.2	528	349.091	0	0
XM_044386637.2	2460	2280.9	2.07879	0.391306
XM_044386638.2	8273	8093.9	11.94	0.633371
XM_044386639.2	4651	4471.9	797.08	76.5284
XM_044386641.2	4573	4393.9	6.17762e-07	6.03648e-08
XM_044386642.2	2481	2301.9	30.8548	5.75504
XM_044386643.2	5697	5517.9	0	0
XM_044386644.2	2450	2270.9	0	0
XM_044386645.2	3444	3264.9	0	0
XM_044386646.2	3441	3261.9	0	0
XM_044386647.2	3441	3261.9	0	0
XM_044386648.2	3414	3234.9	6.60947	0.87724
XM_044386649.2	3339	3159.9	0	0
XM_044386650.2	3336	3156.9	0	0
XM_044386651.2	3333	3153.9	0	0
XM_044386652.2	3969	3789.9	65.9034	7.46609
XM_044386653.2	9899	9719.9	5.20432	0.229887
XM_044386654.2	9790	9610.9	0	0
XM_044386656.2	4016	3836.9	5.21073	0.583084
XM_044386657.2	1731	1551.9	1	0.276661
XM_044386658.2	5377	5197.9	0	0
XM_044386659.2	3256	3076.9	0	0
XM_044386660.2	5131	4951.9	0	0
XM_044386661.2	3305	3125.9	0	0
XM_044386662.2	5128	4948.9	0	0
XM_044386663.2	5172	4992.9	0	0
XM_044386664.2	3182	3002.9	0	0
XM_044386665.2	3369	3189.9	5.08011	0.683768
XM_044386666.2	3016	2836.9	0	0
XM_044386667.2	3839	3659.9	0	0
XM_044386668.2	1802	1622.9	1	0.264558
XM_044386669.2	2962	2782.9	0.937825	0.14469
XM_044386670.2	9280	9100.9	0	0
XM_044386671.2	7258	7078.9	0	0
XM_044386672.2	1901	1721.9	0	0
XM_044386673.2	1781	1601.9	0	0
XM_044386674.2	2036	1856.9	0	0
XM_044386675.2	9179	8999.9	0	0
XM_044386677.2	11262	11082.9	0	0
XM_044386679.2	25758	25578.9	0.00011645	1.95466e-06
XM_044386680.2	1230	1050.9	0	0
XM_044386683.2	9942	9762.9	0	0
XM_044386684.2	9939	9759.9	0	0
XM_044386685.2	9003	8823.9	4	0.194631
XM_044386686.2	9988	9808.9	0	0
XM_044386687.2	4276	4096.9	0	0
XM_044386689.2	25347	25167.9	0	0
XM_044386690.2	15551	15371.9	0	0
XM_044386693.2	6657	6477.9	0	0
XM_044386694.2	6922	6742.9	77.7256	4.94915
XM_044386695.2	6974	6794.9	45.4165	2.86975
XM_044386696.2	3162	2982.9	0	0
XM_044386697.2	9413	9233.9	3.64549	0.169506
XM_044386698.2	29333	29153.9	4.69079	0.0690816
XM_044386700.2	16048	15868.9	22.1164	0.598386
XM_044386701.2	11388	11208.9	213	8.15887
XM_044386703.1	1302	1122.9	0	0
XM_044386704.2	2023	1843.9	0	0
XM_044386705.2	11247	11067.9	0	0
XM_044386706.2	9635	9455.9	3.4656	0.157358
XM_044386707.2	5147	4967.9	0	0
XM_044386708.2	5127	4947.9	0	0
XM_044386709.2	2803	2623.9	0	0
XM_044386710.2	2132	1952.9	0	0
XM_044386711.2	1435	1255.9	0	0
XM_044386715.2	3553	3373.9	0	0
XM_044386716.2	1528	1348.9	0	0
XM_044386717.2	510	331.091	0	0
XM_044386718.2	1858	1678.9	0	0
XM_044386719.2	1831	1651.9	0	0
XM_044386720.2	1810	1630.9	0	0
XM_044386721.2	1741	1561.9	0	0
XM_044386722.2	1741	1561.9	0	0
XM_044386724.2	1714	1534.9	0	0
XM_044386725.2	1563	1383.9	0	0
XM_044386727.2	564	384.98	0	0
XM_044386728.2	2070	1890.9	0	0
XM_044386730.2	8548	8368.9	1691.11	86.7596
XM_044386731.2	8219	8039.9	131.644	7.03013
XM_044386732.2	10793	10613.9	4.85762	0.1965
XM_044386733.2	8624	8444.9	4.09868e-07	2.08383e-08
XM_044386734.2	12677	12497.9	0	0
XM_044386735.2	12923	12743.9	0	0
XM_044386736.2	5903	5723.9	4.79176e-05	3.59432e-06
XM_044386737.2	5873	5693.9	0.0455792	0.00343693
XM_044386738.2	5843	5663.9	44.9544	3.40776
XM_044386739.2	1654	1474.9	0	0
XM_044386744.2	6218	6038.9	0	0
XM_044386745.2	6519	6339.9	8.64629	0.585545
XM_044386746.2	6264	6084.9	0	0
XM_044386748.2	6481	6301.9	0	0
XM_044386749.2	6400	6220.9	1.28892e-08	8.89582e-10
XM_044386750.2	6291	6111.9	0	0
XM_044386751.2	5981	5801.9	90.7553	6.71606
XM_044386752.2	7525	7345.9	343.134	20.0554
XM_044386753.2	7409	7229.9	24.8658	1.47667
XM_044386754.2	11439	11259.9	2.10563e-05	8.029e-07
XM_044386755.2	2207	2027.9	0	0
XM_044386756.2	2440	2260.9	19.0391	3.61557
XM_044386758.2	6734	6554.9	0	0
XM_044386760.2	5669	5489.9	0	0
XM_044386761.2	5463	5283.9	0	0
XM_044386762.2	5213	5033.9	4.79978e-06	4.09383e-07
XM_044386763.2	5160	4980.9	4.78618	0.412567
XM_044386764.2	7893	7713.9	810.566	45.1157
XM_044386765.2	7880	7700.9	78.4338	4.37295
XM_044386766.2	7752	7572.9	0	0
XM_044386767.2	9862	9682.9	3.88384e-08	1.72214e-09
XM_044386768.2	9583	9403.9	9.46225e-08	4.32016e-09
XM_044386769.2	9613	9433.9	0	0
XM_044386771.2	10084	9904.9	0	0
XM_044386773.2	11801	11621.9	3	0.11083
XM_044386775.2	945	765.905	0	0
XM_044386776.2	2084	1904.9	0	0
XM_044386778.2	6865	6685.9	4.00432	0.257147
XM_044386779.2	2289	2109.9	0	0
XM_044386780.2	9812	9632.9	4.5373	0.202234
XM_044386781.2	7593	7413.9	66.8604	3.872
XM_044386782.2	7358	7178.9	0	0
XM_044386783.2	4450	4270.9	0	0
XM_044386784.2	9877	9697.9	0	0
XM_044386785.2	1180	1000.9	5.98605	2.5678
XM_044386786.2	5946	5766.9	0	0
XM_044386787.2	6162	5982.9	0	0
XM_044386788.1	3260	3080.9	0	0
XM_044386791.2	3459	3279.9	0.202353	0.0264887
XM_044386792.2	4429	4249.9	0	0
XM_044386797.2	2973	2793.9	0	0
XM_044386801.2	2744	2564.9	0	0
XM_044386802.2	2636	2456.9	0	0
XM_044386803.2	2415	2235.9	0	0
XM_044386805.2	5499	5319.9	38	3.06685
XM_044386806.2	5212	5032.9	0	0
XM_044386807.2	5286	5106.9	0	0
XM_044386809.2	4931	4751.9	0	0
XM_044386810.2	3521	3341.9	0	0
XM_044386811.2	3378	3198.9	39.2486	5.26789
XM_044386812.2	7305	7125.9	0	0
XM_044386813.2	3411	3231.9	0	0
XM_044386814.2	819	639.98	33.9392	22.7692
XM_044386815.2	3395	3215.9	2	0.267018
XM_044386816.2	3850	3670.9	0	0
XM_044386817.2	3362	3182.9	0	0
XM_044386818.2	1391	1211.9	6	2.12567
XM_044386819.2	9607	9427.9	264.017	12.0235
XM_044386820.2	9545	9365.9	18.5907	0.852237
XM_044386821.2	2538	2358.9	0	0
XM_044386822.2	5986	5806.9	0	0
XM_044386823.2	10283	10103.9	0	0
XM_044386824.2	9907	9727.9	3.85809	0.170281
XM_044386825.2	13067	12887.9	3.12579	0.104134
XM_044386826.2	7134	6954.9	0.00171121	0.00010564
XM_044386827.2	939	759.905	1.66589	0.94124
XM_044386828.2	5073	4893.9	7	0.614124
XM_044386829.2	8581	8401.9	5.36654	0.274239
XM_044386830.2	7945	7765.9	5.8563e-07	3.23776e-08
XM_044386831.2	7909	7729.9	0	0
XM_044386832.2	8113	7933.9	0	0
XM_044386834.2	3077	2897.9	0	0
XM_044386835.2	5414	5234.9	0.0707218	0.0058004
XM_044386836.2	5193	5013.9	0	0
XM_044386837.2	5032	4852.9	0	0
XM_044386839.2	5811	5631.9	8	0.609885
XM_044386840.2	5299	5119.9	0	0
XM_044386841.1	1539	1359.9	2.1093	0.665952
XM_044386842.1	1559	1379.9	0	0
XM_044386843.1	1479	1299.9	18.2479	6.0272
XM_044386846.2	4153	3973.9	2	0.216086
XM_044386847.2	4310	4130.9	0	0
XM_044386848.2	4169	3989.9	0.325832	0.0350626
XM_044386849.2	3279	3099.9	0	0
XM_044386850.2	4783	4603.9	0	0
XM_044386851.2	4099	3919.9	29.549	3.23653
XM_044386852.2	3905	3725.9	0	0
XM_044386855.2	3766	3586.9	63.9907	7.65967
XM_044386856.2	744	564.98	120.772	91.7796
XM_044386858.2	3584	3404.9	0	0
XM_044386862.1	1879	1699.9	1.93193	0.487955
XM_044386863.1	1233	1053.9	9.27955	3.78041
XM_044386864.2	1258	1078.9	0	0
XM_044386865.2	9752	9572.9	0.0541316	0.00242784
XM_044386866.2	9698	9518.9	0	0
XM_044386868.2	9768	9588.9	0.00612319	0.000274171
XM_044386869.2	7193	7013.9	3.80272e-07	2.32781e-08
XM_044386870.2	12611	12431.9	142	4.90415
XM_044386871.2	2235	2055.9	0	0
XM_044386873.2	7114	6934.9	0.999686	0.0618923
XM_044386875.2	4650	4470.9	0	0
XM_044386876.2	7157	6977.9	0.000313721	1.93033e-05
XM_044386880.2	3378	3198.9	0	0
XM_044386881.2	3200	3020.9	0	0
XM_044386883.2	4112	3932.9	8.6803	0.947621
XM_044386884.2	1338	1158.9	0	0
XM_044386885.2	1117	937.905	0	0
XM_044386886.2	1585	1405.9	0	0
XM_044386887.2	846	666.98	0	0
XM_044386888.2	33500	33320.9	0	0
XM_044386890.2	2620	2440.9	0	0
XM_044386891.2	3358	3178.9	0	0
XM_044386892.2	4226	4046.9	0	0
XM_044386893.2	3796	3616.9	4.30729	0.511305
XM_044386894.2	6902	6722.9	0	0
XM_044386896.1	2828	2648.9	0	0
XM_044386897.2	4252	4072.9	0	0
XM_044386898.2	15020	14840.9	0	0
XM_044386899.2	8423	8243.9	40	2.08325
XM_044386900.2	8372	8192.9	0	0
XM_044386901.2	1698	1518.9	0	0
XM_044386902.2	7600	7420.9	13.137	0.760068
XM_044386903.2	4110	3930.9	0	0
XM_044386904.2	18286	18106.9	0	0
XM_044386905.2	17010	16830.9	0	0
XM_044386906.2	18280	18100.9	0	0
XM_044386908.2	18219	18039.9	0	0
XM_044386909.2	18201	18021.9	0	0
XM_044386910.2	14140	13960.9	0	0
XM_044386911.2	18135	17955.9	0	0
XM_044386912.2	12517	12337.9	0.00364543	0.000126859
XM_044386913.2	8308	8128.9	0	0
XM_044386914.2	18282	18102.9	0	0
XM_044386915.2	12104	11924.9	38.134	1.373
XM_044386916.2	12578	12398.9	0	0
XM_044386917.2	9850	9670.9	0	0
XM_044386919.2	8321	8141.9	0	0
XM_044386920.2	8294	8114.9	0	0
XM_044386921.2	8072	7892.9	0	0
XM_044386922.2	8157	7977.9	0	0
XM_044386923.2	7992	7812.9	26.4173	1.45174
XM_044386924.2	9169	8989.9	8.28571	0.39572
XM_044386925.2	9160	8980.9	0.00127841	6.11173e-05
XM_044386926.2	9151	8971.9	0.000395271	1.89158e-05
XM_044386927.2	9061	8881.9	0	0
XM_044386928.2	8949	8769.9	0	0
XM_044386929.2	8867	8687.9	0	0
XM_044386930.2	9888	9708.9	0.000141431	6.25445e-06
XM_044386931.2	9843	9663.9	0.0607454	0.00269882
XM_044386932.2	9816	9636.9	2.33984	0.104246
XM_044386940.2	4781	4601.9	0	0
XM_044386941.2	6288	6108.9	0	0
XM_044386942.2	4298	4118.9	0	0
XM_044386943.2	5386	5206.9	0	0
XM_044386946.2	5280	5100.9	0	0
XM_044386948.2	3950	3770.9	1	0.113859
XM_044386953.1	1188	1008.9	0	0
XM_044386955.1	2250	2070.9	0	0
XM_044386956.2	2362	2182.9	0	0
XM_044386958.2	7965	7785.9	87.1397	4.8053
XM_044386959.2	2769	2589.9	2	0.331558
XM_044386960.2	970	790.905	0	0
XM_044386961.2	8516	8336.9	0	0
XM_044386962.2	8381	8201.9	0	0
XM_044386964.2	1432	1252.9	735.211	251.946
XM_044386965.1	2481	2301.9	0	0
XM_044386966.2	2530	2350.9	0	0
XM_044386968.2	3714	3534.9	0	0
XM_044386969.2	13869	13689.9	0.639185	0.0200466
XM_044386970.2	1062	882.905	0	0
XM_044386971.2	555	376.018	0	0
XM_044386975.2	6120	5940.9	0	0
XM_044386976.2	6863	6683.9	0	0
XM_044386978.2	2488	2308.9	10.3559	1.92573
XM_044386981.2	3465	3285.9	0	0
XM_044386986.2	3155	2975.9	2.3427	0.337996
XM_044386988.2	4918	4738.9	0	0
XM_044386989.2	35088	34908.9	12.1696	0.149677
XM_044386991.2	32482	32302.9	0	0
XM_044386992.2	3278	3098.9	1.82361	0.25266
XM_044386993.2	6989	6809.9	0	0
XM_044386994.2	32359	32179.9	0	0
XM_044386995.2	38185	38005.9	12.3835	0.139896
XM_044386996.2	8947	8767.9	35.3051	1.72884
XM_044386997.2	32351	32171.9	0	0
XM_044386999.2	5213	5033.9	44.1237	3.7634
XM_044387000.2	5228	5048.9	0.908598	0.077266
XM_044387001.2	4175	3995.9	0	0
XM_044387002.2	4179	3999.9	0	0
XM_044387003.2	3865	3685.9	0	0
XM_044387004.2	17585	17405.9	0	0
XM_044387005.2	15921	15741.9	0	0
XM_044387006.1	880	700.98	2	1.225
XM_044387007.2	15449	15269.9	0	0
XM_044387008.2	28378	28198.9	8.49725	0.129378
XM_044387011.2	4428	4248.9	0	0
XM_044387013.2	9308	9128.9	0	0
XM_044387014.2	22620	22440.9	3.6411	0.0696636
XM_044387015.2	3138	2958.9	0	0
XM_044387016.2	1454	1274.9	0	0
XM_044387017.2	6672	6492.9	0	0
XM_044387018.2	9181	9001.9	0	0
XM_044387019.2	4803	4623.9	96.6105	8.97075
XM_044387020.2	2393	2213.9	0	0
XM_044387021.2	2468	2288.9	0	0
XM_044387022.1	537	358.056	0	0
XM_044387027.2	5953	5773.9	3	0.223082
XM_044387028.2	4691	4511.9	0	0
XM_044387029.2	7064	6884.9	0	0
XM_044387030.2	3774	3594.9	0	0
XM_044387031.2	2383	2203.9	0	0
XM_044387032.2	9313	9133.9	0	0
XM_044387033.2	9106	8926.9	0	0
XM_044387034.2	3888	3708.9	0	0
XM_044387035.2	3679	3499.9	0.508194	0.0623429
XM_044387036.2	3671	3491.9	10.069	1.23805
XM_044387037.2	4807	4627.9	0	0
XM_044387038.2	13571	13391.9	0	0
XM_044387039.2	10941	10761.9	0	0
XM_044387040.2	11576	11396.9	0	0
XM_044387041.2	9152	8972.9	0	0
XM_044387042.2	4626	4446.9	44.0013	4.24836
XM_044387043.2	674	494.98	0	0
XM_044387044.2	9093	8913.9	2.93084	0.141169
XM_044387045.2	14018	13838.9	3.98483	0.123629
XM_044387046.2	14244	14064.9	0	0
XM_044387048.2	9950	9770.9	0	0
XM_044387049.2	28429	28249.9	5.36945	0.0816068
XM_044387050.2	27579	27399.9	0	0
XM_044387051.2	28372	28192.9	0.000187237	2.85144e-06
XM_044387052.2	7369	7189.9	24.6324	1.47095
XM_044387055.2	3867	3687.9	0.000627127	7.30112e-05
XM_044387056.2	4102	3922.9	1.98635	0.217401
XM_044387057.2	4117	3937.9	0.0136487	0.00148813
XM_044387058.2	6908	6728.9	0	0
XM_044387059.2	7177	6997.9	19.0995	1.17184
XM_044387060.2	10846	10666.9	1.12364	0.0452276
XM_044387061.2	1585	1405.9	0	0
XM_044387063.2	2906	2726.9	0	0
XM_044387064.2	2842	2662.9	0	0
XM_044387065.2	8636	8456.9	0	0
XM_044387067.2	9746	9566.9	29.1103	1.30644
XM_044387068.1	153	37.0815	0	0
XM_044387069.2	2481	2301.9	0	0
XM_044387073.1	2250	2070.9	0	0
XM_044387075.1	420	241.905	0	0
XM_044387077.2	555	376.018	0	0
XM_044387078.1	759	579.98	0	0
XM_044387079.2	1229	1049.9	0	0
XM_044387080.2	1252	1072.9	0	0
XM_044387081.1	558	379.018	0	0
XM_044387082.2	18893	18713.9	0	0
XM_044387083.2	3116	2936.9	5.25429e-08	7.68135e-09
XM_044387084.2	2586	2406.9	138.953	24.7869
XM_044387085.2	4669	4489.9	0.0417902	0.00399623
XM_044387086.2	1632	1452.9	0	0
XM_044387087.2	7633	7453.9	0	0
XM_044387088.2	7612	7432.9	19.9651	1.15326
XM_044387089.2	7585	7405.9	0.062115	0.00360107
XM_044387090.2	7552	7372.9	21.098	1.22862
XM_044387091.2	5538	5358.9	3	0.240358
XM_044387092.2	1735	1555.9	0.744306	0.205391
XM_044387094.2	7577	7397.9	58.0275	3.36774
XM_044387095.2	7574	7394.9	67.0856	3.89502
XM_044387096.2	4539	4359.9	13.0382	1.28396
XM_044387097.2	4634	4454.9	0	0
XM_044387098.2	2708	2528.9	0	0
XM_044387099.2	1483	1303.9	0	0
XM_044387101.2	1097	917.905	33.5137	15.6761
XM_044387102.2	1104	924.905	38.3634	17.8087
XM_044387105.2	5904	5724.9	0	0
XM_044387106.2	10286	10106.9	4.35222	0.184887
XM_044387107.2	5842	5662.9	0	0
XM_044387108.2	5830	5650.9	7.19548e-05	5.46708e-06
XM_044387109.2	5773	5593.9	40.0747	3.07588
XM_044387110.2	2764	2584.9	0	0
XM_044387111.2	4447	4267.9	22.0926	2.22252
XM_044387112.2	4619	4439.9	54.9993	5.31859
XM_044387113.2	7102	6922.9	25.7938	1.5997
XM_044387114.2	2497	2317.9	0	0
XM_044387115.2	7429	7249.9	53	3.13875
XM_044387116.2	7402	7222.9	0	0
XM_044387117.2	7335	7155.9	0	0
XM_044387118.2	3528	3348.9	0	0
XM_044387119.2	5352	5172.9	0.638575	0.0530018
XM_044387120.2	5349	5169.9	1.36142	0.113064
XM_044387121.2	5058	4878.9	0	0
XM_044387122.2	4878	4698.9	0	0
XM_044387124.2	4806	4626.9	0	0
XM_044387125.2	4803	4623.9	0	0
XM_044387126.2	4797	4617.9	0	0
XM_044387129.2	867	687.98	2	1.24815
XM_044387130.2	5231	5051.9	29.0496	2.46887
XM_044387131.2	2326	2146.9	0	0
XM_044387132.2	4556	4376.9	0	0
XM_044387133.2	5039	4859.9	11.9381	1.05468
XM_044387135.2	24403	24223.9	137.135	2.43063
XM_044387138.2	24331	24151.9	0.00146107	2.59736e-05
XM_044387140.2	24155	23975.9	343.988	6.16001
XM_044387141.2	23803	23623.9	443.17	8.05438
XM_044387144.2	17869	17689.9	54.2076	1.31567
XM_044387146.2	4715	4535.9	0	0
XM_044387147.2	6210	6030.9	0	0
XM_044387148.2	15441	15261.9	1.76684	0.0497051
XM_044387149.2	15238	15058.9	0	0
XM_044387150.2	15214	15034.9	0	0
XM_044387151.2	15208	15028.9	0	0
XM_044387152.2	15359	15179.9	0	0
XM_044387153.2	15291	15111.9	0	0
XM_044387154.2	15088	14908.9	0	0
XM_044387155.2	15034	14854.9	0	0
XM_044387156.2	15296	15116.9	0	0
XM_044387157.2	13720	13540.9	0	0
XM_044387159.2	9819	9639.9	110.825	4.93602
XM_044387160.2	6554	6374.9	51	3.43487
XM_044387161.2	1156	976.905	0	0
XM_044387163.2	3113	2933.9	0	0
XM_044387164.2	5679	5499.9	0	0
XM_044387165.2	2224	2044.9	3.0715	0.644898
XM_044387166.2	1217	1037.9	0	0
XM_044387167.2	1385	1205.9	0	0
XM_044387168.2	19434	19254.9	0	0
XM_044387172.2	5871	5691.9	0	0
XM_044387174.2	3433	3253.9	0	0
XM_044387175.2	9402	9222.9	0	0
XM_044387177.2	8447	8267.9	248.966	12.9288
XM_044387182.2	5177	4997.9	24.3884	2.09512
XM_044387183.2	2025	1845.9	0	0
XM_044387186.2	2324	2144.9	0	0
XM_044387187.2	2874	2694.9	0	0
XM_044387188.2	6342	6162.9	0	0
XM_044387190.2	3289	3109.9	0.0144468	0.00199452
XM_044387192.2	3453	3273.9	0	0
XM_044387193.2	3388	3208.9	0	0
XM_044387194.2	2369	2189.9	0	0
XM_044387196.2	2929	2749.9	0	0
XM_044387199.2	3086	2906.9	0	0
XM_044387200.2	2816	2636.9	0	0
XM_044387202.2	2957	2777.9	0	0
XM_044387203.2	2990	2810.9	3.5129	0.536579
XM_044387204.2	2983	2803.9	0	0
XM_044387205.2	3222	3042.9	1.06156	0.149786
XM_044387206.2	2546	2366.9	0	0
XM_044387210.2	1305	1125.9	0	0
XM_044387211.2	1212	1032.9	0	0
XM_044387212.2	1552	1372.9	0	0
XM_044387213.2	1502	1322.9	0	0
XM_044387214.2	3948	3768.9	6.7878	0.773263
XM_044387215.2	2468	2288.9	0	0
XM_044387216.2	1872	1692.9	220.869	56.0166
XM_044387217.2	805	625.98	4.13025	2.83289
XM_044387218.2	979	799.905	0	0
XM_044387219.2	2741	2561.9	0	0
XM_044387220.2	9250	9070.9	0.00203403	9.62764e-05
XM_044387221.2	9142	8962.9	0	0
XM_044387222.2	8012	7832.9	0	0
XM_044387223.2	7757	7577.9	2.86417e-06	1.62279e-07
XM_044387224.2	2133	1953.9	0	0
XM_044387225.2	2640	2460.9	0.467522	0.0815682
XM_044387226.2	5898	5718.9	2	0.150152
XM_044387227.2	4244	4064.9	0	0
XM_044387228.2	4237	4057.9	0	0
XM_044387229.2	4222	4042.9	0	0
XM_044387235.2	5285	5105.9	0	0
XM_044387236.2	4664	4484.9	5.61315	0.537362
XM_044387237.2	428	249.808	0	0
XM_044387239.2	9393	9213.9	0	0
XM_044387242.2	7080	6900.9	0	0
XM_044387243.2	13826	13646.9	9.31284	0.292996
XM_044387245.2	318	145.693	0	0
XM_044387246.2	7541	7361.9	0	0
XM_044387250.2	951	771.905	0	0
XM_044387251.2	996	816.905	0	0
XM_044387252.2	1464	1284.9	1	0.334151
XM_044387253.2	6946	6766.9	0	0
XM_044387254.2	936	756.98	0	0
XM_044387258.2	771	591.98	0	0
XM_044387259.2	1991	1811.9	0	0
XM_044387262.2	7514	7334.9	0	0
XM_044387263.2	1107	927.905	1	0.462711
XM_044387265.2	1255	1075.9	0	0
XM_044387266.2	1008	828.905	0	0
XM_044387267.2	432	253.732	0	0
XM_044387268.2	1402	1222.9	0	0
XM_044387270.1	744	564.98	0	0
XM_044387271.1	423	244.832	0	0
XM_044387272.2	3250	3070.9	1	0.139813
XM_044387273.2	2952	2772.9	0	0
XM_044387274.2	2755	2575.9	0	0
XM_044387275.2	4523	4343.9	0	0
XM_044387279.2	3026	2846.9	12.7832	1.92788
XM_044387280.2	2798	2618.9	9.73476	1.59595
XM_044387281.2	2728	2548.9	0	0
XM_044387283.2	6383	6203.9	0	0
XM_044387284.2	4348	4168.9	0	0
XM_044387285.2	3818	3638.9	55.0621	6.49674
XM_044387286.2	4026	3846.9	0	0
XM_044387287.2	5263	5083.9	0	0
XM_044387288.2	4296	4116.9	1.68256	0.175474
XM_044387290.2	1888	1708.9	10.2745	2.58142
XM_044387291.2	3592	3412.9	0	0
XM_044387292.2	3392	3212.9	0	0
XM_044387294.2	4045	3865.9	0	0
XM_044387297.2	3877	3697.9	13.5254	1.57039
XM_044387298.2	3380	3200.9	0	0
XM_044387299.2	3514	3334.9	0	0
XM_044387301.2	2132	1952.9	0	0
XM_044387302.2	2121	1941.9	0	0
XM_044387303.2	2338	2158.9	0	0
XM_044387304.2	2113	1933.9	0	0
XM_044387305.2	2211	2031.9	0	0
XM_044387306.2	6151	5971.9	4.24371e-08	3.05103e-09
XM_044387307.2	5488	5308.9	2.89819	0.234388
XM_044387308.2	5423	5243.9	0	0
XM_044387309.2	5075	4895.9	67.095	5.88397
XM_044387311.1	2301	2121.9	0	0
XM_044387312.2	6307	6127.9	36	2.52234
XM_044387313.2	5122	4942.9	106	9.2074
XM_044387314.2	5116	4936.9	0	0
XM_044387315.2	5150	4970.9	0	0
XM_044387316.2	5306	5126.9	0	0
XM_044387317.2	1887	1707.9	6	1.50835
XM_044387318.1	942	762.905	0	0
XM_044387319.2	939	759.905	0	0
XM_044387326.2	2024	1844.9	0	0
XM_044387327.2	1960	1780.9	0	0
XM_044387328.2	1764	1584.9	27.6262	7.48395
XM_044387329.2	1984	1804.9	0	0
XM_044387330.2	1766	1586.9	0	0
XM_044387331.2	1862	1682.9	8.93295	2.27902
XM_044387332.2	3655	3475.9	31	3.82919
XM_044387333.2	3571	3391.9	0	0
XM_044387334.2	7104	6924.9	0.000434382	2.69322e-05
XM_044387335.2	2108	1928.9	1	0.222588
XM_044387336.2	684	504.98	0	0
XM_044387337.2	8119	7939.9	0	0
XM_044387338.2	17172	16992.9	30.0762	0.759923
XM_044387339.2	2541	2361.9	2.51683	0.457515
XM_044387340.2	3626	3446.9	0	0
XM_044387341.2	783	603.98	2.63095	1.87027
XM_044387344.2	5958	5778.9	0.00134351	9.98177e-05
XM_044387345.2	1775	1595.9	10.8058	2.90712
XM_044387346.2	12501	12321.9	139.014	4.84389
XM_044387347.2	12438	12258.9	180.88	6.33508
XM_044387348.2	1820	1640.9	2.6176	0.684911
XM_044387349.2	4024	3844.9	0	0
XM_044387350.2	4286	4106.9	0	0
XM_044387351.2	11903	11723.9	0	0
XM_044387352.2	11744	11564.9	0	0
XM_044387353.2	11758	11578.9	0	0
XM_044387354.2	4746	4566.9	22.0291	2.07104
XM_044387356.2	6341	6161.9	8	0.557428
XM_044387357.2	3221	3041.9	0	0
XM_044387358.2	7970	7790.9	0	0
XM_044387359.2	7827	7647.9	37.0685	2.08102
XM_044387360.2	7691	7511.9	15.5541	0.889011
XM_044387361.2	6988	6808.9	0	0
XM_044387362.2	901	721.98	0.00013044	7.75711e-05
XM_044387366.2	6647	6467.9	29.6175	1.96607
XM_044387367.2	4749	4569.9	56	5.26132
XM_044387368.2	4792	4612.9	2.21238	0.20592
XM_044387369.2	4911	4731.9	0	0
XM_044387370.2	4998	4818.9	4.96945e-06	4.42765e-07
XM_044387371.2	4826	4646.9	0.000152351	1.40765e-05
XM_044387373.2	3298	3118.9	0	0
XM_044387375.2	6687	6507.9	0.556724	0.0367293
XM_044387379.2	2965	2785.9	23	3.54466
XM_044387382.2	2877	2697.9	0	0
XM_044387385.2	2962	2782.9	0	0
XM_044387386.2	5769	5589.9	3.25184	0.249768
XM_044387387.2	4299	4119.9	0	0
XM_044387388.2	4050	3870.9	2.25207	0.249794
XM_044387390.2	4809	4629.9	12.1059	1.12264
XM_044387391.2	9777	9597.9	0	0
XM_044387392.2	9735	9555.9	0	0
XM_044387393.2	2756	2576.9	0	0
XM_044387394.2	2584	2404.9	0	0
XM_044387397.2	5859	5679.9	47	3.5528
XM_044387398.2	2274	2094.9	0	0
XM_044387399.2	565	385.98	15	16.6855
XM_044387400.2	2412	2232.9	0	0
XM_044387402.2	2272	2092.9	155.99	32.0009
XM_044387404.2	2496	2316.9	0	0
XM_044387408.2	4137	3957.9	0	0
XM_044387409.2	4355	4175.9	0	0
XM_044387410.2	4050	3870.9	0	0
XM_044387411.2	3976	3796.9	0.0140384	0.00158745
XM_044387413.2	6382	6202.9	0	0
XM_044387414.2	5485	5305.9	0	0
XM_044387416.2	417	238.977	0	0
XM_044387417.2	8953	8773.9	57.7348	2.82526
XM_044387418.2	4570	4390.9	0	0
XM_044387419.2	2933	2753.9	0	0
XM_044387421.2	4629	4449.9	0	0
XM_044387422.2	3219	3039.9	0	0
XM_044387423.2	5405	5225.9	0	0
XM_044387424.2	9150	8970.9	118.067	5.65076
XM_044387425.2	9102	8922.9	0	0
XM_044387428.2	8673	8493.9	1.69347e-06	8.56019e-08
XM_044387429.2	8567	8387.9	22.1877	1.13572
XM_044387430.2	8378	8198.9	0	0
XM_044387431.2	8312	8132.9	0	0
XM_044387432.2	3985	3805.9	1.58669	0.178998
XM_044387434.2	2399	2219.9	4283.55	828.482
XM_044387435.2	2602	2422.9	754.124	133.635
XM_044387436.2	1762	1582.9	5265.06	1428.11
XM_044387441.2	6908	6728.9	0	0
XM_044387442.2	15618	15438.9	12.6568	0.351983
XM_044387443.2	3781	3601.9	22.46	2.67726
XM_044387446.2	3347	3167.9	0	0
XM_044387447.2	3272	3092.9	75.0378	10.4166
XM_044387449.2	2702	2522.9	0	0
XM_044387450.2	2853	2673.9	0	0
XM_044387452.2	1474	1294.9	0	0
XM_044387453.2	4170	3990.9	0	0
XM_044387454.2	14467	14287.9	0.788258	0.0236872
XM_044387457.2	10545	10365.9	27.5148	1.13965
XM_044387460.2	3418	3238.9	0	0
XM_044387462.2	1546	1366.9	0	0
XM_044387464.2	1714	1534.9	5.73784	1.60502
XM_044387465.2	5548	5368.9	4	0.31988
XM_044387466.2	3622	3442.9	0	0
XM_044387467.2	1623	1443.9	3.17342	0.943631
XM_044387470.2	354	178.271	0	0
XM_044387472.1	249	90.2619	0	0
XM_044387473.2	1884	1704.9	0	0
XM_044387474.1	2565	2385.9	0	0
XM_044387475.1	2100	1920.9	0	0
XM_044387476.1	1569	1389.9	0	0
XM_044387477.2	1449	1269.9	0	0
XM_044387478.2	927	747.98	0	0
XM_044387480.2	4309	4129.9	0	0
XM_044387481.2	2004	1824.9	0	0
XM_044387483.1	183	49.842	0	0
XM_044387484.2	390	212.589	0	0
XM_044387485.2	680	500.98	1.93065	1.65461
XM_044387486.2	5424	5244.9	0	0
XM_044387487.2	10650	10470.9	42	1.72218
XM_044387489.2	5086	4906.9	0	0
XM_044387490.2	4897	4717.9	0	0
XM_044387491.2	4921	4741.9	9.16814	0.830122
XM_044387492.2	4981	4801.9	0	0
XM_044387493.2	9836	9656.9	0	0
XM_044387494.2	9713	9533.9	18.5578	0.835737
XM_044387495.2	9626	9446.9	0	0
XM_044387496.2	8105	7925.9	23.6978	1.28373
XM_044387497.2	4781	4601.9	2.42809e-05	2.26537e-06
XM_044387498.2	3209	3029.9	0	0
XM_044387499.2	822	642.98	0	0
XM_044387501.2	5308	5128.9	0	0
XM_044387504.2	794	614.98	9	6.2834
XM_044387506.2	306	135.147	0	0
XM_044387507.2	23374	23194.9	10.4373	0.193202
XM_044387508.2	5260	5080.9	0	0
XM_044387510.2	4717	4537.9	0	0
XM_044387511.2	10934	10754.9	62.2018	2.48319
XM_044387512.2	1991	1811.9	0	0
XM_044387513.2	1953	1773.9	0	0
XM_044387514.2	1916	1736.9	6	1.48316
XM_044387515.2	1972	1792.9	0	0
XM_044387517.2	2500	2320.9	1347.55	249.288
XM_044387518.2	8694	8514.9	48.6026	2.45072
XM_044387519.2	8739	8559.9	0.0838177	0.00420417
XM_044387522.2	8515	8335.9	0	0
XM_044387525.2	8638	8458.9	0	0
XM_044387529.2	8477	8297.9	0.000624326	3.2304e-05
XM_044387530.2	8441	8261.9	0.00784782	0.000407833
XM_044387531.2	8335	8155.9	0.0490427	0.00258176
XM_044387533.2	8357	8177.9	0	0
XM_044387534.2	8288	8108.9	0	0
XM_044387535.2	8192	8012.9	27.344	1.46516
XM_044387536.2	8075	7895.9	47.1786	2.56541
XM_044387537.2	6688	6508.9	0	0
XM_044387538.2	6489	6309.9	0	0
XM_044387541.2	6650	6470.9	0	0
XM_044387542.2	6139	5959.9	15.3829	1.10819
XM_044387545.2	6013	5833.9	201.579	14.8354
XM_044387546.2	2830	2650.9	2	0.323929
XM_044387547.2	6412	6232.9	0	0
XM_044387548.2	9775	9595.9	12.2205	0.546784
XM_044387549.2	4863	4683.9	32.2393	2.95522
XM_044387550.2	4854	4674.9	0	0
XM_044387552.2	4314	4134.9	2.17989e-07	2.26351e-08
XM_044387553.2	4267	4087.9	0.656785	0.068982
XM_044387554.2	11239	11059.9	0	0
XM_044387555.2	6452	6272.9	0	0
XM_044387556.2	6608	6428.9	0	0
XM_044387557.2	6389	6209.9	9.05515e-06	6.26072e-07
XM_044387558.2	6322	6142.9	12.7337	0.890012
XM_044387559.2	11833	11653.9	16.9388	0.624058
XM_044387560.2	2783	2603.9	0	0
XM_044387562.2	3978	3798.9	0	0
XM_044387563.2	8104	7924.9	0	0
XM_044387564.2	3478	3298.9	0	0
XM_044387566.2	2914	2734.9	3.10751	0.487846
XM_044387568.2	5603	5423.9	0	0
XM_044387571.2	10983	10803.9	0	0
XM_044387572.2	10956	10776.9	0	0
XM_044387573.2	10901	10721.9	0	0
XM_044387574.2	10893	10713.9	0	0
XM_044387575.2	3101	2921.9	0	0
XM_044387577.2	3164	2984.9	0	0
XM_044387578.2	3434	3254.9	0	0
XM_044387579.2	2916	2736.9	11	1.72563
XM_044387580.2	4023	3843.9	1	0.111697
XM_044387581.2	2354	2174.9	39.8212	7.86118
XM_044387582.2	2208	2028.9	31.9302	6.757
XM_044387583.2	2184	2004.9	0	0
XM_044387584.2	1840	1660.9	0	0
XM_044387585.2	6360	6180.9	0	0
XM_044387586.2	5925	5745.9	9.81109	0.733115
XM_044387587.2	1761	1581.9	0	0
XM_044387588.2	14266	14086.9	0	0
XM_044387589.2	2625	2445.9	19.7551	3.46779
XM_044387590.2	6820	6640.9	0	0
XM_044387591.2	5115	4935.9	48.9099	4.25445
XM_044387592.2	3193	3013.9	2.68636	0.382691
XM_044387593.2	6630	6450.9	2.26399	0.150684
XM_044387594.2	2867	2687.9	6.46358	1.03246
XM_044387596.2	4966	4786.9	0	0
XM_044387597.2	4602	4422.9	4.17912	0.405687
XM_044387598.2	32156	31976.9	9.00708	0.120938
XM_044387599.2	8835	8655.9	0	0
XM_044387600.2	5170	4990.9	0	0
XM_044387601.2	5699	5519.9	0	0
XM_044387602.2	2410	2230.9	0	0
XM_044387603.2	6289	6109.9	0	0
XM_044387604.2	4079	3899.9	0	0
XM_044387606.2	3972	3792.9	88.0889	9.97156
XM_044387607.2	3972	3792.9	0	0
XM_044387608.2	3832	3652.9	1910.7	224.578
XM_044387609.2	3850	3670.9	0	0
XM_044387610.1	729	549.98	0	0
XM_044387611.1	726	546.98	0	0
XM_044387612.2	6868	6688.9	0	0
XM_044387613.2	4156	3976.9	0	0
XM_044387614.2	4045	3865.9	0	0
XM_044387615.2	3875	3695.9	10	1.1617
XM_044387616.2	1642	1462.9	2618.45	768.495
XM_044387621.2	6423	6243.9	4.30694	0.296159
XM_044387622.2	6206	6026.9	0	0
XM_044387624.2	6692	6512.9	5.41392	0.356903
XM_044387625.2	10360	10180.9	0	0
XM_044387626.2	10299	10119.9	0	0
XM_044387627.2	10304	10124.9	0	0
XM_044387628.2	10241	10061.9	2.3577e-07	1.00606e-08
XM_044387629.2	10180	10000.9	0.000658988	2.82912e-05
XM_044387630.2	2561	2381.9	0	0
XM_044387632.2	4220	4040.9	0	0
XM_044387633.2	2718	2538.9	0	0
XM_044387634.2	1226	1046.9	0	0
XM_044387636.2	1234	1054.9	0	0
XM_044387637.2	2059	1879.9	9	2.05551
XM_044387638.2	1404	1224.9	0	0
XM_044387639.2	1228	1048.9	8.56341	3.50529
XM_044387641.2	3362	3182.9	1.00731	0.135879
XM_044387642.2	1251	1071.9	0	0
XM_044387643.2	32954	32774.9	19.3906	0.254017
XM_044387645.2	423	244.832	0	0
XM_044387646.2	1611	1431.9	0	0
XM_044387647.2	1458	1278.9	0	0
XM_044387648.2	1508	1328.9	0	0
XM_044387649.1	1449	1269.9	0	0
XM_044387650.2	6622	6442.9	0	0
XM_044387651.2	18440	18260.9	1.48259	0.0348588
XM_044387652.2	6147	5967.9	0.0215033	0.00154702
XM_044387653.2	8264	8084.9	0	0
XM_044387654.2	7166	6986.9	3	0.184353
XM_044387655.2	11625	11445.9	0	0
XM_044387656.2	8427	8247.9	11.2585	0.586073
XM_044387657.2	8770	8590.9	4.41899e-06	2.2085e-07
XM_044387658.2	8702	8522.9	4.35488	0.219382
XM_044387659.2	8691	8511.9	0	0
XM_044387660.2	7885	7705.9	37.1977	2.07256
XM_044387662.2	3531	3351.9	0	0
XM_044387663.2	3511	3331.9	0	0
XM_044387666.2	3579	3399.9	0	0
XM_044387667.2	6028	5848.9	0	0
XM_044387668.2	6033	5853.9	0	0
XM_044387669.2	6008	5828.9	0	0
XM_044387670.2	2239	2059.9	3.79138	0.790249
XM_044387671.2	16931	16751.9	0	0
XM_044387672.2	16503	16323.9	0	0
XM_044387673.2	1804	1624.9	11.9653	3.16162
XM_044387674.2	3021	2841.9	0	0
XM_044387675.2	1662	1482.9	41.4215	11.9929
XM_044387676.2	11051	10871.9	23.3303	0.921356
XM_044387677.2	9230	9050.9	0	0
XM_044387678.2	1040	860.905	19.6132	9.78152
XM_044387679.2	13766	13586.9	0	0
XM_044387680.2	13865	13685.9	3.87795	0.121658
XM_044387681.2	13711	13531.9	0	0
XM_044387682.2	13132	12952.9	4.01763	0.133173
XM_044387683.2	13509	13329.9	0	0
XM_044387684.2	1803	1623.9	0	0
XM_044387685.2	5552	5372.9	0	0
XM_044387686.2	5452	5272.9	0	0
XM_044387687.2	5343	5163.9	0	0
XM_044387688.2	4062	3882.9	1	0.110575
XM_044387689.2	7293	7113.9	0.000145307	8.76983e-06
XM_044387690.2	7273	7093.9	0	0
XM_044387691.2	7386	7206.9	0	0
XM_044387692.2	16755	16575.9	4.4996	0.116549
XM_044387693.2	6170	5990.9	0	0
XM_044387694.2	1324	1144.9	24.5866	9.22024
XM_044387695.2	7970	7790.9	0	0
XM_044387696.2	7882	7702.9	0	0
XM_044387697.2	7879	7699.9	0.000632726	3.52812e-05
XM_044387698.2	7876	7696.9	0.000745085	4.15626e-05
XM_044387699.2	7798	7618.9	11.3403	0.639066
XM_044387700.2	8430	8250.9	328.802	17.1099
XM_044387701.2	8424	8244.9	30.1972	1.57251
XM_044387702.2	7748	7568.9	0	0
XM_044387703.2	7644	7464.9	0	0
XM_044387704.2	4517	4337.9	27.1914	2.69132
XM_044387707.2	1265	1085.9	0.372748	0.147379
XM_044387709.2	11067	10887.9	0	0
XM_044387712.2	9019	8839.9	1	0.0485697
XM_044387713.2	1689	1509.9	0	0
XM_044387714.2	7665	7485.9	0	0
XM_044387715.2	7620	7440.9	0	0
XM_044387716.2	11660	11480.9	0	0
XM_044387717.2	11641	11461.9	0	0
XM_044387718.2	11614	11434.9	0	0
XM_044387719.2	11635	11455.9	50.317	1.88581
XM_044387720.2	11453	11273.9	0	0
XM_044387721.2	11690	11510.9	24.683	0.920666
XM_044387722.2	1420	1240.9	0	0
XM_044387724.2	8233	8053.9	0	0
XM_044387725.2	4688	4508.9	0	0
XM_044387726.2	4532	4352.9	13.4612	1.32776
XM_044387727.2	5830	5650.9	0	0
XM_044387728.2	1881	1701.9	0.192636	0.0485976
XM_044387730.2	4093	3913.9	9.21727	1.01113
XM_044387731.2	3669	3489.9	1.9986	0.245881
XM_044387732.2	5234	5054.9	18.5638	1.57676
XM_044387733.2	2954	2774.9	0	0
XM_044387734.2	3526	3346.9	21.8704	2.8056
XM_044387735.2	4466	4286.9	0	0
XM_044387736.2	4395	4215.9	30.798	3.13649
XM_044387737.2	4370	4190.9	0	0
XM_044387738.2	4377	4197.9	0	0
XM_044387740.2	4364	4184.9	0	0
XM_044387741.2	4369	4189.9	0	0
XM_044387743.2	3530	3350.9	41.4849	5.31546
XM_044387744.2	4331	4151.9	0	0
XM_044387745.2	4304	4124.9	0	0
XM_044387749.2	4003	3823.9	0	0
XM_044387751.2	14168	13988.9	13.0079	0.399243
XM_044387752.2	3312	3132.9	720.535	98.7464
XM_044387753.2	3506	3326.9	0	0
XM_044387754.2	6422	6242.9	0	0
XM_044387755.2	3070	2890.9	0	0
XM_044387756.2	3357	3177.9	0	0
XM_044387757.2	3218	3038.9	0	0
XM_044387758.2	3176	2996.9	0	0
XM_044387759.2	3116	2936.9	5.301	0.774964
XM_044387760.2	3256	3076.9	0	0
XM_044387761.2	3140	2960.9	0	0
XM_044387762.2	5641	5461.9	0	0
XM_044387763.2	5797	5617.9	0	0
XM_044387764.2	5726	5546.9	0	0
XM_044387765.2	5625	5445.9	23.2221	1.83082
XM_044387766.2	5601	5421.9	128.778	10.1977
XM_044387771.2	998	818.905	1.5	0.78645
XM_044387772.2	998	818.905	1.5	0.78645
XM_044387773.2	36706	36526.9	9.00398	0.105836
XM_044387774.2	7416	7236.9	0	0
XM_044387775.2	7377	7197.9	0	0
XM_044387776.2	7314	7134.9	0	0
XM_044387777.2	7299	7119.9	0	0
XM_044387778.2	7227	7047.9	0.000481133	2.93102e-05
XM_044387779.2	1501	1321.9	0	0
XM_044387780.2	5499	5319.9	5.57279e-08	4.49761e-09
XM_044387782.2	3670	3490.9	0	0
XM_044387783.2	6934	6754.9	0	0
XM_044387785.2	6196	6016.9	111	7.92069
XM_044387790.1	219	70.0428	0	0
XM_044387791.2	2970	2790.9	0	0
XM_044387792.2	7186	7006.9	0	0
XM_044387793.2	7057	6877.9	3.84173e-05	2.39819e-06
XM_044387794.2	7000	6820.9	1.99996	0.125891
XM_044387795.2	3105	2925.9	0	0
XM_044387796.2	2946	2766.9	0	0
XM_044387797.2	2943	2763.9	0	0
XM_044387798.1	3909	3729.9	0	0
XM_044387799.2	1295	1115.9	1	0.384757
XM_044387802.2	2120	1940.9	12.8724	2.84754
XM_044387804.2	4679	4499.9	8.01555	0.764792
XM_044387805.2	2393	2213.9	0	0
XM_044387807.2	11928	11748.9	0	0
XM_044387808.2	12799	12619.9	9.68087	0.329361
XM_044387809.2	11823	11643.9	0	0
XM_044387810.2	11784	11604.9	0	0
XM_044387814.2	5509	5329.9	2.64382e-06	2.12973e-07
XM_044387815.2	5454	5274.9	2	0.16279
XM_044387816.2	4218	4038.9	0	0
XM_044387817.2	7654	7474.9	0	0
XM_044387818.2	7520	7340.9	93.993	5.49742
XM_044387819.2	8204	8024.9	0	0
XM_044387820.2	2048	1868.9	14.9386	3.4319
XM_044387822.2	2129	1949.9	0	0
XM_044387823.2	1193	1013.9	0	0
XM_044387824.2	2642	2462.9	0	0
XM_044387825.2	1316	1136.9	0	0
XM_044387826.2	1487	1307.9	0	0
XM_044387827.2	1259	1079.9	0	0
XM_044387828.2	1256	1076.9	0	0
XM_044387830.2	1184	1004.9	0	0
XM_044387831.2	1004	824.905	0	0
XM_044387832.2	1330	1150.9	6	2.23834
XM_044387833.2	3735	3555.9	0	0
XM_044387834.2	11953	11773.9	1.39109	0.050728
XM_044387835.2	5009	4829.9	0	0
XM_044387836.2	4928	4748.9	0	0
XM_044387838.2	4663	4483.9	0	0
XM_044387839.2	4825	4645.9	0	0
XM_044387840.2	4797	4617.9	0	0
XM_044387841.2	4557	4377.9	0	0
XM_044387842.2	4919	4739.9	7	0.634077
XM_044387843.2	4868	4688.9	0	0
XM_044387844.2	4559	4379.9	0	0
XM_044387845.2	4566	4386.9	0	0
XM_044387850.2	3748	3568.9	207.727	24.9903
XM_044387851.2	3830	3650.9	19.6285	2.30834
XM_044387852.2	13575	13395.9	71.9944	2.30749
XM_044387853.2	13572	13392.9	127.954	4.10198
XM_044387854.2	13149	12969.9	218.031	7.21765
XM_044387855.2	2726	2546.9	0	0
XM_044387856.2	1193	1013.9	0	0
XM_044387857.1	1110	930.905	0.473846	0.218547
XM_044387858.2	5394	5214.9	3.62248	0.298245
XM_044387859.2	1112	932.905	0	0
XM_044387860.2	1186	1006.9	0	0
XM_044387861.2	2189	2009.9	0	0
XM_044387862.2	2982	2802.9	101.694	15.5777
XM_044387863.2	2186	2006.9	0	0
XM_044387864.2	6943	6763.9	0	0
XM_044387866.2	5956	5776.9	0	0
XM_044387867.2	8335	8155.9	0	0
XM_044387868.2	7970	7790.9	1.7401e-06	9.58959e-08
XM_044387870.2	8310	8130.9	0	0
XM_044387871.2	1104	924.905	0	0
XM_044387872.2	946	766.905	5.25877	2.94413
XM_044387874.2	6410	6230.9	0	0
XM_044387875.2	3017	2837.9	7.35526	1.11279
XM_044387876.2	5216	5036.9	0	0
XM_044387877.2	2764	2584.9	4.52929	0.752314
XM_044387878.2	19042	18862.9	0	0
XM_044387879.2	18753	18573.9	0.329743	0.0076223
XM_044387880.2	14740	14560.9	20.8864	0.61587
XM_044387881.2	4554	4374.9	0	0
XM_044387882.2	4248	4068.9	3	0.316561
XM_044387885.2	6671	6491.9	2	0.132273
XM_044387886.2	6807	6627.9	0	0
XM_044387887.2	2536	2356.9	0	0
XM_044387888.2	4170	3990.9	21.4174	2.30414
XM_044387889.2	6370	6190.9	0	0
XM_044387890.2	3879	3699.9	93.6858	10.8717
XM_044387891.2	6348	6168.9	0	0
XM_044387892.2	6297	6117.9	0	0
XM_044387893.2	5969	5789.9	0	0
XM_044387894.2	6851	6671.9	3	0.193057
XM_044387895.2	3779	3599.9	0	0
XM_044387896.2	2822	2642.9	40.7416	6.61867
XM_044387897.2	8444	8264.9	0	0
XM_044387899.2	12965	12785.9	2.65939	0.0893027
XM_044387901.2	779	599.98	39.1107	27.988
XM_044387902.2	7534	7354.9	0	0
XM_044387903.2	7339	7159.9	1.05152e-05	6.30556e-07
XM_044387904.2	7263	7083.9	11.7458	0.711906
XM_044387905.2	7524	7344.9	0	0
XM_044387906.2	2844	2664.9	0	0
XM_044387907.2	3186	3006.9	2.31657e-08	3.3078e-09
XM_044387909.2	9152	8972.9	0	0
XM_044387910.2	9149	8969.9	0	0
XM_044387911.2	8934	8754.9	0.201823	0.00989768
XM_044387912.2	8904	8724.9	17.7982	0.875847
XM_044387913.2	3208	3028.9	0	0
XM_044387914.2	3918	3738.9	0	0
XM_044387916.2	4014	3834.9	0	0
XM_044387917.2	768	588.98	0	0
XM_044387920.2	6957	6777.9	0	0
XM_044387921.2	14863	14683.9	0	0
XM_044387922.2	14828	14648.9	0	0
XM_044387923.2	14841	14661.9	0	0
XM_044387924.2	14808	14628.9	0	0
XM_044387925.2	14756	14576.9	0	0
XM_044387926.2	14741	14561.9	0	0
XM_044387927.2	14731	14551.9	0	0
XM_044387928.2	4864	4684.9	0	0
XM_044387929.2	8937	8757.9	0	0
XM_044387930.2	14629	14449.9	0	0
XM_044387931.2	14585	14405.9	4.26279e-08	1.27048e-09
XM_044387932.2	8700	8520.9	108.615	5.47291
XM_044387933.2	8520	8340.9	3.24951e-06	1.6727e-07
XM_044387934.2	4856	4676.9	0	0
XM_044387936.2	4794	4614.9	0	0
XM_044387937.2	3096	2916.9	0	0
XM_044387939.2	2598	2418.9	64.4114	11.4329
XM_044387940.2	4780	4600.9	0	0
XM_044387941.2	2049	1869.9	0	0
XM_044387942.2	1547	1367.9	0	0
XM_044387943.2	1477	1297.9	0	0
XM_044387944.2	1459	1279.9	0	0
XM_044387945.2	1504	1324.9	0	0
XM_044387947.2	1903	1723.9	0	0
XM_044387948.2	3534	3354.9	210.337	26.9184
XM_044387949.2	5312	5132.9	1	0.083647
XM_044387950.2	4841	4661.9	0	0
XM_044387952.2	2935	2755.9	232.43	36.2111
XM_044387954.2	2493	2313.9	3	0.556659
XM_044387956.2	15142	14962.9	0	0
XM_044387957.2	14536	14356.9	0	0
XM_044387958.2	13882	13702.9	0	0
XM_044387959.2	5250	5070.9	0	0
XM_044387960.2	8580	8400.9	0	0
XM_044387961.2	8562	8382.9	0	0
XM_044387962.2	8486	8306.9	0	0
XM_044387963.2	10622	10442.9	24.4973	1.00719
XM_044387965.2	339	164.594	5.21836	13.6123
XM_044387966.2	3315	3135.9	0	0
XM_044387967.2	3335	3155.9	18.7665	2.55313
XM_044387968.2	1745	1565.9	0	0
XM_044387969.1	1606	1426.9	0	0
XM_044387972.2	11196	11016.9	11.4872	0.447682
XM_044387973.2	5130	4950.9	1.5671	0.135902
XM_044387974.2	20059	19879.9	7.60365	0.164218
XM_044387975.2	2536	2356.9	0	0
XM_044387976.2	2271	2091.9	0	0
XM_044387978.2	11288	11108.9	17.6718	0.683003
XM_044387979.2	2323	2143.9	37.0679	7.42345
XM_044387980.2	2321	2141.9	2.62281	0.525751
XM_044387982.2	9224	9044.9	26.6614	1.26559
XM_044387983.2	9167	8987.9	0	0
XM_044387984.2	9158	8978.9	20.5357	0.981974
XM_044387985.2	9119	8939.9	6.2245	0.298941
XM_044387987.2	8971	8791.9	5.16542	0.252253
XM_044387988.2	9311	9131.9	0	0
XM_044387989.2	3183	3003.9	75.0524	10.7273
XM_044387990.2	17280	17100.9	0	0
XM_044387991.2	17108	16928.9	32.1127	0.814445
XM_044387992.2	2343	2163.9	5400.02	1071.45
XM_044387994.2	4306	4126.9	0	0
XM_044387995.2	1761	1581.9	0	0
XM_044387997.2	10336	10156.9	2.4645	0.104179
XM_044387998.2	19477	19297.9	6.04073	0.134398
XM_044387999.2	5164	4984.9	0	0
XM_044388000.2	3276	3096.9	0	0
XM_044388001.2	5622	5442.9	15.4887	1.22179
XM_044388002.2	5670	5490.9	0	0
XM_044388003.2	2382	2202.9	0	0
XM_044388005.2	2236	2056.9	3.79869	0.792927
XM_044388008.2	1840	1660.9	0	0
XM_044388011.2	6338	6158.9	0	0
XM_044388013.2	1324	1144.9	2	0.750022
XM_044388014.2	759	579.98	0	0
XM_044388015.2	5731	5551.9	4.0006	0.309383
XM_044388016.2	546	367.056	0	0
XM_044388017.2	5750	5570.9	0.04633	0.00357067
XM_044388019.2	5723	5543.9	26.265	2.03411
XM_044388020.2	2615	2435.9	10.681	1.88262
XM_044388025.1	261	98.8883	0	0
XM_044388026.2	2581	2401.9	0	0
XM_044388028.2	1578	1398.9	0	0
XM_044388029.2	387	209.652	0	0
XM_044388030.2	1383	1203.9	0	0
XM_044388031.1	2202	2022.9	0	0
XM_044388032.2	1659	1479.9	0	0
XM_044388033.1	791	611.98	0	0
XM_044388034.1	462	283.362	0	0
XM_044388035.1	336	161.895	0	0
XM_044388036.1	309	137.706	0	0
XM_044388037.2	2942	2762.9	35.8849	5.57647
XM_044388038.1	309	137.706	0	0
XM_044388039.1	282	115.361	0	0
XM_044388040.2	318	145.693	0	0
XM_044388041.2	840	660.98	0	0
XM_044388042.2	7759	7579.9	0	0
XM_044388043.2	7705	7525.9	0	0
XM_044388044.2	7659	7479.9	0	0
XM_044388047.2	1682	1502.9	8	2.28545
XM_044388048.2	2292	2112.9	1.67434e-05	3.40234e-06
XM_044388049.2	2262	2082.9	39.1751	8.07522
XM_044388050.2	2260	2080.9	0	0
XM_044388051.2	2253	2073.9	4.91378	1.01728
XM_044388052.2	2242	2062.9	4.42343	0.920647
XM_044388053.2	2242	2062.9	0	0
XM_044388054.2	2199	2019.9	131.312	27.9118
XM_044388056.2	4664	4484.9	0	0
XM_044388057.2	3925	3745.9	0	0
XM_044388058.2	3755	3575.9	6.84027	0.821298
XM_044388059.2	2463	2283.9	0	0
XM_044388060.2	1244	1064.9	33.0864	13.3399
XM_044388061.2	16817	16637.9	371.664	9.59104
XM_044388062.2	2960	2780.9	0	0
XM_044388063.2	6898	6718.9	0	0
XM_044388064.2	3469	3289.9	0	0
XM_044388067.2	5355	5175.9	28.6477	2.37638
XM_044388069.2	4857	4677.9	0	0
XM_044388070.2	4845	4665.9	166.429	15.3146
XM_044388072.2	938	758.905	2497.27	1412.84
XM_044388074.2	6072	5892.9	0	0
XM_044388075.2	6031	5851.9	0	0
XM_044388076.2	4494	4314.9	3.08545	0.307016
XM_044388078.2	3982	3802.9	0	0
XM_044388079.2	3308	3128.9	1	0.137221
XM_044388081.2	4328	4148.9	0	0
XM_044388082.2	933	753.98	10.669	6.07545
XM_044388083.2	1815	1635.9	0	0
XM_044388084.2	12749	12569.9	205.238	7.01035
XM_044388087.2	9067	8887.9	0	0
XM_044388088.2	4472	4292.9	0	0
XM_044388089.1	3395	3215.9	0	0
XM_044388091.1	2841	2661.9	0	0
XM_044388092.2	2503	2323.9	12.0974	2.23505
XM_044388093.2	3482	3302.9	0	0
XM_044388094.2	7326	7146.9	5.13064	0.308224
XM_044388095.2	17043	16863.9	0	0
XM_044388096.2	17008	16828.9	0	0
XM_044388097.2	18377	18197.9	0.890843	0.0210181
XM_044388099.2	16354	16174.9	0	0
XM_044388101.2	9613	9433.9	247.812	11.2783
XM_044388102.2	14005	13825.9	0	0
XM_044388103.2	10362	10182.9	15.4855	0.652932
XM_044388104.2	736	556.98	0	0
XM_044388105.2	2957	2777.9	2.91519	0.45057
XM_044388106.2	2954	2774.9	11.9416	1.84769
XM_044388107.2	6599	6419.9	0	0
XM_044388108.2	6515	6335.9	0	0
XM_044388109.2	6592	6412.9	0	0
XM_044388110.2	6332	6152.9	0	0
XM_044388111.2	6115	5935.9	0	0
XM_044388112.2	2228	2048.9	0	0
XM_044388113.2	6788	6608.9	0	0
XM_044388114.2	11272	11092.9	15.3363	0.593593
XM_044388115.2	5705	5525.9	55.9436	4.34671
XM_044388116.2	11317	11137.9	7.46698	0.287843
XM_044388117.2	5457	5277.9	0	0
XM_044388118.2	15569	15389.9	185.088	5.16364
XM_044388123.2	2817	2637.9	0	0
XM_044388124.2	1307	1127.9	11.0833	4.21901
XM_044388125.2	3916	3736.9	0	0
XM_044388126.2	3680	3500.9	0	0
XM_044388127.2	2961	2781.9	1	0.154337
XM_044388128.2	2392	2212.9	7.30861e-06	1.41803e-06
XM_044388129.2	1755	1575.9	21.2679	5.79438
XM_044388131.2	3738	3558.9	5.02706	0.606473
XM_044388132.2	8983	8803.9	0	0
XM_044388133.2	8958	8778.9	0	0
XM_044388135.2	4509	4329.9	2.71298	0.269018
XM_044388136.2	2273	2093.9	1.92823	0.395381
XM_044388138.2	3753	3573.9	0	0
XM_044388139.2	4496	4316.9	0	0
XM_044388140.2	3815	3635.9	0	0
XM_044388141.2	1166	986.905	0.500338	0.217672
XM_044388142.2	8049	7869.9	13.3275	0.727099
XM_044388143.2	11746	11566.9	0.105974	0.00393366
XM_044388144.2	5460	5280.9	0	0
XM_044388145.2	2997	2817.9	0	0
XM_044388146.2	2167	1987.9	84.9424	18.346
XM_044388149.2	12194	12014.9	0	0
XM_044388150.2	12191	12011.9	0	0
XM_044388151.2	12553	12373.9	0	0
XM_044388152.2	11814	11634.9	0	0
XM_044388153.2	12067	11887.9	0	0
XM_044388154.2	12288	12108.9	0	0
XM_044388155.2	11342	11162.9	1.00002	0.0384633
XM_044388156.2	3889	3709.9	0	0
XM_044388157.2	3648	3468.9	0	0
XM_044388158.2	3560	3380.9	1	0.126993
XM_044388159.2	1675	1495.9	0	0
XM_044388160.2	3810	3630.9	73.9077	8.73954
XM_044388161.2	1897	1717.9	7.15544	1.78834
XM_044388162.2	1521	1341.9	0	0
XM_044388163.2	2311	2131.9	0	0
XM_044388165.2	1998	1818.9	5.30364	1.25192
XM_044388166.2	1519	1339.9	0	0
XM_044388168.2	1498	1318.9	0	0
XM_044388169.2	1562	1382.9	42.1372	13.0824
XM_044388172.2	3066	2886.9	0	0
XM_044388173.2	2949	2769.9	0	0
XM_044388174.2	3851	3671.9	5.14597	0.601713
XM_044388176.2	3895	3715.9	401.304	46.3684
XM_044388177.2	3883	3703.9	28.0737	3.25426
XM_044388178.2	3874	3694.9	0	0
XM_044388179.2	8067	7887.9	23.7504	1.29277
XM_044388180.2	7854	7674.9	46.0669	2.57709
XM_044388181.2	3600	3420.9	2.59159	0.325267
XM_044388183.2	4483	4303.9	1	0.0997587
XM_044388184.2	2337	2157.9	12.1303	2.41353
XM_044388185.2	2214	2034.9	9.95637	2.10073
XM_044388186.2	2161	1981.9	0	0
XM_044388187.2	1913	1733.9	0	0
XM_044388189.2	2166	1986.9	0	0
XM_044388190.2	2827	2647.9	0	0
XM_044388191.2	1852	1672.9	0	0
XM_044388192.2	2039	1859.9	0	0
XM_044388193.2	2026	1846.9	0	0
XM_044388194.2	1806	1626.9	0	0
XM_044388195.2	1712	1532.9	0	0
XM_044388196.2	2149	1969.9	0	0
XM_044388198.2	3922	3742.9	5.91614	0.678646
XM_044388199.2	9229	9049.9	0	0
XM_044388201.2	9198	9018.9	0	0
XM_044388202.2	9394	9214.9	0	0
XM_044388203.2	9304	9124.9	0	0
XM_044388204.2	9112	8932.9	0	0
XM_044388205.2	2783	2603.9	6.2672	1.03338
XM_044388206.2	7211	7031.9	0	0
XM_044388207.2	1372	1192.9	7	2.51945
XM_044388208.2	1520	1340.9	0	0
XM_044388211.1	819	639.98	0	0
XM_044388212.1	816	636.98	0	0
XM_044388213.2	4676	4496.9	64.6695	6.17447
XM_044388215.2	4573	4393.9	0	0
XM_044388217.2	5645	5465.9	0	0
XM_044388218.2	6218	6038.9	0	0
XM_044388220.2	2488	2308.9	0	0
XM_044388221.2	1858	1678.9	0	0
XM_044388224.2	1892	1712.9	3.22434	0.808204
XM_044388230.2	5027	4847.9	0	0
XM_044388231.2	4932	4752.9	3.45797	0.312374
XM_044388232.2	1164	984.905	0	0
XM_044388233.2	15535	15355.9	0	0
XM_044388234.2	15375	15195.9	5.8647e-05	1.65704e-06
XM_044388236.2	2054	1874.9	0	0
XM_044388237.2	4889	4709.9	0	0
XM_044388238.2	4941	4761.9	0	0
XM_044388239.2	5042	4862.9	0	0
XM_044388245.2	3457	3277.9	0.0494887	0.00648222
XM_044388246.2	14102	13922.9	18.122	0.558844
XM_044388248.2	10721	10541.9	0	0
XM_044388249.2	21238	21058.9	12.2598	0.249955
XM_044388250.2	10382	10202.9	0	0
XM_044388251.2	3271	3091.9	0	0
XM_044388252.2	3328	3148.9	0	0
XM_044388253.2	5607	5427.9	55.0676	4.35589
XM_044388254.2	4322	4142.9	0	0
XM_044388255.2	1390	1210.9	0	0
XM_044388256.2	4068	3888.9	0	0
XM_044388257.2	2024	1844.9	27.7797	6.46498
XM_044388258.2	8620	8440.9	149.506	7.60474
XM_044388259.2	8593	8413.9	0	0
XM_044388260.2	21517	21337.9	0	0
XM_044388261.2	6648	6468.9	38.9645	2.58614
XM_044388262.2	813	633.98	0	0
XM_044388263.2	747	567.98	10.2162	7.72268
XM_044388264.2	2337	2157.9	0	0
XM_044388265.2	699	519.98	3.12165	2.57757
XM_044388266.2	618	438.98	0	0
XM_044388268.2	549	370.056	4.13582	4.79853
XM_044388275.2	4265	4085.9	0	0
XM_044388276.2	11029	10849.9	0	0
XM_044388277.2	11409	11229.9	0	0
XM_044388278.2	11360	11180.9	0	0
XM_044388279.2	7346	7166.9	20.8497	1.24905
XM_044388280.2	4421	4241.9	0	0
XM_044388281.2	6308	6128.9	0	0
XM_044388285.2	8019	7839.9	0.000520832	2.85234e-05
XM_044388294.2	7905	7725.9	0.0808748	0.00449446
XM_044388297.2	7833	7653.9	15.9751	0.896137
XM_044388302.2	9855	9675.9	0	0
XM_044388303.2	9834	9654.9	0	0
XM_044388304.2	9831	9651.9	0	0
XM_044388305.2	11458	11278.9	12	0.456802
XM_044388306.2	1894	1714.9	16.892	4.22915
XM_044388307.2	2266	2086.9	0.0164115	0.00337645
XM_044388308.2	2175	1995.9	17.7268	3.81332
XM_044388309.2	2165	1985.9	469.6	101.527
XM_044388310.2	2071	1891.9	163.083	37.0103
XM_044388311.2	8643	8463.9	0.106001	0.00537715
XM_044388312.2	2550	2370.9	0	0
XM_044388313.2	2559	2379.9	0	0
XM_044388314.2	2738	2558.9	0	0
XM_044388316.2	5758	5578.9	1.50531	0.115849
XM_044388317.2	6799	6619.9	0	0
XM_044388318.2	7480	7300.9	0	0
XM_044388320.2	1489	1309.9	0	0
XM_044388321.2	6428	6248.9	1	0.0687084
XM_044388323.2	7171	6991.9	0	0
XM_044388324.2	6932	6752.9	0	0
XM_044388325.2	6674	6494.9	0	0
XM_044388326.2	6569	6389.9	0	0
XM_044388328.2	3019	2839.9	1	0.151185
XM_044388330.2	2266	2086.9	1	0.205736
XM_044388333.2	1404	1224.9	0	0
XM_044388334.2	2796	2616.9	0	0
XM_044388335.2	1590	1410.9	0	0
XM_044388336.2	2513	2333.9	0	0
XM_044388337.2	1977	1797.9	0	0
XM_044388338.2	1983	1803.9	0	0
XM_044388339.2	1482	1302.9	4	1.31814
XM_044388340.2	8269	8089.9	127.246	6.75326
XM_044388341.2	4543	4363.9	84.9084	8.35389
XM_044388342.2	3875	3695.9	38.8374	4.51172
XM_044388343.2	3767	3587.9	0.254231	0.030423
XM_044388346.2	15356	15176.9	0	0
XM_044388347.2	14400	14220.9	76.406	2.30682
XM_044388348.2	6540	6360.9	243.643	16.4456
XM_044388349.2	8182	8002.9	3.50461	0.188021
XM_044388350.2	6510	6330.9	1.94726e-06	1.3206e-07
XM_044388352.2	6490	6310.9	12.8692	0.875536
XM_044388353.2	6093	5913.9	9.58109	0.695591
XM_044388354.2	6123	5943.9	0	0
XM_044388356.2	6134	5954.9	0	0
XM_044388357.2	5936	5756.9	12.7198	0.948649
XM_044388359.2	5043	4863.9	135	11.9169
XM_044388361.2	3616	3436.9	9	1.12432
XM_044388362.1	1473	1293.9	0	0
XM_044388364.2	14393	14213.9	0	0
XM_044388365.2	2708	2528.9	0	0
XM_044388366.2	2715	2535.9	0	0
XM_044388368.2	6594	6414.9	3	0.200791
XM_044388369.2	2977	2797.9	2.70919e-08	4.15738e-09
XM_044388370.2	2847	2667.9	13.1162	2.11082
XM_044388371.2	2953	2773.9	0	0
XM_044388372.2	2875	2695.9	0	0
XM_044388373.2	4822	4642.9	0	0
XM_044388374.2	2337	2157.9	5.23862	1.04231
XM_044388375.2	8411	8231.9	2.68103	0.139835
XM_044388376.2	919	739.98	5.12104	2.97133
XM_044388378.2	823	643.98	0	0
XM_044388379.2	920	740.98	0.878963	0.509304
XM_044388380.2	8597	8417.9	0	0
XM_044388381.2	3233	3053.9	13.6141	1.91403
XM_044388382.2	7016	6836.9	56.8823	3.57216
XM_044388383.2	6233	6053.9	0	0
XM_044388384.2	6710	6530.9	0	0
XM_044388385.2	7076	6896.9	0.0023049	0.000143486
XM_044388386.2	6660	6480.9	0	0
XM_044388387.2	4350	4170.9	3	0.308819
XM_044388388.2	11492	11312.9	0	0
XM_044388389.2	11489	11309.9	33.6798	1.27857
XM_044388390.2	11489	11309.9	0	0
XM_044388391.2	11486	11306.9	219.843	8.34798
XM_044388392.2	11426	11246.9	26.3862	1.0073
XM_044388393.2	11372	11192.9	0	0
XM_044388394.2	11203	11023.9	0	0
XM_044388395.2	10664	10484.9	48.1158	1.97032
XM_044388396.2	4578	4398.9	91	8.88199
XM_044388397.2	4353	4173.9	0	0
XM_044388398.2	5031	4851.9	0	0
XM_044388399.2	3841	3661.9	22.686	2.6599
XM_044388400.2	3704	3524.9	0	0
XM_044388401.2	1904	1724.9	56.2551	14.0026
XM_044388402.2	3533	3353.9	0	0
XM_044388405.2	17348	17168.9	9.33093	0.233343
XM_044388409.2	4906	4726.9	0	0
XM_044388410.2	3619	3439.9	0	0
XM_044388411.2	8386	8206.9	0	0
XM_044388412.2	3062	2882.9	0	0
XM_044388415.2	3712	3532.9	65.115	7.9134
XM_044388418.2	7712	7532.9	4.02647	0.229496
XM_044388419.2	4482	4302.9	8	0.798255
XM_044388420.2	735	555.98	15.0818	11.6468
XM_044388421.2	15424	15244.9	6.91273	0.194688
XM_044388422.2	11101	10921.9	0.00170644	6.70819e-05
XM_044388423.2	11727	11547.9	48.5441	1.80487
XM_044388427.2	9911	9731.9	2454.17	108.273
XM_044388428.2	9872	9692.9	0.000235131	1.04152e-05
XM_044388429.2	3842	3662.9	28.8929	3.38672
XM_044388430.2	4867	4687.9	0	0
XM_044388431.2	4901	4721.9	0.006744	0.000613216
XM_044388432.2	4890	4710.9	0	0
XM_044388433.2	4874	4694.9	11.9933	1.09679
XM_044388434.2	4745	4565.9	0	0
XM_044388435.2	3145	2965.9	0	0
XM_044388436.2	2850	2670.9	0	0
XM_044388438.2	3359	3179.9	0	0
XM_044388440.2	4518	4338.9	21	2.07803
XM_044388442.2	2388	2208.9	0	0
XM_044388443.2	1431	1251.9	0	0
XM_044388444.2	2610	2430.9	0	0
XM_044388445.2	1353	1173.9	0	0
XM_044388446.2	1114	934.905	0	0
XM_044388447.2	1242	1062.9	0	0
XM_044388448.2	6370	6190.9	12.1052	0.83952
XM_044388449.2	6008	5828.9	0	0
XM_044388450.2	5029	4849.9	1.79478	0.158889
XM_044388451.2	2095	1915.9	0	0
XM_044388452.2	3011	2831.9	0	0
XM_044388453.2	1429	1249.9	1.59567	0.548127
XM_044388454.2	1856	1676.9	5.40937	1.38501
XM_044388455.2	382	204.819	0	0
XM_044388456.2	2163	1983.9	0	0
XM_044388459.2	5509	5329.9	5.65357	0.455425
XM_044388460.2	4439	4259.9	0	0
XM_044388461.2	4430	4250.9	0	0
XM_044388462.2	6223	6043.9	0	0
XM_044388463.2	5595	5415.9	0	0
XM_044388464.2	6064	5884.9	0	0
XM_044388465.2	5009	4829.9	3.48761	0.310029
XM_044388466.2	1433	1253.9	33.8487	11.5902
XM_044388467.2	1342	1162.9	0	0
XM_044388469.2	1252	1072.9	0	0
XM_044388470.2	1251	1071.9	0	0
XM_044388471.2	1285	1105.9	0	0
XM_044388472.2	1993	1813.9	0	0
XM_044388473.2	5904	5724.9	0	0
XM_044388474.2	5106	4926.9	0	0
XM_044388475.2	2704	2524.9	0	0
XM_044388476.2	5315	5135.9	6.35625	0.531371
XM_044388478.2	3504	3324.9	0	0
XM_044388479.2	7251	7071.9	0.00167935	0.000101957
XM_044388480.2	4028	3848.9	0	0
XM_044388481.2	4708	4528.9	0	0
XM_044388482.2	3808	3628.9	0	0
XM_044388483.1	1065	885.905	0	0
XM_044388484.2	4237	4057.9	0	0
XM_044388485.2	3654	3474.9	0	0
XM_044388486.2	1467	1287.9	0	0
XM_044388487.2	1362	1182.9	0	0
XM_044388488.1	1467	1287.9	0	0
XM_044388489.1	1428	1248.9	0	0
XM_044388490.1	1425	1245.9	0	0
XM_044388491.1	1419	1239.9	0	0
XM_044388493.1	1401	1221.9	0	0
XM_044388494.2	3246	3066.9	0	0
XM_044388495.2	1468	1288.9	0	0
XM_044388496.1	1113	933.905	0	0
XM_044388498.1	870	690.98	0	0
XM_044388500.2	2277	2097.9	0	0
XM_044388503.2	2077	1897.9	1	0.226224
XM_044388505.2	18741	18561.9	5.34257	0.123578
XM_044388506.2	488	309.217	0	0
XM_044388507.2	2763	2583.9	14.4362	2.39878
XM_044388508.2	836	656.98	0.335836	0.219477
XM_044388509.2	12166	11986.9	446.103	15.9787
XM_044388510.2	7219	7039.9	0.0171158	0.00104387
XM_044388512.2	11708	11528.9	0	0
XM_044388513.2	3173	2993.9	493.896	70.829
XM_044388514.2	3126	2946.9	26.104	3.80325
XM_044388515.2	8006	7826.9	0	0
XM_044388517.2	4635	4455.9	3.65573	0.35225
XM_044388519.2	3946	3766.9	224.56	25.5953
XM_044388520.2	3713	3533.9	615.081	74.7293
XM_044388521.2	3584	3404.9	272.414	34.3509
XM_044388522.2	3361	3181.9	47.9453	6.46952
XM_044388524.2	4617	4437.9	0	0
XM_044388525.2	4226	4046.9	0	0
XM_044388526.2	3843	3663.9	0	0
XM_044388527.2	2940	2760.9	0	0
XM_044388528.2	1119	939.905	1	0.456804
XM_044388529.2	2768	2588.9	0	0
XM_044388530.2	14057	13877.9	0	0
XM_044388531.2	1374	1194.9	0	0
XM_044388532.2	2571	2391.9	0	0
XM_044388533.2	2499	2319.9	0	0
XM_044388534.2	5760	5580.9	0.336439	0.025883
XM_044388536.2	4358	4178.9	3.9645	0.407323
XM_044388538.2	3639	3459.9	5.0756e-05	6.29849e-06
XM_044388539.2	3601	3421.9	92.1643	11.564
XM_044388542.2	4611	4431.9	0	0
XM_044388543.2	4608	4428.9	0	0
XM_044388545.2	5157	4977.9	0	0
XM_044388546.2	6103	5923.9	0.354213	0.0256726
XM_044388547.2	10739	10559.9	0	0
XM_044388548.2	2113	1933.9	0	0
XM_044388549.2	6979	6799.9	0	0
XM_044388550.2	4779	4599.9	0	0
XM_044388551.2	2768	2588.9	0	0
XM_044388552.2	2765	2585.9	0	0
XM_044388553.2	2741	2561.9	0	0
XM_044388554.2	3728	3548.9	0	0
XM_044388555.2	4148	3968.9	4.54493e-07	4.91666e-08
XM_044388556.2	11004	10824.9	0	0
XM_044388557.2	6891	6711.9	0	0
XM_044388558.2	7771	7591.9	0	0
XM_044388559.2	6441	6261.9	4	0.274263
XM_044388560.2	12811	12631.9	0	0
XM_044388561.2	12790	12610.9	0	0
XM_044388562.2	12784	12604.9	0	0
XM_044388563.2	12639	12459.9	0	0
XM_044388564.2	12598	12418.9	3.73933e-08	1.29278e-09
XM_044388565.1	1482	1302.9	0	0
XM_044388570.2	2876	2696.9	0	0
XM_044388571.2	3175	2995.9	1	0.143313
XM_044388572.2	861	681.98	0	0
XM_044388573.2	834	654.98	0	0
XM_044388574.2	801	621.98	0	0
XM_044388575.2	759	579.98	0	0
XM_044388576.2	4125	3945.9	0	0
XM_044388577.2	4071	3891.9	0	0
XM_044388578.2	4010	3830.9	0	0
XM_044388579.2	5773	5593.9	0	0
XM_044388580.2	9958	9778.9	8.24514	0.36201
XM_044388581.2	1925	1745.9	17.1471	4.2168
XM_044388582.2	3398	3218.9	0	0
XM_044388584.2	1128	948.905	10.4393	4.7235
XM_044388585.2	2398	2218.9	0	0
XM_044388586.2	2263	2083.9	0.000550602	0.000113442
XM_044388587.2	13269	13089.9	0	0
XM_044388588.2	10685	10505.9	0	0
XM_044388589.2	10634	10454.9	8.86193	0.363933
XM_044388594.2	852	672.98	0	0
XM_044388595.2	3305	3125.9	0	0
XM_044388596.2	3291	3111.9	0	0
XM_044388597.2	3183	3003.9	15.5114	2.21706
XM_044388598.2	3275	3095.9	0	0
XM_044388599.1	3191	3011.9	0.482254	0.0687461
XM_044388600.2	11154	10974.9	0	0
XM_044388601.2	10362	10182.9	108.167	4.56077
XM_044388603.2	19495	19315.9	13.8866	0.30867
XM_044388604.2	5024	4844.9	0	0
XM_044388605.2	1861	1681.9	0	0
XM_044388606.2	7424	7244.9	0	0
XM_044388607.2	6782	6602.9	0	0
XM_044388608.2	6182	6002.9	17	1.21591
XM_044388609.2	2897	2717.9	0	0
XM_044388610.2	3838	3658.9	3.66766	0.43038
XM_044388611.2	3529	3349.9	0	0
XM_044388612.2	1899	1719.9	0	0
XM_044388613.2	1898	1718.9	0	0
XM_044388616.2	3543	3363.9	0	0
XM_044388618.2	7430	7250.9	0	0
XM_044388620.2	3591	3411.9	0	0
XM_044388621.2	3190	3010.9	0	0
XM_044388622.2	3815	3635.9	0	0
XM_044388623.2	1325	1145.9	0	0
XM_044388624.2	1158	978.905	0	0
XM_044388625.1	2444	2264.9	0	0
XM_044388626.2	858	678.98	0	0
XM_044388627.2	827	647.98	0	0
XM_044388628.1	273	108.399	0	0
XM_044388629.2	6303	6123.9	0	0
XM_044388630.2	1222	1042.9	1.36492	0.561923
XM_044388632.2	1108	928.905	14.4865	6.69587
XM_044388633.2	1532	1352.9	23.4482	7.44141
XM_044388634.2	438	259.551	0	0
XM_044388635.2	984	804.905	0	0
XM_044388638.2	2706	2526.9	15	2.54868
XM_044388639.2	2901	2721.9	0	0
XM_044388640.2	441	262.525	0	0
XM_044388641.1	466	287.306	0	0
XM_044388643.2	21625	21445.9	0	0
XM_044388644.2	5755	5575.9	0	0
XM_044388645.2	4798	4618.9	0	0
XM_044388646.2	4791	4611.9	0	0
XM_044388648.2	4093	3913.9	0	0
XM_044388649.2	2957	2777.9	1.78117	0.275297
XM_044388651.2	452	273.446	4.04419	6.35
XM_044388653.2	2143	1963.9	34.259	7.48975
XM_044388654.2	447	268.446	0	0
XM_044388655.2	1771	1591.9	13.1824	3.55542
XM_044388656.2	4941	4761.9	34.0013	3.06569
XM_044388657.2	2284	2104.9	0	0
XM_044388659.2	1950	1770.9	0	0
XM_044388660.2	1677	1497.9	0	0
XM_044388661.2	2244	2064.9	0	0
XM_044388665.2	2522	2342.9	0	0
XM_044388667.2	2661	2481.9	0	0
XM_044388668.2	2485	2305.9	0	0
XM_044388670.2	5482	5302.9	7.33165	0.59361
XM_044388672.2	5225	5045.9	0	0
XM_044388673.2	8641	8461.9	0	0
XM_044388674.2	8659	8479.9	0	0
XM_044388675.2	8590	8410.9	0	0
XM_044388677.2	4295	4115.9	0	0
XM_044388678.2	3927	3747.9	0	0
XM_044388679.2	3928	3748.9	0	0
XM_044388680.2	5045	4865.9	0	0
XM_044388681.2	3943	3763.9	0	0
XM_044388682.2	3292	3112.9	1.66527	0.229685
XM_044388683.2	5234	5054.9	0	0
XM_044388684.2	2600	2420.9	7	1.24146
XM_044388685.2	2483	2303.9	0	0
XM_044388686.2	2400	2220.9	0	0
XM_044388687.2	3091	2911.9	0	0
XM_044388688.2	1859	1679.9	0	0
XM_044388689.2	4248	4068.9	0	0
XM_044388690.2	4395	4215.9	15.3065	1.55883
XM_044388691.2	4072	3892.9	94.8413	10.4601
XM_044388693.2	7372	7192.9	0.00152045	9.0757e-05
XM_044388694.2	2540	2360.9	0	0
XM_044388695.2	7206	7026.9	0	0
XM_044388696.2	3420	3240.9	0.0626028	0.00829356
XM_044388699.2	1672	1492.9	0	0
XM_044388700.2	2514	2334.9	0	0
XM_044388701.2	1860	1680.9	0	0
XM_044388703.2	4051	3871.9	0	0
XM_044388708.2	1968	1788.9	0	0
XM_044388711.2	2527	2347.9	26.3548	4.8194
XM_044388712.2	1641	1461.9	0	0
XM_044388714.2	3558	3378.9	0	0
XM_044388716.2	5966	5786.9	60.6593	4.50054
XM_044388718.2	10933	10753.9	0	0
XM_044388720.2	11133	10953.9	0	0
XM_044388722.2	4702	4522.9	13.4797	1.2796
XM_044388723.2	4103	3923.9	0	0
XM_044388724.2	1254	1074.9	2.01637	0.805402
XM_044388725.2	8189	8009.9	4.1393	0.221877
XM_044388726.2	1950	1770.9	0	0
XM_044388727.2	3212	3032.9	0	0
XM_044388728.2	1518	1338.9	0	0
XM_044388731.2	8171	7991.9	0	0
XM_044388732.2	1977	1797.9	0	0
XM_044388733.2	7790	7610.9	0	0
XM_044388735.2	2965	2785.9	4.7565e-08	7.33051e-09
XM_044388736.2	2925	2745.9	7.47697	1.16911
XM_044388737.2	10510	10330.9	0	0
XM_044388738.2	10117	9937.9	0	0
XM_044388739.2	4732	4552.9	0	0
XM_044388740.2	4254	4074.9	1	0.105365
XM_044388742.2	5977	5797.9	2.01158	0.148963
XM_044388743.2	3847	3667.9	0	0
XM_044388744.2	2027	1847.9	0	0
XM_044388745.2	5443	5263.9	22.1172	1.804
XM_044388746.2	3957	3777.9	0	0
XM_044388747.2	9645	9465.9	0	0
XM_044388748.2	2427	2247.9	0	0
XM_044388751.2	3247	3067.9	0	0
XM_044388752.2	2161	1981.9	0	0
XM_044388754.2	1215	1035.9	0	0
XM_044388755.2	3952	3772.9	0	0
XM_044388756.2	2839	2659.9	4.37493	0.706185
XM_044388763.2	1150	970.905	0	0
XM_044388764.2	6693	6513.9	0	0
XM_044388765.1	387	209.652	0	0
XM_044388766.2	11151	10971.9	369.429	14.4565
XM_044388770.2	12304	12124.9	0	0
XM_044388773.2	7043	6863.9	2.35322	0.147199
XM_044388775.2	7229	7049.9	0	0
XM_044388776.2	7227	7047.9	0	0
XM_044388777.2	7255	7075.9	66.5656	4.03907
XM_044388779.2	7243	7063.9	115.085	6.995
XM_044388781.2	4730	4550.9	8.44738	0.796963
XM_044388783.2	7726	7546.9	0	0
XM_044388786.2	2233	2053.9	0	0
XM_044388787.2	1531	1351.9	0	0
XM_044388789.2	10162	9982.9	0	0
XM_044388790.2	6868	6688.9	0	0
XM_044388791.2	6915	6735.9	0	0
XM_044388792.2	5557	5377.9	0	0
XM_044388793.2	2148	1968.9	0	0
XM_044388794.2	813	633.98	0	0
XM_044388795.2	4094	3914.9	1	0.109671
XM_044388796.2	5670	5490.9	1	0.0781933
XM_044388798.2	2658	2478.9	0	0
XM_044388799.1	807	627.98	0	0
XM_044388801.2	2505	2325.9	0.0588628	0.0108658
XM_044388802.2	2271	2091.9	0	0
XM_044388806.2	6600	6420.9	0	0
XM_044388807.2	6394	6214.9	0	0
XM_044388808.2	683	503.98	0	0
XM_044388809.2	11911	11731.9	1.15533e-07	4.22817e-09
XM_044388810.2	11621	11441.9	100.32	3.76445
XM_044388811.2	38330	38150.9	34.1105	0.383881
XM_044388813.2	13162	12982.9	16	0.529129
XM_044388814.2	12765	12585.9	0	0
XM_044388817.2	2008	1828.9	0	0
XM_044388818.2	2660	2480.9	0	0
XM_044388820.2	2425	2245.9	0	0
XM_044388821.2	663	483.98	8.79825	7.80517
XM_044388822.2	2712	2532.9	7.50025	1.27137
XM_044388823.2	3103	2923.9	46.3429	6.80508
XM_044388824.2	4317	4137.9	1.24358	0.129035
XM_044388825.2	1621	1441.9	0	0
XM_044388826.2	1593	1413.9	0	0
XM_044388830.2	4122	3942.9	0	0
XM_044388831.2	3312	3132.9	0	0
XM_044388832.2	3548	3368.9	0	0
XM_044388833.2	12635	12455.9	1	0.0344698
XM_044388834.2	3529	3349.9	6.04467	0.774735
XM_044388836.2	2064	1884.9	1	0.227784
XM_044388837.2	5029	4849.9	9.74488	0.862694
XM_044388838.2	4918	4738.9	12.2551	1.11033
XM_044388840.2	5923	5743.9	0.661542	0.0494497
XM_044388841.2	5946	5766.9	19.1564	1.42621
XM_044388843.2	6528	6348.9	0	0
XM_044388844.2	6194	6014.9	19	1.35625
XM_044388845.2	8525	8345.9	0	0
XM_044388846.2	3575	3395.9	0	0
XM_044388847.1	749	569.98	0	0
XM_044388848.2	5645	5465.9	61.3289	4.81744
XM_044388849.2	5135	4955.9	48.8276	4.23015
XM_044388850.2	3976	3796.9	0	0
XM_044388851.2	3486	3306.9	15	1.94752
XM_044388852.2	2557	2377.9	0	0
XM_044388853.2	7648	7468.9	5.15079	0.296095
XM_044388854.2	7637	7457.9	35.2525	2.02949
XM_044388856.2	6389	6209.9	0	0
XM_044388857.2	5385	5205.9	0	0
XM_044388859.2	6070	5890.9	45.6495	3.32712
XM_044388860.2	6226	6046.9	0	0
XM_044388861.2	2426	2246.9	10.6646	2.03786
XM_044388862.2	935	755.98	3.02801	1.71973
XM_044388863.2	1858	1678.9	9.10429	2.32827
XM_044388865.2	5837	5657.9	0	0
XM_044388866.2	5752	5572.9	0	0
XM_044388867.2	14428	14248.9	12.3296	0.371519
XM_044388868.2	5728	5548.9	2	0.154752
XM_044388869.2	3017	2837.9	0	0
XM_044388871.2	2593	2413.9	0	0
XM_044388873.2	1133	953.905	0	0
XM_044388874.2	924	744.98	0	0
XM_044388875.2	4023	3843.9	0	0
XM_044388876.2	3951	3771.9	6.38493	0.72679
XM_044388877.2	3402	3222.9	0	0
XM_044388879.2	3195	3015.9	0.356414	0.0507401
XM_044388880.2	3190	3010.9	3.10702	0.443058
XM_044388881.2	6016	5836.9	2.61574	0.192409
XM_044388885.2	5746	5566.9	0	0
XM_044388886.2	5796	5616.9	1.99985	0.152867
XM_044388887.2	5837	5657.9	0.000151029	1.14609e-05
XM_044388888.2	5341	5161.9	0	0
XM_044388889.2	4702	4522.9	8.61387	0.8177
XM_044388890.2	3222	3042.9	0	0
XM_044388891.2	3159	2979.9	0	0
XM_044388892.2	3291	3111.9	0	0
XM_044388893.2	1669	1489.9	12.7775	3.68214
XM_044388894.2	5337	5157.9	12.2432	1.01915
XM_044388895.2	27362	27182.9	0	0
XM_044388896.2	5180	5000.9	0.115846	0.00994594
XM_044388898.2	1490	1310.9	0	0
XM_044388899.2	1436	1256.9	0	0
XM_044388900.2	3437	3257.9	0	0
XM_044388902.2	2869	2689.9	7	1.11731
XM_044388903.2	2581	2401.9	69	12.3341
XM_044388905.1	210	64.8213	0	0
XM_044388910.2	5932	5752.9	0.000324991	2.42548e-05
XM_044388911.2	1621	1441.9	0	0
XM_044388912.2	3710	3530.9	13	1.58078
XM_044388913.2	2673	2493.9	184.421	31.7501
XM_044388915.2	2258	2078.9	0	0
XM_044388916.2	5448	5268.9	129.746	10.5727
XM_044388917.2	8684	8504.9	0	0
XM_044388918.2	9640	9460.9	0	0
XM_044388919.2	8776	8596.9	0	0
XM_044388920.2	19634	19454.9	1.32587e-05	2.92607e-07
XM_044388922.2	9416	9236.9	0	0
XM_044388923.2	1778	1598.9	15.4663	4.15316
XM_044388924.2	1274	1094.9	0	0
XM_044388925.2	1188	1008.9	0	0
XM_044388926.2	6653	6473.9	0.0578174	0.00383448
XM_044388927.2	6643	6463.9	0.43469	0.0288734
XM_044388928.2	6629	6449.9	0.268092	0.0178462
XM_044388929.2	6598	6418.9	0.0121675	0.000813868
XM_044388930.2	6597	6417.9	0.0149109	0.000997523
XM_044388931.2	6594	6414.9	0.0191138	0.00127929
XM_044388932.2	6591	6411.9	0.985801	0.0660109
XM_044388933.2	6586	6406.9	0.139871	0.0093733
XM_044388934.2	6582	6402.9	0.220057	0.0147561
XM_044388935.2	6556	6376.9	1.59448	0.107355
XM_044388936.2	6538	6358.9	0.00480678	0.000324553
XM_044388937.2	6526	6346.9	0.0565453	0.00382515
XM_044388938.2	6523	6343.9	3.02168	0.204505
XM_044388939.2	6525	6345.9	0.243043	0.0164439
XM_044388940.2	6513	6333.9	2.87357	0.194789
XM_044388941.2	6469	6289.9	0.0618236	0.00422011
XM_044388942.2	6461	6281.9	1.92426	0.131518
XM_044388943.2	6462	6282.9	0.184603	0.0126151
XM_044388944.2	6457	6277.9	0.747226	0.0511035
XM_044388945.2	5182	5002.9	0.289417	0.0248379
XM_044388946.2	6453	6273.9	1.19859	0.0820253
XM_044388947.2	5179	4999.9	0.633112	0.0543666
XM_044388948.2	5170	4990.9	6.64625	0.571756
XM_044388949.2	6409	6229.9	0.02459	0.00169469
XM_044388950.2	5127	4947.9	0.0393631	0.00341571
XM_044388951.2	4650	4470.9	0	0
XM_044388952.2	6397	6217.9	0.304432	0.0210213
XM_044388953.2	5124	4944.9	0.0868613	0.00754192
XM_044388954.2	6393	6213.9	20.9731	1.44914
XM_044388956.2	5115	4935.9	0.936031	0.0814211
XM_044388957.2	5054	4874.9	0.388003	0.034173
XM_044388962.2	5028	4848.9	5.12079	0.453426
XM_044388963.2	4997	4817.9	0.438598	0.0390861
XM_044388964.2	4994	4814.9	0.988739	0.0881673
XM_044388965.2	4985	4805.9	11.3618	1.01505
XM_044388966.2	4937	4757.9	0.135921	0.0122655
XM_044388967.2	4934	4754.9	0.309567	0.0279529
XM_044388968.2	4925	4745.9	3.66872	0.331901
XM_044388969.2	2262	2082.9	1	0.206131
XM_044388972.2	2426	2246.9	0	0
XM_044388974.2	2198	2018.9	0	0
XM_044388975.2	1500	1320.9	4	1.30018
XM_044388976.2	2327	2147.9	8.75054	1.74917
XM_044388977.2	7002	6822.9	0	0
XM_044388978.2	4532	4352.9	0	0
XM_044388979.2	4412	4232.9	0	0
XM_044388980.2	4391	4211.9	0	0
XM_044388981.2	4366	4186.9	0	0
XM_044388982.2	4275	4095.9	51.8	5.42992
XM_044388983.2	4326	4146.9	0	0
XM_044388984.2	4266	4086.9	53.2	5.58895
XM_044388985.2	2127	1947.9	1	0.220417
XM_044388986.2	4201	4021.9	5.93925e-07	6.34035e-08
XM_044388987.2	4192	4012.9	1.10511e-05	1.18239e-06
XM_044388988.2	4069	3889.9	0	0
XM_044388989.2	4115	3935.9	0	0
XM_044388991.2	5011	4831.9	0	0
XM_044388992.2	4654	4474.9	0.18783	0.0180216
XM_044388993.2	1251	1071.9	0	0
XM_044388994.2	7211	7031.9	0	0
XM_044388995.2	7091	6911.9	0.0311983	0.00193797
XM_044388997.2	8348	8168.9	0	0
XM_044388999.2	7614	7434.9	0	0
XM_044389001.2	7200	7020.9	0	0
XM_044389002.2	3157	2977.9	0	0
XM_044389004.2	1368	1188.9	2.44437	0.882741
XM_044389005.2	10425	10245.9	0	0
XM_044389006.2	9824	9644.9	35	1.55806
XM_044389007.2	2014	1834.9	0	0
XM_044389008.2	5913	5733.9	0	0
XM_044389009.2	6032	5852.9	1.52249	0.111685
XM_044389011.2	3554	3374.9	0.252053	0.0320659
XM_044389013.2	1329	1149.9	6.19235	2.3121
XM_044389014.2	1243	1063.9	0	0
XM_044389016.2	6957	6777.9	0	0
XM_044389017.2	6644	6464.9	0	0
XM_044389018.2	6631	6451.9	0	0
XM_044389020.2	11269	11089.9	0	0
XM_044389021.2	11230	11050.9	20	0.777044
XM_044389022.2	10893	10713.9	0	0
XM_044389023.2	4687	4507.9	0	0
XM_044389024.2	6682	6502.9	4.86017	0.320891
XM_044389025.2	4501	4321.9	1.50225	0.149238
XM_044389026.2	2468	2288.9	0	0
XM_044389028.2	3375	3195.9	0	0
XM_044389029.2	7376	7196.9	25.8445	1.54183
XM_044389030.2	7523	7343.9	0	0
XM_044389031.2	1994	1814.9	0	0
XM_044389032.2	10316	10136.9	0	0
XM_044389034.2	1663	1483.9	27.022	7.81853
XM_044389037.2	1041	861.905	0	0
XM_044389042.2	1382	1202.9	2.6077	0.930763
XM_044389043.2	1797	1617.9	14	3.71525
XM_044389044.2	3863	3683.9	0	0
XM_044389045.2	3956	3776.9	0	0
XM_044389046.2	3754	3574.9	0	0
XM_044389047.2	2023	1843.9	0	0
XM_044389048.2	2098	1918.9	0	0
XM_044389049.2	11038	10858.9	685	27.0843
XM_044389051.2	1285	1105.9	1	0.388236
XM_044389052.2	3920	3740.9	0	0
XM_044389053.2	3953	3773.9	0	0
XM_044389054.2	10189	10009.9	0	0
XM_044389055.2	13454	13274.9	43	1.39075
XM_044389056.2	5601	5421.9	4	0.316754
XM_044389057.2	3629	3449.9	23.3252	2.9029
XM_044389058.2	10332	10152.9	0	0
XM_044389059.2	10153	9973.9	0	0
XM_044389060.2	10182	10002.9	0	0
XM_044389061.2	10040	9860.9	0	0
XM_044389063.1	930	750.98	0	0
XM_044389064.2	909	729.98	0	0
XM_044389065.2	867	687.98	0	0
XM_044389066.1	1386	1206.9	0	0
XM_044389067.1	1344	1164.9	0	0
XM_044389068.1	1203	1023.9	0	0
XM_044389069.1	1110	930.905	0	0
XM_044389070.1	1068	888.905	0	0
XM_044389071.2	4823	4643.9	1	0.0924549
XM_044389074.2	3194	3014.9	33.3546	4.75002
XM_044389077.2	3249	3069.9	2.7621e-08	3.86304e-09
XM_044389078.2	3203	3023.9	9.95076	1.41287
XM_044389080.2	3845	3665.9	0	0
XM_044389081.2	2998	2818.9	15.6024	2.37642
XM_044389083.2	3018	2838.9	0	0
XM_044389084.2	2946	2766.9	0	0
XM_044389085.2	2916	2736.9	15.7341	2.46829
XM_044389088.2	3155	2975.9	0	0
XM_044389089.2	2981	2801.9	41.8344	6.41053
XM_044389095.2	8881	8701.9	0.00151317	7.46597e-05
XM_044389098.2	8526	8346.9	19.5544	1.00585
XM_044389099.2	10311	10131.9	0	0
XM_044389100.2	9798	9618.9	16.2946	0.72733
XM_044389101.2	10311	10131.9	0	0
XM_044389102.2	7232	7052.9	0	0
XM_044389103.2	6763	6583.9	0.00362581	0.000236448
XM_044389104.2	6742	6562.9	0.23443	0.0153366
XM_044389105.2	11197	11017.9	0	0
XM_044389110.2	5232	5052.9	45.912	3.90121
XM_044389111.2	456	277.419	0	0
XM_044389112.2	3450	3270.9	0	0
XM_044389113.2	1659	1479.9	0	0
XM_044389114.2	1970	1790.9	21.8543	5.23936
XM_044389115.2	1842	1662.9	41.1928	10.6357
XM_044389116.2	8798	8618.9	0.0264037	0.0013153
XM_044389118.1	771	591.98	0	0
XM_044389120.2	8906	8726.9	8.03582	0.395352
XM_044389122.2	2401	2221.9	19.9901	3.86281
XM_044389124.2	3642	3462.9	0	0
XM_044389125.2	3629	3449.9	0	0
XM_044389126.2	4429	4249.9	0	0
XM_044389127.2	5473	5293.9	28.1664	2.28438
XM_044389128.2	5272	5092.9	165.93	13.9885
XM_044389129.2	5260	5080.9	58.598	4.95171
XM_044389130.2	580	400.98	0	0
XM_044389131.2	16779	16599.9	27	0.698346
XM_044389135.2	675	495.98	0	0
XM_044389137.2	2001	1821.9	0	0
XM_044389138.2	1068	888.905	0	0
XM_044389139.2	3461	3281.9	0	0
XM_044389141.2	1385	1205.9	0	0
XM_044389142.2	3289	3109.9	0	0
XM_044389144.2	3219	3039.9	0	0
XM_044389145.2	4922	4742.9	0	0
XM_044389146.2	1587	1407.9	14.5886	4.4489
XM_044389147.2	1533	1353.9	0	0
XM_044389148.2	2546	2366.9	1.42206	0.25796
XM_044389149.2	1865	1685.9	0	0
XM_044389151.2	3096	2916.9	2	0.294389
XM_044389152.2	17933	17753.9	4.2144e-06	1.01919e-07
XM_044389153.2	17738	17558.9	7.65807	0.187256
XM_044389154.2	8478	8298.9	2.79133	0.144412
XM_044389155.2	8637	8457.9	0	0
XM_044389156.2	5241	5061.9	0	0
XM_044389157.2	5317	5137.9	0.032791	0.0027402
XM_044389158.1	2666	2486.9	0	0
XM_044389159.2	3302	3122.9	0	0
XM_044389160.2	5187	5007.9	0	0
XM_044389161.2	3248	3068.9	0	0
XM_044389162.2	5151	4971.9	0	0
XM_044389163.2	5148	4968.9	96.6985	8.3555
XM_044389166.2	5043	4863.9	0	0
XM_044389167.2	2867	2687.9	0.289994	0.0463222
XM_044389174.2	1937	1757.9	0	0
XM_044389177.2	3364	3184.9	17.6968	2.38567
XM_044389178.2	3245	3065.9	0	0
XM_044389179.2	3101	2921.9	20.7944	3.05558
XM_044389181.2	3488	3308.9	2	0.259513
XM_044389186.2	3153	2973.9	21.2451	3.06722
XM_044389188.2	3256	3076.9	0	0
XM_044389189.2	2506	2326.9	4.86252	0.897215
XM_044389190.2	4287	4107.9	4	0.418074
XM_044389191.2	2833	2653.9	1.29667	0.209777
XM_044389195.2	7722	7542.9	0	0
XM_044389196.2	7515	7335.9	46.4281	2.71732
XM_044389198.2	1179	999.905	0	0
XM_044389199.2	2862	2682.9	0	0
XM_044389200.2	2526	2346.9	10.1493	1.85675
XM_044389201.2	1939	1759.9	0	0
XM_044389202.2	1918	1738.9	0	0
XM_044389203.2	1658	1478.9	0	0
XM_044389204.2	1553	1373.9	4.15473	1.29837
XM_044389205.2	3149	2969.9	6.06786	0.877216
XM_044389206.2	2151	1971.9	0	0
XM_044389207.2	5474	5294.9	184.018	14.9216
XM_044389212.2	1150	970.905	0	0
XM_044389213.2	4340	4160.9	0	0
XM_044389214.2	4298	4118.9	0	0
XM_044389215.2	4350	4170.9	0	0
XM_044389216.2	2853	2673.9	0	0
XM_044389217.2	6239	6059.9	7.99298e-07	5.66313e-08
XM_044389218.2	2142	1962.9	0	0
XM_044389219.2	2069	1889.9	0	0
XM_044389220.2	3449	3269.9	7	0.919129
XM_044389221.2	642	462.98	1	0.927365
XM_044389222.2	3515	3335.9	3	0.386119
XM_044389223.2	2786	2606.9	4.98759	0.821446
XM_044389224.2	1167	987.905	0	0
XM_044389226.2	2735	2555.9	0	0
XM_044389227.2	2182	2002.9	0	0
XM_044389228.1	1591	1411.9	0	0
XM_044389229.2	1131	951.905	1	0.451045
XM_044389230.2	5514	5334.9	0	0
XM_044389231.2	5583	5403.9	0	0
XM_044389232.2	5429	5249.9	0	0
XM_044389236.2	2402	2222.9	0	0
XM_044389237.2	2399	2219.9	0	0
XM_044389238.2	2396	2216.9	0	0
XM_044389239.2	2384	2204.9	0	0
XM_044389240.2	2177	1997.9	3	0.644703
XM_044389241.2	907	727.98	0	0
XM_044389243.2	4333	4153.9	2.51979e-07	2.60448e-08
XM_044389244.2	4357	4177.9	0.0173133	0.00177924
XM_044389248.2	7291	7111.9	0	0
XM_044389249.2	12649	12469.9	0	0
XM_044389251.2	4450	4270.9	0	0
XM_044389252.2	614	434.98	0	0
XM_044389254.2	1593	1413.9	0	0
XM_044389255.2	9367	9187.9	424.935	19.8573
XM_044389256.2	6859	6679.9	0	0
XM_044389257.2	2503	2323.9	0	0
XM_044389259.2	3571	3391.9	0	0
XM_044389260.2	3627	3447.9	0	0
XM_044389261.2	1746	1566.9	0	0
XM_044389263.2	2163	1983.9	37.3335	8.07962
XM_044389264.2	2073	1893.9	0	0
XM_044389265.2	2539	2359.9	0	0
XM_044389266.2	1662	1482.9	0	0
XM_044389267.2	4908	4728.9	6.26496	0.568815
XM_044389269.2	6009	5829.9	0	0
XM_044389270.2	8821	8641.9	0	0
XM_044389272.2	3118	2938.9	8	1.16874
XM_044389274.2	3532	3352.9	0	0
XM_044389275.2	2755	2575.9	0	0
XM_044389276.2	3867	3687.9	0	0
XM_044389277.2	3864	3684.9	0	0
XM_044389279.2	2790	2610.9	106.333	17.486
XM_044389280.2	1786	1606.9	25.2353	6.74266
XM_044389281.2	940	760.905	1.04174e-06	5.87819e-07
XM_044389282.2	1006	826.905	13.3262	6.91935
XM_044389283.2	8700	8520.9	0	0
XM_044389284.2	2255	2075.9	0	0
XM_044389285.2	2527	2347.9	0	0
XM_044389286.2	6283	6103.9	0	0
XM_044389287.2	2439	2259.9	11.2868	2.14434
XM_044389290.2	6997	6817.9	0	0
XM_044389291.2	5810	5630.9	29.2406	2.22957
XM_044389292.2	5662	5482.9	12.7594	0.999156
XM_044389293.2	4296	4116.9	0	0
XM_044389294.2	4535	4355.9	17	1.67565
XM_044389295.2	2194	2014.9	0	0
XM_044389296.2	6379	6199.9	1.86988e-08	1.29492e-09
XM_044389297.2	2167	1987.9	0	0
XM_044389298.2	2724	2544.9	0	0
XM_044389299.2	2608	2428.9	0	0
XM_044389300.2	2524	2344.9	0	0
XM_044389301.2	5766	5586.9	0	0
XM_044389302.2	8769	8589.9	0	0
XM_044389303.2	8744	8564.9	0	0
XM_044389304.2	8696	8516.9	10.8568	0.54731
XM_044389305.2	5495	5315.9	0	0
XM_044389308.2	8614	8434.9	0	0
XM_044389309.2	8577	8397.9	0	0
XM_044389310.2	8572	8392.9	0	0
XM_044389311.2	8616	8436.9	200.166	10.1864
XM_044389312.2	8748	8568.9	0	0
XM_044389313.2	8131	7951.9	112.108	6.0531
XM_044389314.2	5679	5499.9	0	0
XM_044389315.1	677	497.98	0	0
XM_044389316.2	2193	2013.9	1.58384	0.337665
XM_044389317.2	2110	1930.9	0	0
XM_044389318.2	2513	2333.9	0	0
XM_044389319.2	22328	22148.9	12.4163	0.240688
XM_044389320.2	1562	1382.9	2	0.620942
XM_044389321.2	1582	1402.9	0	0
XM_044389322.2	1408	1228.9	1	0.349378
XM_044389323.2	5525	5345.9	0	0
XM_044389324.2	1021	841.905	0	0
XM_044389325.2	2009	1829.9	1.97614	0.463663
XM_044389326.2	1120	940.905	0	0
XM_044389327.1	282	115.361	0	0
XM_044389328.2	2577	2397.9	0	0
XM_044389329.2	2529	2349.9	0	0
XM_044389330.1	573	393.98	0	0
XM_044389336.1	2319	2139.9	0	0
XM_044389338.2	899	719.98	0	0
XM_044389339.2	1825	1645.9	0	0
XM_044389341.1	2387	2207.9	0	0
XM_044389342.2	4295	4115.9	0	0
XM_044389344.1	695	515.98	2	1.66422
XM_044389347.2	4889	4709.9	34	3.09942
XM_044389353.1	1292	1112.9	0	0
XM_044389354.1	543	364.056	0	0
XM_044389355.2	621	441.98	0	0
XM_044389356.2	213	66.5435	0	0
XM_044389357.2	552	373.018	0	0
XM_044389358.2	4409	4229.9	7.97278	0.809268
XM_044389360.2	10409	10229.9	1	0.0419703
XM_044389361.2	4407	4227.9	1.41543	0.143739
XM_044389362.2	5017	4837.9	0	0
XM_044389363.2	837	657.98	1	0.65253
XM_044389364.2	1610	1430.9	0	0
XM_044389365.2	5924	5744.9	0.000105723	7.90136e-06
XM_044389366.2	3378	3198.9	0	0
XM_044389367.2	12854	12674.9	56.509	1.91419
XM_044389368.2	12492	12312.9	0.00112478	3.92211e-05
XM_044389369.2	7489	7309.9	0	0
XM_044389370.2	8849	8669.9	0	0
XM_044389372.2	14299	14119.9	2.00064	0.0608347
XM_044389373.2	5250	5070.9	0	0
XM_044389374.2	5149	4969.9	0	0
XM_044389375.2	4243	4063.9	9.74557	1.02962
XM_044389376.2	3171	2991.9	36.7318	5.27118
XM_044389377.2	3173	2993.9	0	0
XM_044389378.1	3113	2933.9	134.272	19.6496
XM_044389379.2	4001	3821.9	0	0
XM_044389380.2	3976	3796.9	0	0
XM_044389381.2	3490	3310.9	0	0
XM_044389382.2	3617	3437.9	0	0
XM_044389383.2	4273	4093.9	0	0
XM_044389384.2	3333	3153.9	11.6595	1.58725
XM_044389385.2	3044	2864.9	1	0.149866
XM_044389386.2	2449	2269.9	97.9301	18.5234
XM_044389387.2	3047	2867.9	0	0
XM_044389388.2	12185	12005.9	0	0
XM_044389389.2	11566	11386.9	0	0
XM_044389391.2	11105	10925.9	8.63223	0.339218
XM_044389392.2	1855	1675.9	0	0
XM_044389393.2	1726	1546.9	0	0
XM_044389394.2	1228	1048.9	564.004	230.866
XM_044389396.2	3907	3727.9	0	0
XM_044389397.2	3883	3703.9	0	0
XM_044389398.2	3936	3756.9	0	0
XM_044389399.2	3860	3680.9	0	0
XM_044389400.2	3972	3792.9	0	0
XM_044389401.2	1169	989.905	0	0
XM_044389403.2	3837	3657.9	2	0.234753
XM_044389404.2	2695	2515.9	0	0
XM_044389405.2	408	230.236	1	1.86484
XM_044389406.1	369	192.396	5	11.158
XM_044389407.2	2978	2798.9	0	0
XM_044389408.2	4692	4512.9	0	0
XM_044389409.2	10305	10125.9	33.3566	1.41436
XM_044389410.2	1257	1077.9	0	0
XM_044389411.2	1429	1249.9	1.00235	0.344315
XM_044389412.1	747	567.98	0	0
XM_044389414.1	1788	1608.9	0	0
XM_044389415.2	1485	1305.9	0	0
XM_044389417.1	1266	1086.9	0	0
XM_044389423.2	12837	12657.9	37.6902	1.27844
XM_044389426.2	12768	12588.9	908.07	30.9702
XM_044389428.2	12659	12479.9	52.4129	1.80318
XM_044389430.2	11568	11388.9	0	0
XM_044389431.2	552	373.018	1	1.15102
XM_044389432.2	553	374.018	17.4012	19.9756
XM_044389433.1	543	364.056	0	0
XM_044389434.1	579	399.98	0	0
XM_044389435.1	552	373.018	0	0
XM_044389436.2	1632	1452.9	0	0
XM_044389438.1	2382	2202.9	0	0
XM_044389439.2	322	149.236	0	0
XM_044389440.1	915	735.98	0	0
XM_044389441.2	8257	8077.9	84.5393	4.49338
XM_044389442.2	7905	7725.9	427.766	23.7722
XM_044389443.2	522	343.091	1.58267	1.98059
XM_044389445.2	318	145.693	0	0
XM_044389446.2	8955	8775.9	58.8883	2.88105
XM_044389447.2	8931	8751.9	3.80338e-07	1.86587e-08
XM_044389448.2	9051	8871.9	0	0
XM_044389449.2	8806	8626.9	54.108	2.6929
XM_044389450.2	8860	8680.9	0.00372828	0.000184398
XM_044389451.2	9621	9441.9	0.000161555	7.3464e-06
XM_044389452.2	9955	9775.9	0	0
XM_044389453.2	9654	9474.9	209.793	9.50668
XM_044389454.2	4378	4198.9	0	0
XM_044389455.1	333	159.24	0	0
XM_044389456.2	1256	1076.9	14.544	5.79858
XM_044389457.2	3579	3399.9	3.78004	0.477356
XM_044389458.2	6959	6779.9	0	0
XM_044389459.2	2084	1904.9	6.80447	1.53368
XM_044389460.2	2017	1837.9	0	0
XM_044389461.2	1097	917.905	0	0
XM_044389462.2	9466	9286.9	88.696	4.10059
XM_044389466.2	7139	6959.9	11	0.678583
XM_044389467.2	2044	1864.9	6.20262	1.42801
XM_044389468.2	4906	4726.9	0	0
XM_044389471.2	5926	5746.9	0	0
XM_044389472.2	4737	4557.9	0	0
XM_044389473.2	4766	4586.9	24.4662	2.29013
XM_044389474.2	3659	3479.9	0	0
XM_044389476.2	5322	5142.9	2.51513	0.209974
XM_044389478.2	3128	2948.9	0	0
XM_044389479.2	696	516.98	288.714	239.777
XM_044389480.2	3580	3400.9	13.8177	1.74443
XM_044389481.2	4556	4376.9	4.35723	0.427422
XM_044389482.2	2510	2330.9	0	0
XM_044389483.2	2183	2003.9	0	0
XM_044389484.2	2126	1946.9	6.19393e-05	1.36595e-05
XM_044389485.2	1954	1774.9	0	0
XM_044389486.2	5015	4835.9	0	0
XM_044389487.2	11152	10972.9	0	0
XM_044389488.2	6656	6476.9	0	0
XM_044389489.2	6890	6710.9	9.64152	0.616848
XM_044389495.2	1443	1263.9	0	0
XM_044389496.2	1473	1293.9	0	0
XM_044389497.1	1023	843.905	0	0
XM_044389498.2	1894	1714.9	0	0
XM_044389499.2	6070	5890.9	1	0.0728839
XM_044389500.2	564	384.98	0	0
XM_044389501.2	2709	2529.9	0	0
XM_044389502.2	2394	2214.9	7.45986	1.44607
XM_044389503.2	2369	2189.9	16.1076	3.15805
XM_044389504.2	6344	6164.9	0	0
XM_044389505.2	634	454.98	0	0
XM_044389506.2	607	427.98	0	0
XM_044389508.2	6563	6383.9	117.192	7.88182
XM_044389509.2	5845	5665.9	9.56809	0.725053
XM_044389510.2	5484	5304.9	0.395159	0.0319822
XM_044389511.2	360	183.852	0	0
XM_044389513.2	675	495.98	0	0
XM_044389515.1	972	792.905	0	0
XM_044389516.2	945	765.905	0	0
XM_044389517.2	3627	3447.9	0	0
XM_044389518.1	945	765.905	0	0
XM_044389522.1	528	349.091	0	0
XM_044389525.2	2520	2340.9	0	0
XM_044389526.2	618	438.98	0	0
XM_044389527.2	924	744.98	0	0
XM_044389528.2	474	295.277	0	0
XM_044389529.2	711	531.98	0	0
XM_044389531.2	1471	1291.9	0	0
XM_044389532.2	306	135.147	0	0
XM_044389535.2	3027	2847.9	0	0
XM_044389536.2	1238	1058.9	0	0
XM_044389537.2	3814	3634.9	0	0
XM_044389538.2	2325	2145.9	1	0.20008
XM_044389539.2	3709	3529.9	0	0
XM_044389540.2	2468	2288.9	0	0
XM_044389541.2	2866	2686.9	21.897	3.49902
XM_044389542.2	2074	1894.9	0	0
XM_044389543.2	7723	7543.9	1.60046e-06	9.10884e-08
XM_044389544.2	7720	7540.9	2.68951e-06	1.53131e-07
XM_044389545.2	7669	7489.9	0.0188676	0.00108157
XM_044389546.2	7640	7460.9	2.98113	0.171555
XM_044389548.1	873	693.98	0	0
XM_044389549.2	3858	3678.9	0	0
XM_044389550.2	5953	5773.9	0	0
XM_044389551.2	2956	2776.9	2	0.309231
XM_044389552.2	2938	2758.9	0	0
XM_044389553.2	8178	7998.9	0	0
XM_044389554.2	4154	3974.9	5.43681	0.58726
XM_044389555.2	2800	2620.9	0	0
XM_044389557.2	2853	2673.9	0	0
XM_044389559.2	3753	3573.9	0	0
XM_044389560.2	4003	3823.9	28.4064	3.1895
XM_044389562.2	3880	3700.9	1.25613	0.145727
XM_044389563.2	10578	10398.9	0	0
XM_044389565.2	2736	2556.9	147.2	24.7177
XM_044389566.2	1796	1616.9	0	0
XM_044389567.2	6689	6509.9	0	0
XM_044389568.2	6612	6432.9	0	0
XM_044389569.1	324	151.051	0	0
XM_044389570.2	6625	6445.9	0	0
XM_044389571.2	6731	6551.9	45.124	2.95701
XM_044389572.2	5629	5449.9	32.8927	2.59134
XM_044389573.2	6702	6522.9	0	0
XM_044389574.2	6697	6517.9	18.9833	1.25048
XM_044389575.2	3427	3247.9	0	0
XM_044389576.2	2868	2688.9	39.4834	6.30454
XM_044389577.2	4322	4142.9	0	0
XM_044389579.2	10403	10223.9	0	0
XM_044389580.2	10353	10173.9	4.87565e-08	2.05759e-09
XM_044389581.2	7041	6861.9	0.0321343	0.00201065
XM_044389582.2	5475	5295.9	0	0
XM_044389583.2	5428	5248.9	0	0
XM_044389584.2	5375	5195.9	0	0
XM_044389585.2	5388	5208.9	5.58083e-05	4.60008e-06
XM_044389586.2	5326	5146.9	0	0
XM_044389587.1	165	41.6333	0	0
XM_044389588.2	3633	3453.9	10	1.24309
XM_044389590.2	1307	1127.9	0	0
XM_044389592.2	2225	2045.9	0	0
XM_044389593.2	2358	2178.9	5.06173	0.997412
XM_044389594.2	3048	2868.9	0	0
XM_044389598.2	3394	3214.9	5	0.667752
XM_044389599.2	2505	2325.9	11.192	2.066
XM_044389600.2	3115	2935.9	0	0
XM_044389601.1	687	507.98	0	0
XM_044389602.2	2334	2154.9	84.9087	16.9176
XM_044389603.2	2322	2142.9	0	0
XM_044389604.2	2260	2080.9	4.16161e-05	8.58663e-06
XM_044389606.1	1971	1791.9	20.371	4.88102
XM_044389607.1	1991	1811.9	0	0
XM_044389608.1	1964	1784.9	0	0
XM_044389610.2	3196	3016.9	0	0
XM_044389611.2	8677	8497.9	0	0
XM_044389615.2	10326	10146.9	2.66954	0.112958
XM_044389616.2	7277	7097.9	0	0
XM_044389617.2	3502	3322.9	21.1762	2.73617
XM_044389618.2	1191	1011.9	0	0
XM_044389619.2	4884	4704.9	1	0.0912562
XM_044389621.2	5869	5689.9	7.82417	0.5904
XM_044389622.2	2537	2357.9	0.539997	0.0983283
XM_044389624.2	2808	2628.9	0	0
XM_044389625.2	3216	3036.9	0	0
XM_044389627.2	2900	2720.9	0	0
XM_044389631.2	1166	986.905	0	0
XM_044389632.2	1074	894.905	23	11.0348
XM_044389634.2	4198	4018.9	0	0
XM_044389635.2	3880	3700.9	30.5251	3.54129
XM_044389636.2	3607	3427.9	0	0
XM_044389637.2	3721	3541.9	0	0
XM_044389638.2	3490	3310.9	0	0
XM_044389640.2	3727	3547.9	0	0
XM_044389641.2	3691	3511.9	24.0878	2.94488
XM_044389642.2	1425	1245.9	0	0
XM_044389643.2	2242	2062.9	0	0
XM_044389645.2	3779	3599.9	0	0
XM_044389647.2	7493	7313.9	0.000600368	3.52437e-05
XM_044389648.2	7478	7298.9	141.823	8.34262
XM_044389649.2	7475	7295.9	6.10983e-07	3.59553e-08
XM_044389650.2	7445	7265.9	0	0
XM_044389651.2	7433	7253.9	6.95628e-08	4.11736e-09
XM_044389652.2	7418	7238.9	0.0195129	0.00115735
XM_044389653.2	4263	4083.9	0	0
XM_044389654.2	4162	3982.9	0	0
XM_044389655.2	1190	1010.9	0	0
XM_044389657.2	3494	3314.9	0	0
XM_044389660.2	3466	3286.9	0	0
XM_044389661.2	1399	1219.9	0	0
XM_044389662.2	1409	1229.9	0	0
XM_044389664.2	1288	1108.9	16	6.19497
XM_044389665.2	1805	1625.9	8.91981	2.35545
XM_044389666.2	3789	3609.9	0	0
XM_044389667.2	2465	2285.9	67.6813	12.7123
XM_044389668.2	968	788.905	3.63183	1.97658
XM_044389669.2	791	611.98	15.1874	10.6551
XM_044389670.2	603	423.98	4.71612	4.77587
XM_044389671.2	3658	3478.9	14	1.72782
XM_044389672.2	1343	1163.9	0	0
XM_044389673.2	3415	3235.9	0	0
XM_044389675.2	3374	3194.9	0	0
XM_044389676.2	5783	5603.9	0	0
XM_044389677.2	5779	5599.9	0	0
XM_044389678.2	5630	5450.9	0	0
XM_044389679.2	5626	5446.9	0	0
XM_044389684.2	754	574.98	0	0
XM_044389685.2	12730	12550.9	0	0
XM_044389686.2	12727	12547.9	0	0
XM_044389687.2	12636	12456.9	0.000446726	1.53973e-05
XM_044389688.2	12616	12436.9	0	0
XM_044389689.2	12570	12390.9	0	0
XM_044389690.2	12363	12183.9	0	0
XM_044389691.2	12296	12116.9	0	0
XM_044389692.2	12182	12002.9	0	0
XM_044389693.2	5789	5609.9	0	0
XM_044389694.2	2957	2777.9	0	0
XM_044389695.2	8819	8639.9	2.27608e-08	1.13108e-09
XM_044389696.2	8887	8707.9	0	0
XM_044389697.2	1975	1795.9	14.3104	3.42124
XM_044389699.2	16471	16291.9	0.294374	0.00775783
XM_044389700.2	10574	10394.9	0	0
XM_044389701.2	5417	5237.9	0	0
XM_044389702.2	5171	4991.9	8.35699e-05	7.18782e-06
XM_044389703.2	5383	5203.9	0	0
XM_044389704.2	5134	4954.9	1.37556	0.119195
XM_044389705.1	2218	2038.9	0	0
XM_044389707.2	4809	4629.9	0	0
XM_044389709.2	4795	4615.9	0	0
XM_044389710.2	4933	4753.9	0	0
XM_044389711.2	180	48.1848	0	0
XM_044389712.2	2621	2441.9	0	0
XM_044389713.2	1575	1395.9	0	0
XM_044389715.2	2932	2752.9	0	0
XM_044389716.2	853	673.98	0	0
XM_044389717.2	3745	3565.9	0	0
XM_044389718.2	3742	3562.9	0	0
XM_044389719.2	3608	3428.9	0	0
XM_044389720.2	3290	3110.9	0	0
XM_044389721.2	2369	2189.9	3.94933	0.774305
XM_044389722.2	1260	1080.9	13.0507	5.18393
XM_044389723.2	12299	12119.9	5.41672	0.191889
XM_044389724.2	7986	7806.9	0	0
XM_044389726.2	12967	12787.9	0	0
XM_044389727.2	6739	6559.9	19	1.24357
XM_044389728.2	3903	3723.9	0	0
XM_044389729.2	3830	3650.9	11	1.29362
XM_044389731.2	2323	2143.9	0	0
XM_044389732.1	727	547.98	2.49256	1.95297
XM_044389735.2	7133	6953.9	0	0
XM_044389736.2	10269	10089.9	0.0223339	0.000950368
XM_044389737.2	3514	3334.9	41.3367	5.32189
XM_044389739.2	16312	16132.9	0	0
XM_044389740.2	16009	15829.9	0	0
XM_044389741.2	19205	19025.9	5.44835	0.122951
XM_044389742.2	16071	15891.9	0	0
XM_044389743.2	19269	19089.9	1.71039e-05	3.84684e-07
XM_044389744.2	702	522.98	0	0
XM_044389745.2	690	510.98	0	0
XM_044389746.2	609	429.98	0	0
XM_044389747.2	8589	8409.9	0	0
XM_044389748.2	13602	13422.9	57.8111	1.84917
XM_044389749.2	2647	2467.9	0	0
XM_044389752.2	5004	4824.9	13.8969	1.23664
XM_044389755.2	6173	5993.9	16.6307	1.19128
XM_044389756.2	11519	11339.9	0	0
XM_044389757.2	11529	11349.9	87.8279	3.32242
XM_044389758.2	288	120.308	0	0
XM_044389759.2	7257	7077.9	0.176167	0.0106865
XM_044389761.1	480	301.247	0	0
XM_044389764.2	2691	2511.9	1	0.170927
XM_044389767.2	9093	8913.9	0	0
XM_044389768.2	9206	9026.9	30.7963	1.46478
XM_044389777.2	7949	7769.9	0	0
XM_044389779.2	8785	8605.9	3.30404	0.16484
XM_044389780.2	8390	8210.9	9.36507e-07	4.89704e-08
XM_044389781.2	7963	7783.9	13.6926	0.755272
XM_044389782.2	9381	9201.9	0	0
XM_044389783.2	7839	7659.9	0	0
XM_044389784.2	7851	7671.9	55.9636	3.13196
XM_044389785.2	7718	7538.9	2.78384	0.158544
XM_044389786.2	7602	7422.9	11.0655	0.640046
XM_044389787.2	4086	3906.9	12	1.31875
XM_044389788.2	4476	4296.9	27.8678	2.78459
XM_044389790.2	2372	2192.9	0	0
XM_044389791.2	2234	2054.9	0	0
XM_044389792.2	2174	1994.9	1	0.215224
XM_044389795.2	6814	6634.9	0	0
XM_044389796.1	1050	870.905	2.9182	1.43866
XM_044389797.2	2874	2694.9	0.608671	0.0969734
XM_044389798.2	1411	1231.9	0	0
XM_044389799.2	7437	7257.9	77	4.55505
XM_044389800.2	1703	1523.9	0	0
XM_044389801.2	1617	1437.9	10.9721	3.27623
XM_044389802.2	1517	1337.9	44.7262	14.3532
XM_044389803.2	9141	8961.9	0	0
XM_044389804.2	9001	8821.9	0	0
XM_044389805.2	8997	8817.9	0	0
XM_044389806.2	8944	8764.9	0	0
XM_044389807.2	8991	8811.9	0	0
XM_044389808.2	8988	8808.9	14.9389	0.728131
XM_044389809.2	8801	8621.9	107.061	5.33141
XM_044389810.2	8998	8818.9	0	0
XM_044389812.2	4567	4387.9	0	0
XM_044389813.2	4477	4297.9	0	0
XM_044389814.2	2714	2534.9	0	0
XM_044389815.2	2140	1960.9	547.51	119.881
XM_044389816.2	1375	1195.9	77.5905	27.8564
XM_044389817.2	1440	1260.9	63.1176	21.4922
XM_044389818.2	1392	1212.9	0	0
XM_044389819.2	1321	1141.9	0	0
XM_044389823.2	3981	3801.9	15.895	1.79504
XM_044389824.2	853	673.98	0	0
XM_044389825.2	798	618.98	0	0
XM_044389826.2	6155	5975.9	0	0
XM_044389830.2	3350	3170.9	0	0
XM_044389831.2	6306	6126.9	0	0
XM_044389832.2	6257	6077.9	0	0
XM_044389833.2	4062	3882.9	0	0
XM_044389834.2	3900	3720.9	0	0
XM_044389835.2	3225	3045.9	0	0
XM_044389836.2	3222	3042.9	0	0
XM_044389837.2	3174	2994.9	0	0
XM_044389838.2	6933	6753.9	0	0
XM_044389839.2	6858	6678.9	0	0
XM_044389841.2	8654	8474.9	13.4479	0.681293
XM_044389842.2	1110	930.905	8.62446	3.97777
XM_044389843.2	1700	1520.9	3.15706	0.89124
XM_044389844.2	1282	1102.9	20.2185	7.87089
XM_044389845.2	1181	1001.9	0	0
XM_044389846.2	2478	2298.9	4.61822	0.862516
XM_044389847.2	2669	2489.9	4.4886	0.774001
XM_044389848.2	6247	6067.9	0	0
XM_044389850.2	9130	8950.9	0	0
XM_044389852.2	2085	1905.9	33.2536	7.4912
XM_044389853.2	19959	19779.9	4.54034	0.0985547
XM_044389854.2	9227	9047.9	0	0
XM_044389855.2	4368	4188.9	18321.7	1877.92
XM_044389856.2	7338	7158.9	319.57	19.1661
XM_044389857.2	4751	4571.9	0	0
XM_044389858.2	4428	4248.9	0	0
XM_044389859.2	4430	4250.9	0	0
XM_044389861.2	1371	1191.9	0	0
XM_044389862.2	1001	821.905	2	1.04477
XM_044389863.2	1258	1078.9	0	0
XM_044389864.2	3877	3697.9	0	0
XM_044389865.2	3781	3601.9	0	0
XM_044389866.2	4070	3890.9	0	0
XM_044389867.2	3610	3430.9	0	0
XM_044389868.2	3426	3246.9	1.66755	0.220508
XM_044389869.2	3874	3694.9	0	0
XM_044389873.2	5246	5066.9	52.7611	4.47079
XM_044389874.2	4555	4375.9	0	0
XM_044389875.2	2362	2182.9	0	0
XM_044389877.2	3511	3331.9	0	0
XM_044389878.2	3451	3271.9	0	0
XM_044389879.2	3345	3165.9	0	0
XM_044389880.2	3319	3139.9	0	0
XM_044389881.2	3431	3251.9	0	0
XM_044389882.2	15821	15641.9	0	0
XM_044389883.2	6613	6433.9	0	0
XM_044389884.2	9027	8847.9	1	0.0485258
XM_044389885.2	2106	1926.9	0.0005759	0.000128322
XM_044389886.2	12727	12547.9	0	0
XM_044389887.2	12790	12610.9	0	0
XM_044389888.2	7629	7449.9	0	0
XM_044389889.2	7711	7531.9	21.7064	1.23736
XM_044389890.2	8929	8749.9	25.2706	1.24001
XM_044389891.2	4591	4411.9	55.7309	5.42354
XM_044389893.1	249	90.2619	0	0
XM_044389894.2	1928	1748.9	1	0.245498
XM_044389895.2	5423	5243.9	2.57686	0.210984
XM_044389896.2	5718	5538.9	0	0
XM_044389898.2	5270	5090.9	155	13.0722
XM_044389904.2	3387	3207.9	0	0
XM_044389906.2	15894	15714.9	2.88796	0.0789028
XM_044389907.2	10251	10071.9	0	0
XM_044389908.2	3380	3200.9	0	0
XM_044389909.2	13997	13817.9	0	0
XM_044389911.2	2893	2713.9	9	1.42384
XM_044389912.2	2547	2367.9	0	0
XM_044389913.2	6597	6417.9	76.331	5.10647
XM_044389914.2	8183	8003.9	12.5003	0.670551
XM_044389915.2	3655	3475.9	3	0.370567
XM_044389917.2	1295	1115.9	0	0
XM_044389918.2	1757	1577.9	0	0
XM_044389919.2	5438	5258.9	0	0
XM_044389920.2	5407	5227.9	0	0
XM_044389921.2	5393	5213.9	35.0741	2.88827
XM_044389922.2	5320	5140.9	0	0
XM_044389923.2	5189	5009.9	0	0
XM_044389924.2	1942	1762.9	7	1.70484
XM_044389925.2	1886	1706.9	0	0
XM_044389926.1	984	804.905	0	0
XM_044389927.2	4898	4718.9	0	0
XM_044389930.2	4541	4361.9	2.581	0.254054
XM_044389931.2	3295	3115.9	9.43756	1.30044
XM_044389932.2	3694	3514.9	0	0
XM_044389933.2	2881	2701.9	0	0
XM_044389934.2	1171	991.905	0	0
XM_044389935.2	2774	2594.9	11.5627	1.91317
XM_044389936.2	2750	2570.9	4.16521e-07	6.95607e-08
XM_044389937.2	2741	2561.9	10.3839	1.74025
XM_044389938.2	2717	2537.9	120.369	20.3635
XM_044389939.2	12454	12274.9	0.0223918	0.00078322
XM_044389940.2	12379	12199.9	0	0
XM_044389941.2	9758	9578.9	22.3434	1.00149
XM_044389942.2	12024	11844.9	0.130041	0.00471369
XM_044389943.2	6624	6444.9	0	0
XM_044389944.2	4065	3885.9	0.642379	0.0709761
XM_044389945.2	4062	3882.9	1.75997	0.194609
XM_044389946.2	13495	13315.9	0	0
XM_044389947.2	3731	3551.9	0	0
XM_044389948.2	1603	1423.9	1	0.301531
XM_044389950.2	19662	19482.9	1	0.0220374
XM_044389952.2	3803	3623.9	15	1.77717
XM_044389956.2	2126	1946.9	0	0
XM_044389961.2	4836	4656.9	5	0.460984
XM_044389963.2	503	324.091	62	82.1369
XM_044389964.2	3273	3093.9	0	0
XM_044389965.2	249	90.2619	0	0
XM_044389966.2	7568	7388.9	0.000112504	6.53737e-06
XM_044389967.2	8594	8414.9	0	0
XM_044389969.2	2901	2721.9	61	9.62211
XM_044389970.2	12422	12242.9	25.0727	0.879287
XM_044389971.2	3470	3290.9	154.821	20.1989
XM_044389972.2	3274	3094.9	25.7648	3.57431
XM_044389973.2	6942	6762.9	0.0367196	0.00233119
XM_044389975.2	6891	6711.9	8.76151	0.560463
XM_044389976.2	6810	6630.9	0	0
XM_044389977.2	6833	6653.9	112.513	7.26004
XM_044389978.2	6776	6596.9	16.1264	1.04957
XM_044389979.2	1929	1749.9	0	0
XM_044389980.2	6393	6213.9	0	0
XM_044389981.2	6333	6153.9	0	0
XM_044389982.2	6295	6115.9	0	0
XM_044389983.2	5898	5718.9	0	0
XM_044389984.2	5671	5491.9	2.89352	0.226213
XM_044389987.2	3773	3593.9	7.10648	0.848987
XM_044389989.2	2363	2183.9	0.000619147	0.000121723
XM_044389990.2	2361	2181.9	0	0
XM_044389991.2	2348	2168.9	0.000352256	6.9732e-05
XM_044389992.2	2346	2166.9	0	0
XM_044389995.2	1889	1709.9	0	0
XM_044389996.2	11518	11338.9	0	0
XM_044389997.2	10905	10725.9	0	0
XM_044389998.2	3653	3473.9	2.66712e-08	3.29639e-09
XM_044390001.2	2729	2549.9	0	0
XM_044390002.2	2349	2169.9	0	0
XM_044390003.2	2279	2099.9	0	0
XM_044390005.2	4348	4168.9	1.31014e-06	1.3493e-07
XM_044390006.2	4814	4634.9	0	0
XM_044390007.2	2189	2009.9	0	0
XM_044390008.2	4640	4460.9	0	0
XM_044390009.2	2037	1857.9	1	0.231095
XM_044390010.2	4637	4457.9	0	0
XM_044390012.2	5489	5309.9	0.988066	0.0798937
XM_044390013.1	1590	1410.9	0	0
XM_044390014.1	1524	1344.9	0	0
XM_044390015.1	1506	1326.9	0	0
XM_044390016.2	4590	4410.9	0	0
XM_044390017.2	5378	5198.9	0	0
XM_044390018.1	2354	2174.9	1	0.197412
XM_044390019.2	5151	4971.9	0	0
XM_044390020.2	5027	4847.9	0	0
XM_044390021.2	7432	7252.9	20.4325	1.20955
XM_044390022.2	1301	1121.9	7.85191	3.00492
XM_044390023.2	7406	7226.9	0	0
XM_044390024.2	2256	2076.9	0	0
XM_044390025.2	2236	2056.9	18.917	3.94868
XM_044390026.2	2230	2050.9	0.0215481	0.00451105
XM_044390027.2	2673	2493.9	0	0
XM_044390028.2	2604	2424.9	2.54464e-05	4.50552e-06
XM_044390029.2	2647	2467.9	0	0
XM_044390030.2	2585	2405.9	13.543	2.41685
XM_044390031.2	2578	2398.9	0	0
XM_044390032.2	2158	1978.9	0	0
XM_044390033.2	2948	2768.9	7.61647	1.18103
XM_044390034.2	2104	1924.9	0	0
XM_044390035.2	7498	7318.9	0.00015007	8.80362e-06
XM_044390036.2	2443	2263.9	0	0
XM_044390038.2	2920	2740.9	114.36	17.9141
XM_044390039.2	2076	1896.9	0	0
XM_044390040.2	2900	2720.9	0	0
XM_044390044.2	4029	3849.9	2.70279	0.301423
XM_044390045.2	1504	1324.9	0	0
XM_044390047.2	1534	1354.9	12.8362	4.06762
XM_044390048.2	15265	15085.9	29.1326	0.829129
XM_044390049.2	1556	1376.9	0	0
XM_044390050.2	1872	1692.9	0	0
XM_044390051.2	1815	1635.9	0	0
XM_044390052.2	1501	1321.9	0	0
XM_044390053.2	6210	6030.9	39.2191	2.79208
XM_044390054.2	2838	2658.9	1	0.161477
XM_044390056.1	1976	1796.9	0	0
XM_044390057.1	1987	1807.9	0	0
XM_044390059.1	1901	1721.9	0	0
XM_044390061.2	3336	3156.9	0	0
XM_044390063.2	1743	1563.9	0.00102413	0.000281162
XM_044390064.2	1732	1552.9	10.2519	2.83449
XM_044390067.1	526	347.091	0	0
XM_044390068.2	9100	8920.9	51.9055	2.49814
XM_044390069.2	833	653.98	4.18932	2.75038
XM_044390073.2	2187	2007.9	0	0
XM_044390075.2	2468	2288.9	0	0
XM_044390076.2	9087	8907.9	0	0
XM_044390077.2	1173	993.905	0	0
XM_044390078.2	2325	2145.9	26	5.20207
XM_044390079.2	1458	1278.9	1	0.335718
XM_044390080.2	1177	997.905	0	0
XM_044390081.2	681	501.98	0	0
XM_044390082.2	1147	967.905	0	0
XM_044390085.2	1230	1050.9	0	0
XM_044390088.2	1241	1061.9	0	0
XM_044390091.1	786	606.98	0	0
XM_044390092.2	7198	7018.9	30	1.83512
XM_044390093.2	6920	6740.9	0	0
XM_044390094.2	6897	6717.9	0	0
XM_044390095.2	10107	9927.9	12.3541	0.534276
XM_044390096.2	10104	9924.9	18.3272	0.792837
XM_044390097.2	3679	3499.9	1	0.122675
XM_044390098.2	1104	924.905	0	0
XM_044390100.2	9069	8889.9	92.3462	4.46001
XM_044390101.2	5226	5046.9	4	0.340289
XM_044390102.2	1038	858.905	0	0
XM_044390103.2	831	651.98	0	0
XM_044390104.2	3908	3728.9	0	0
XM_044390105.2	9307	9127.9	0	0
XM_044390106.2	4927	4747.9	121	10.942
XM_044390107.1	354	178.271	0	0
XM_044390109.2	8423	8243.9	0	0
XM_044390110.2	37371	37191.9	5.03333	0.058106
XM_044390115.2	13218	13038.9	0	0
XM_044390116.2	11467	11287.9	0	0
XM_044390118.2	1230	1050.9	0	0
XM_044390119.2	1038	858.905	0	0
XM_044390120.2	1151	971.905	22.1247	9.77387
XM_044390121.2	926	746.98	0	0
XM_044390123.2	1437	1257.9	8	2.73059
XM_044390124.2	7888	7708.9	0	0
XM_044390128.2	8169	7989.9	16.6606	0.895289
XM_044390129.2	6079	5899.9	0	0
XM_044390130.2	6146	5966.9	0	0
XM_044390131.2	5506	5326.9	0	0
XM_044390132.2	8927	8747.9	0	0
XM_044390133.2	2749	2569.9	0	0
XM_044390137.2	4037	3857.9	0	0
XM_044390138.2	4369	4189.9	0	0
XM_044390139.2	4162	3982.9	16	1.72478
XM_044390144.2	2269	2089.9	8.53699	1.75385
XM_044390145.2	2148	1968.9	0	0
XM_044390147.2	2943	2763.9	7	1.0874
XM_044390148.2	3683	3503.9	3	0.367606
XM_044390149.2	8419	8239.9	22.6739	1.18146
XM_044390150.2	3097	2917.9	0	0
XM_044390151.2	3152	2972.9	0	0
XM_044390152.2	8912	8732.9	0	0
XM_044390153.2	8909	8729.9	2.19962e-06	1.08181e-07
XM_044390155.2	1299	1119.9	0	0
XM_044390158.2	5989	5809.9	8.65904e-06	6.39903e-07
XM_044390159.2	6964	6784.9	0	0
XM_044390160.2	6476	6296.9	11.3463	0.773643
XM_044390161.2	6509	6329.9	64.5931	4.3813
XM_044390162.2	8751	8571.9	0	0
XM_044390163.2	4398	4218.9	15	1.52653
XM_044390164.2	4012	3832.9	0	0
XM_044390165.2	3767	3587.9	0	0
XM_044390167.2	3207	3027.9	12	1.70158
XM_044390168.2	3930	3750.9	0	0
XM_044390169.2	3928	3748.9	0	0
XM_044390171.2	3864	3684.9	0	0
XM_044390173.2	2807	2627.9	0	0
XM_044390174.2	2360	2180.9	0	0
XM_044390175.2	8406	8226.9	0	0
XM_044390176.2	4941	4761.9	74.8621	6.74986
XM_044390178.2	5629	5449.9	15.6204	1.2306
XM_044390179.2	5572	5392.9	0	0
XM_044390180.2	5344	5164.9	0	0
XM_044390181.2	1461	1281.9	20639	6912.69
XM_044390182.2	4224	4044.9	0	0
XM_044390183.2	3080	2900.9	28	4.14417
XM_044390184.2	3056	2876.9	0	0
XM_044390185.1	1883	1703.9	0	0
XM_044390186.2	2039	1859.9	0	0
XM_044390187.2	2035	1855.9	0	0
XM_044390188.2	7356	7176.9	0	0
XM_044390189.2	1858	1678.9	0	0
XM_044390190.2	2115	1935.9	0	0
XM_044390191.2	1827	1647.9	19.6616	5.1227
XM_044390192.2	7908	7728.9	51	2.83312
XM_044390193.2	7522	7342.9	16.8966	0.987973
XM_044390194.2	3648	3468.9	0	0
XM_044390195.2	3645	3465.9	0	0
XM_044390196.2	10363	10183.9	0	0
XM_044390197.2	10360	10180.9	0	0
XM_044390198.2	7032	6852.9	0	0
XM_044390199.2	12522	12342.9	2.00136	0.0696178
XM_044390200.2	1692	1512.9	8.72579	2.47632
XM_044390201.2	1899	1719.9	0	0
XM_044390202.2	7362	7182.9	77.1463	4.61136
XM_044390203.2	2883	2703.9	0	0
XM_044390204.2	7306	7126.9	0	0
XM_044390205.2	3093	2913.9	0	0
XM_044390206.2	1885	1705.9	11	2.76854
XM_044390207.2	1933	1753.9	0	0
XM_044390208.2	1890	1710.9	0	0
XM_044390209.2	5170	4990.9	0	0
XM_044390210.2	3515	3335.9	0	0
XM_044390211.2	9623	9443.9	45.4469	2.06617
XM_044390212.2	2309	2129.9	0	0
XM_044390213.2	9938	9758.9	54	2.37578
XM_044390214.2	1883	1703.9	0.00123485	0.00031116
XM_044390216.2	1142	962.905	0	0
XM_044390217.2	2872	2692.9	0	0
XM_044390220.2	2106	1926.9	0	0
XM_044390221.2	354	178.271	26	62.6188
XM_044390223.2	12960	12780.9	1	0.0335932
XM_044390224.2	2320	2140.9	23	4.61258
XM_044390226.2	1303	1123.9	3.48613	1.33176
XM_044390227.2	1068	888.905	25.6096	12.3697
XM_044390228.2	5432	5252.9	1	0.0817361
XM_044390229.2	1038	858.905	3	1.49965
XM_044390230.2	4591	4411.9	0	0
XM_044390231.2	4395	4215.9	82.1507	8.36631
XM_044390232.2	7185	7005.9	106.699	6.53898
XM_044390233.2	2133	1953.9	0	0
XM_044390234.2	8302	8122.9	0	0
XM_044390235.2	6137	5957.9	2	0.144129
XM_044390237.2	1391	1211.9	0	0
XM_044390238.2	2351	2171.9	23.4666	4.63898
XM_044390239.2	1533	1353.9	13.5334	4.29173
XM_044390240.2	460	281.391	0	0
XM_044390241.2	3488	3308.9	0	0
XM_044390242.2	343	168.255	0	0
XM_044390243.2	342	167.307	9.12422	23.4151
XM_044390244.2	318	145.693	0	0
XM_044390245.2	3337	3157.9	7.96293	1.08265
XM_044390247.2	12708	12528.9	0.0180076	0.000617101
XM_044390248.2	12669	12489.9	0.0136732	0.000470027
XM_044390250.2	12654	12474.9	0	0
XM_044390252.2	3096	2916.9	0	0
XM_044390253.2	1046	866.905	0	0
XM_044390254.2	1043	863.905	12	5.96388
XM_044390255.1	473	294.277	0	0
XM_044390256.2	2686	2506.9	3.47375	0.594941
XM_044390257.2	6159	5979.9	0.0195086	0.0014007
XM_044390258.2	6226	6046.9	0	0
XM_044390259.2	885	705.98	0	0
XM_044390260.2	1919	1739.9	0	0
XM_044390261.2	1901	1721.9	0	0
XM_044390262.2	1529	1349.9	0	0
XM_044390263.2	1440	1260.9	0	0
XM_044390264.2	1443	1263.9	0	0
XM_044390265.2	1349	1169.9	0	0
XM_044390266.2	1356	1176.9	0	0
XM_044390267.2	1050	870.905	0	0
XM_044390268.2	873	693.98	0	0
XM_044390269.1	657	477.98	0	0
XM_044390270.2	4145	3965.9	4	0.433043
XM_044390271.2	5179	4999.9	0	0
XM_044390272.2	3786	3606.9	16.6314	1.97973
XM_044390273.2	2127	1947.9	1.91409	0.421898
XM_044390274.2	3382	3202.9	0	0
XM_044390275.2	1981	1801.9	0	0
XM_044390276.2	1957	1777.9	0	0
XM_044390277.2	1876	1696.9	0	0
XM_044390278.2	1852	1672.9	0	0
XM_044390279.2	1765	1585.9	0	0
XM_044390280.1	579	399.98	0	0
XM_044390281.2	2130	1950.9	0	0
XM_044390283.2	1968	1788.9	0	0
XM_044390284.2	2175	1995.9	0	0
XM_044390285.2	2229	2049.9	6.96279	1.45836
XM_044390286.2	3552	3372.9	0	0
XM_044390287.2	3876	3696.9	6.11376e-05	7.10042e-06
XM_044390288.1	945	765.905	0	0
XM_044390289.2	2571	2391.9	0	0
XM_044390290.2	2553	2373.9	0	0
XM_044390291.1	2262	2082.9	0	0
XM_044390292.2	8526	8346.9	0	0
XM_044390293.2	7114	6934.9	0	0
XM_044390295.2	1821	1641.9	0	0
XM_044390296.2	3209	3029.9	0	0
XM_044390297.2	4737	4557.9	0	0
XM_044390298.2	1228	1048.9	14.876	6.08923
XM_044390299.2	3552	3372.9	0	0
XM_044390301.2	3435	3255.9	0	0
XM_044390302.2	3548	3368.9	0	0
XM_044390303.2	4103	3923.9	1.8272	0.199931
XM_044390305.2	2452	2272.9	29	5.4781
XM_044390306.2	1653	1473.9	0	0
XM_044390307.2	2177	1997.9	0	0
XM_044390308.2	2197	2017.9	3.43671e-06	7.31233e-07
XM_044390309.2	5902	5722.9	14	1.05033
XM_044390310.2	2249	2069.9	1.52823	0.316995
XM_044390313.2	4374	4194.9	8.65745	0.886097
XM_044390314.2	8150	7970.9	0	0
XM_044390315.2	7249	7069.9	0	0
XM_044390316.2	6084	5904.9	0.432964	0.0314813
XM_044390317.2	6423	6243.9	18.2833	1.25722
XM_044390318.2	7879	7699.9	4.28376	0.238865
XM_044390320.2	4983	4803.9	0	0
XM_044390321.2	3803	3623.9	0	0
XM_044390322.2	5612	5432.9	0	0
XM_044390323.2	3876	3696.9	0	0
XM_044390324.2	3815	3635.9	0	0
XM_044390326.2	6840	6660.9	0.00093741	6.0424e-05
XM_044390327.2	11084	10904.9	2.58161	0.101644
XM_044390328.2	7196	7016.9	0	0
XM_044390329.2	6834	6654.9	504.233	32.5314
XM_044390330.1	994	814.905	0	0
XM_044390331.2	6800	6620.9	66.2025	4.2931
XM_044390332.2	4927	4747.9	91.4926	8.27366
XM_044390334.2	4908	4728.9	79.5086	7.21883
XM_044390335.2	6735	6555.9	0	0
XM_044390336.2	2128	1948.9	0	0
XM_044390337.2	4051	3871.9	0	0
XM_044390338.2	271	106.767	0	0
XM_044390339.2	6739	6559.9	105.87	6.92926
XM_044390340.2	2762	2582.9	67.5002	11.2204
XM_044390341.2	6663	6483.9	48.5824	3.21703
XM_044390342.2	1886	1706.9	0	0
XM_044390343.2	3996	3816.9	3.31389	0.372769
XM_044390344.2	3980	3800.9	0	0
XM_044390346.2	2982	2802.9	0	0
XM_044390347.2	2947	2767.9	0	0
XM_044390348.2	2718	2538.9	0	0
XM_044390349.1	405	227.259	0	0
XM_044390352.2	3612	3432.9	0	0
XM_044390353.2	2564	2384.9	3.8015	0.684381
XM_044390354.2	3621	3441.9	0	0
XM_044390355.2	3603	3423.9	0	0
XM_044390356.2	3498	3318.9	0	0
XM_044390357.2	3489	3309.9	0	0
XM_044390358.2	2747	2567.9	1.09769	0.183534
XM_044390359.2	650	470.98	7.9081	7.20913
XM_044390360.2	2526	2346.9	16.7955	3.07263
XM_044390362.2	7053	6873.9	1	0.0624611
XM_044390363.2	15237	15057.9	39.3521	1.12206
XM_044390364.2	14898	14718.9	0.00370272	0.000108009
XM_044390365.2	13320	13140.9	3.76193	0.122913
XM_044390366.2	3265	3085.9	5	0.695666
XM_044390368.2	11236	11056.9	48.6763	1.89015
XM_044390369.2	746	566.98	11.3407	8.58786
XM_044390370.2	6368	6188.9	38.71	2.68548
XM_044390371.1	840	660.98	0	0
XM_044390372.1	2196	2016.9	0	0
XM_044390373.2	6255	6075.9	0	0
XM_044390375.2	2920	2740.9	0	0
XM_044390376.2	6386	6206.9	102.858	7.11506
XM_044390377.2	6385	6205.9	105.852	7.32328
XM_044390378.2	6488	6308.9	0	0
XM_044390379.2	6381	6201.9	0	0
XM_044390380.2	4158	3978.9	0	0
XM_044390381.2	6374	6194.9	0	0
XM_044390383.2	291	122.777	0	0
XM_044390384.2	6323	6143.9	44.7224	3.12531
XM_044390385.2	3122	2942.9	6.89795	1.00637
XM_044390386.2	2153	1973.9	0	0
XM_044390388.2	3442	3262.9	0	0
XM_044390390.2	3038	2858.9	0	0
XM_044390391.2	7437	7257.9	91.7645	5.42846
XM_044390392.2	7477	7297.9	0	0
XM_044390393.2	7388	7208.9	0	0
XM_044390394.2	7412	7232.9	0	0
XM_044390395.2	7567	7387.9	0	0
XM_044390396.2	3635	3455.9	34.2079	4.2499
XM_044390397.2	4481	4301.9	119.375	11.9142
XM_044390399.2	2427	2247.9	18.8833	3.60672
XM_044390400.2	1036	856.905	0	0
XM_044390401.2	2715	2535.9	0	0
XM_044390402.2	1215	1035.9	1	0.414471
XM_044390403.2	6252	6072.9	0	0
XM_044390404.2	6284	6104.9	0	0
XM_044390405.2	6309	6129.9	0	0
XM_044390407.2	6202	6022.9	0.0535272	0.00381577
XM_044390408.2	6199	6019.9	31.0467	2.21431
XM_044390409.2	6196	6016.9	0	0
XM_044390412.2	3365	3185.9	7.33363	0.988324
XM_044390413.2	3458	3278.9	40.2757	5.27385
XM_044390414.2	3623	3443.9	0	0
XM_044390415.2	4022	3842.9	6.98267	0.780145
XM_044390417.2	1270	1090.9	73.653	28.9879
XM_044390418.2	6542	6362.9	0	0
XM_044390419.2	6074	5894.9	26.3759	1.92108
XM_044390420.2	1285	1105.9	52.1287	20.2383
XM_044390421.2	3074	2894.9	10.1255	1.50175
XM_044390422.2	6098	5918.9	221.738	16.0847
XM_044390423.2	5813	5633.9	0	0
XM_044390424.2	5973	5793.9	21.0388	1.55906
XM_044390440.2	5995	5815.9	0	0
XM_044390441.2	5877	5697.9	0	0
XM_044390443.2	2472	2292.9	0	0
XM_044390444.2	15020	14840.9	0	0
XM_044390446.2	1928	1748.9	0	0
XM_044390451.2	8341	8161.9	78	4.10314
XM_044390453.2	3727	3547.9	0	0
XM_044390454.2	2527	2347.9	27.5306	5.0344
XM_044390456.2	2831	2651.9	0	0
XM_044390457.2	8184	8004.9	0	0
XM_044390458.2	1005	825.905	0	0
XM_044390459.2	3608	3428.9	1.57857	0.197662
XM_044390460.2	3592	3412.9	0	0
XM_044390461.2	6101	5921.9	0	0
XM_044390462.2	6320	6140.9	11.4743	0.802243
XM_044390463.2	5539	5359.9	0	0
XM_044390464.2	5521	5341.9	0	0
XM_044390465.2	5517	5337.9	0	0
XM_044390466.2	5515	5335.9	0.000130586	1.05076e-05
XM_044390467.2	5551	5371.9	0	0
XM_044390468.2	5541	5361.9	0	0
XM_044390469.2	5442	5262.9	52.2302	4.26098
XM_044390471.2	5286	5106.9	0	0
XM_044390472.2	5280	5100.9	0	0
XM_044390473.2	5244	5064.9	0	0
XM_044390474.2	5226	5046.9	0	0
XM_044390475.2	4810	4630.9	0	0
XM_044390476.2	4787	4607.9	0	0
XM_044390477.2	2532	2352.9	1	0.182477
XM_044390478.2	5452	5272.9	0	0
XM_044390479.2	5404	5224.9	0	0
XM_044390480.2	5541	5361.9	0.00549981	0.000440395
XM_044390481.2	5514	5334.9	3.9945	0.321476
XM_044390482.2	8775	8595.9	0.000103494	5.16937e-06
XM_044390483.2	1221	1041.9	0	0
XM_044390485.2	23077	22897.9	0.000221523	4.15371e-06
XM_044390486.2	23069	22889.9	0.0068184	0.000127895
XM_044390487.2	23062	22882.9	115.679	2.17048
XM_044390488.2	23060	22880.9	6.52637e-08	1.22465e-09
XM_044390489.2	23014	22834.9	81.9827	1.54148
XM_044390490.2	23008	22828.9	0.0381059	0.000716672
XM_044390491.2	22990	22810.9	1.20198e-05	2.2624e-07
XM_044390493.2	23330	23150.9	13.682	0.253743
XM_044390494.2	22966	22786.9	122.103	2.30067
XM_044390495.2	23321	23141.9	417.514	7.74614
XM_044390496.2	24317	24137.9	2.68587	0.0477749
XM_044390497.2	22897	22717.9	0.173565	0.00328024
XM_044390498.2	16523	16343.9	37.3927	0.9823
XM_044390500.2	22967	22787.9	0.05289	0.000996511
XM_044390502.2	22880	22700.9	0.00292143	5.52543e-05
XM_044390503.2	6350	6170.9	0	0
XM_044390504.2	6192	6012.9	0	0
XM_044390505.2	6089	5909.9	0	0
XM_044390506.2	3304	3124.9	42.6462	5.85945
XM_044390507.2	2635	2455.9	7.74452	1.35393
XM_044390508.2	2284	2104.9	0	0
XM_044390509.1	2131	1951.9	73.4076	16.1471
XM_044390510.2	2145	1965.9	7.84788	1.71397
XM_044390511.2	2114	1934.9	0	0
XM_044390512.2	5807	5627.9	0	0
XM_044390513.2	890	710.98	0	0
XM_044390514.2	7283	7103.9	0	0
XM_044390515.2	2550	2370.9	4.69279	0.849826
XM_044390518.2	7294	7114.9	46.5895	2.81147
XM_044390519.2	2301	2121.9	38.4985	7.78989
XM_044390520.2	2411	2231.9	4.50148	0.865951
XM_044390521.2	7963	7783.9	15.976	0.881219
XM_044390522.2	2326	2146.9	0	0
XM_044390523.2	4924	4744.9	0	0
XM_044390524.2	1895	1715.9	20	5.00438
XM_044390525.2	8367	8187.9	2.73568	0.143452
XM_044390526.2	6134	5954.9	0	0
XM_044390527.2	13248	13068.9	0.579159	0.0190271
XM_044390528.2	8014	7834.9	0	0
XM_044390529.2	4553	4373.9	0	0
XM_044390530.2	4621	4441.9	0	0
XM_044390531.2	3304	3124.9	0	0
XM_044390532.2	2170	1990.9	0	0
XM_044390533.2	2098	1918.9	1	0.223748
XM_044390534.2	2180	2000.9	0	0
XM_044390535.2	5694	5514.9	5.69958e-06	4.43729e-07
XM_044390536.2	4090	3910.9	0	0
XM_044390537.2	3898	3718.9	0	0
XM_044390538.2	17839	17659.9	12.8091	0.311418
XM_044390539.2	17823	17643.9	41.8056	1.01731
XM_044390540.2	17807	17627.9	23.0523	0.56147
XM_044390541.2	18413	18233.9	0	0
XM_044390542.2	16953	16773.9	0	0
XM_044390543.2	11192	11012.9	0	0
XM_044390544.2	10571	10391.9	0	0
XM_044390545.2	1668	1488.9	78.3198	22.5849
XM_044390546.2	7181	7001.9	10.1263	0.620937
XM_044390547.2	849	669.98	13.8687	8.88768
XM_044390548.2	12088	11908.9	0	0
XM_044390549.2	12048	11868.9	0	0
XM_044390550.2	8977	8797.9	0	0
XM_044390551.2	11116	10936.9	8.85818	0.347747
XM_044390552.2	7412	7232.9	23.6008	1.40097
XM_044390553.2	3953	3773.9	2.33415	0.265553
XM_044390554.1	1265	1085.9	0	0
XM_044390556.2	4416	4236.9	1.47372	0.149342
XM_044390557.2	1149	969.905	123.904	54.849
XM_044390558.2	4752	4572.9	11	1.03279
XM_044390561.2	910	730.98	51.3842	30.1812
XM_044390562.2	1003	823.905	0	0
XM_044390563.2	1007	827.905	0	0
XM_044390564.2	3166	2986.9	0.148199	0.0213028
XM_044390565.2	3291	3111.9	0	0
XM_044390566.2	1862	1682.9	0	0
XM_044390567.2	5671	5491.9	0.00133181	0.00010412
XM_044390568.2	44658	44478.9	3.54862	0.0342546
XM_044390570.2	14415	14235.9	1.21076	0.0365163
XM_044390571.2	14412	14232.9	1.59407	0.0480868
XM_044390572.2	14394	14214.9	8.31228	0.251067
XM_044390573.2	13827	13647.9	18.708	0.58854
XM_044390576.2	5868	5688.9	0	0
XM_044390577.2	5313	5133.9	0	0
XM_044390578.2	7633	7453.9	0	0
XM_044390579.2	5271	5091.9	57.9145	4.88338
XM_044390581.2	472	293.277	0	0
XM_044390582.2	5604	5424.9	0	0
XM_044390584.2	1895	1715.9	0	0
XM_044390585.2	2524	2344.9	0.902402	0.16523
XM_044390586.2	873	693.98	1.98473	1.22792
XM_044390587.2	8757	8577.9	0	0
XM_044390588.2	5860	5680.9	0	0
XM_044390589.1	3584	3404.9	0	0
XM_044390595.2	2459	2279.9	0	0
XM_044390596.2	8893	8713.9	2.67667	0.131885
XM_044390597.2	5831	5651.9	0	0
XM_044390598.2	3588	3408.9	0	0
XM_044390599.2	3644	3464.9	12.8526	1.59262
XM_044390600.2	3795	3615.9	39.9777	4.74694
XM_044390601.2	5570	5390.9	0	0
XM_044390602.2	2985	2805.9	0	0
XM_044390603.2	2917	2737.9	0	0
XM_044390604.2	5574	5394.9	0	0
XM_044390605.2	6779	6599.9	0	0
XM_044390607.2	7467	7287.9	2.46632	0.145298
XM_044390608.2	7425	7245.9	1.64245e-08	9.73225e-10
XM_044390609.2	1580	1400.9	18	5.51667
XM_044390610.2	4592	4412.9	1	0.0972946
XM_044390611.2	10983	10803.9	0	0
XM_044390612.2	1384	1204.9	0	0
XM_044390613.1	667	487.98	0	0
XM_044390614.2	4192	4012.9	12.6143	1.34964
XM_044390615.2	2724	2544.9	0	0
XM_044390616.2	10932	10752.9	0	0
XM_044390617.2	7710	7530.9	0	0
XM_044390618.2	7797	7617.9	26.6875	1.50413
XM_044390619.2	7707	7527.9	0	0
XM_044390620.2	7751	7571.9	0	0
XM_044390621.2	5624	5444.9	98.9987	7.80643
XM_044390622.2	1134	954.905	0	0
XM_044390623.2	7941	7761.9	58.4231	3.23169
XM_044390624.2	1103	923.905	15.0186	6.97938
XM_044390625.2	7914	7734.9	42.4307	2.35526
XM_044390626.2	7877	7697.9	0	0
XM_044390627.2	1021	841.905	0	0
XM_044390628.2	11027	10847.9	0.000217578	8.61157e-06
XM_044390631.2	3858	3678.9	2	0.233413
XM_044390632.1	1611	1431.9	0	0
XM_044390633.2	5166	4986.9	9	0.774863
XM_044390634.2	5011	4831.9	7	0.622004
XM_044390635.2	2150	1970.9	46	10.0209
XM_044390637.2	9929	9749.9	70.2074	3.09169
XM_044390638.2	9146	8966.9	0	0
XM_044390640.2	8914	8734.9	0	0
XM_044390641.2	4508	4328.9	14.5603	1.44412
XM_044390646.2	3758	3578.9	4.66389	0.559515
XM_044390647.2	1049	869.905	3.79646	1.87379
XM_044390649.2	994	814.905	0	0
XM_044390650.2	10647	10467.9	0	0
XM_044390651.2	12055	11875.9	0	0
XM_044390652.2	11736	11556.9	0	0
XM_044390653.2	3913	3733.9	0	0
XM_044390654.2	1621	1441.9	4.69414	1.39776
XM_044390655.2	1066	886.905	1.9364	0.937416
XM_044390656.2	2680	2500.9	8.38795e-07	1.44003e-07
XM_044390657.2	689	509.98	18.2865	15.3954
XM_044390658.2	9961	9781.9	2	0.0877849
XM_044390659.2	8245	8065.9	0.0374834	0.00199526
XM_044390660.2	8150	7970.9	0.0173885	0.000936631
XM_044390661.2	8297	8117.9	0	0
XM_044390662.2	8190	8010.9	0	0
XM_044390664.2	8070	7890.9	0	0
XM_044390665.2	6172	5992.9	0	0
XM_044390666.2	1812	1632.9	0	0
XM_044390667.1	1878	1698.9	0	0
XM_044390668.2	1869	1689.9	1	0.254069
XM_044390669.2	4680	4500.9	46.1354	4.40097
XM_044390670.2	1098	918.905	0	0
XM_044390671.2	5301	5121.9	0	0
XM_044390672.2	4313	4133.9	5.30249	0.550723
XM_044390675.2	1184	1004.9	0	0
XM_044390676.2	837	657.98	2.69501	1.75857
XM_044390677.2	784	604.98	6.32997	4.49235
XM_044390678.2	9824	9644.9	0	0
XM_044390680.2	1890	1710.9	10.2412	2.57004
XM_044390682.2	9363	9183.9	0	0
XM_044390683.2	6557	6377.9	0	0
XM_044390684.2	11418	11238.9	0	0
XM_044390687.2	6988	6808.9	4.46702	0.281679
XM_044390689.2	13950	13770.9	0	0
XM_044390690.2	3190	3010.9	6	0.855594
XM_044390691.2	5416	5236.9	0.0305735	0.00250659
XM_044390692.2	3931	3751.9	0	0
XM_044390693.2	6300	6120.9	0	0
XM_044390694.2	2085	1905.9	0	0
XM_044390695.2	15225	15045.9	7.50055	0.214037
XM_044390696.1	4715	4535.9	0	0
XM_044390697.2	1597	1417.9	0	0
XM_044390698.2	6829	6649.9	6.95815	0.449254
XM_044390699.2	8177	7997.9	3.52987	0.189494
XM_044390700.2	3726	3546.9	2.93874	0.355733
XM_044390701.2	2970	2790.9	0	0
XM_044390702.2	2964	2784.9	0	0
XM_044390703.2	2764	2584.9	0	0
XM_044390705.2	3260	3080.9	29.0987	4.05516
XM_044390707.2	9175	8995.9	36.3002	1.73252
XM_044390709.1	3791	3611.9	0	0
XM_044390713.2	6743	6563.9	2.55107	0.166868
XM_044390715.2	353	177.326	0	0
XM_044390716.2	2989	2809.9	114.252	17.4576
XM_044390717.2	2969	2789.9	0	0
XM_044390718.2	2894	2714.9	16.3601	2.58729
XM_044390719.2	7024	6844.9	0	0
XM_044390720.2	7021	6841.9	0	0
XM_044390721.2	4533	4353.9	14.959	1.47515
XM_044390722.2	5568	5388.9	0	0
XM_044390724.2	5582	5402.9	0	0
XM_044390726.2	8089	7909.9	7.36625e-05	3.99842e-06
XM_044390727.2	1493	1313.9	0	0
XM_044390728.2	1451	1271.9	0	0
XM_044390730.2	3924	3744.9	0	0
XM_044390731.2	4115	3935.9	0	0
XM_044390732.2	2518	2338.9	218.648	40.1372
XM_044390733.2	2645	2465.9	272.22	47.3977
XM_044390735.2	7378	7198.9	0	0
XM_044390736.2	8734	8554.9	0	0
XM_044390737.2	1744	1564.9	5.26102	1.44343
XM_044390738.2	4891	4711.9	0	0
XM_044390739.2	3763	3583.9	0	0
XM_044390740.2	3001	2821.9	70.2351	10.6862
XM_044390741.2	4130	3950.9	886.075	96.2914
XM_044390742.2	4188	4008.9	21.9247	2.34813
XM_044390745.2	2383	2203.9	3.95202	0.769909
XM_044390746.2	3281	3101.9	0	0
XM_044390747.2	1581	1401.9	5	1.53132
XM_044390749.2	5268	5088.9	24	2.02488
XM_044390752.2	2070	1890.9	0	0
XM_044390753.2	1724	1544.9	0	0
XM_044390754.2	2419	2239.9	0	0
XM_044390755.2	3752	3572.9	342.153	41.1161
XM_044390756.2	1263	1083.9	4.04921	1.60396
XM_044390757.2	1281	1101.9	0	0
XM_044390758.2	1547	1367.9	0	0
XM_044390759.2	2223	2043.9	13.9069	2.92135
XM_044390760.2	4376	4196.9	3	0.306906
XM_044390762.2	6398	6218.9	1.04275	0.071991
XM_044390764.2	7278	7098.9	171.942	10.3993
XM_044390765.2	7477	7297.9	0	0
XM_044390766.2	7447	7267.9	0	0
XM_044390768.2	6362	6182.9	0	0
XM_044390770.2	1334	1154.9	7.46503	2.77523
XM_044390773.2	5949	5769.9	23.3745	1.73935
XM_044390774.2	3456	3276.9	38.7036	5.07109
XM_044390775.2	5271	5091.9	0	0
XM_044390777.2	3202	3022.9	36.2964	5.15528
XM_044390778.2	882	702.98	0	0
XM_044390781.2	1916	1736.9	11.1547	2.75738
XM_044390782.2	7397	7217.9	4	0.237937
XM_044390783.2	9543	9363.9	9.19685	0.421692
XM_044390784.2	7475	7295.9	3.23823e-06	1.90565e-07
XM_044390785.2	9529	9349.9	1.01374e-08	4.65513e-10
XM_044390787.2	9623	9443.9	0	0
XM_044390790.2	9482	9302.9	7.27889e-06	3.35939e-07
XM_044390791.2	10968	10788.9	0	0
XM_044390792.2	16588	16408.9	0.191899	0.00502118
XM_044390793.2	769	589.98	0	0
XM_044390794.2	7047	6867.9	0	0
XM_044390795.2	7038	6858.9	0	0
XM_044390796.2	7003	6823.9	7.85685	0.494344
XM_044390797.2	6825	6645.9	0	0
XM_044390798.2	7512	7332.9	0	0
XM_044390799.2	6360	6180.9	94.8337	6.58755
XM_044390800.2	6406	6226.9	35.3094	2.43462
XM_044390801.2	8256	8076.9	58.4372	3.1064
XM_044390804.2	3306	3126.9	0	0
XM_044390805.2	1597	1417.9	29.9318	9.06358
XM_044390806.2	3320	3140.9	0	0
XM_044390807.2	2901	2721.9	0	0
XM_044390808.2	4161	3981.9	0	0
XM_044390810.2	3931	3751.9	40.5734	4.64304
XM_044390811.2	5409	5229.9	0	0
XM_044390812.2	5350	5170.9	17.3147	1.43768
XM_044390813.2	5500	5320.9	0	0
XM_044390815.2	3544	3364.9	6.41068e-06	8.17984e-07
XM_044390816.2	7673	7493.9	0	0
XM_044390817.2	1719	1539.9	0	0
XM_044390818.2	9588	9408.9	0	0
XM_044390819.2	3977	3797.9	3.3676	0.380706
XM_044390821.2	5952	5772.9	0	0
XM_044390823.2	1777	1597.9	0	0
XM_044390825.2	1082	902.905	0	0
XM_044390826.2	4396	4216.9	0	0
XM_044390827.2	4360	4180.9	0	0
XM_044390828.2	4227	4047.9	0	0
XM_044390829.2	2117	1937.9	0	0
XM_044390830.2	3348	3168.9	3	0.406467
XM_044390831.2	6356	6176.9	0	0
XM_044390832.2	1123	943.905	0	0
XM_044390833.2	1086	906.905	0	0
XM_044390834.2	6147	5967.9	170.3	12.252
XM_044390835.2	3737	3557.9	119.922	14.4716
XM_044390836.2	1090	910.905	134.637	63.4606
XM_044390837.2	8168	7988.9	5.4049	0.290478
XM_044390838.2	3393	3213.9	0	0
XM_044390839.2	6104	5924.9	0	0
XM_044390840.2	6048	5868.9	0	0
XM_044390841.2	5976	5796.9	1.00455e-07	7.4403e-09
XM_044390842.2	3468	3288.9	0	0
XM_044390843.2	4573	4393.9	0.237891	0.0232456
XM_044390844.2	4902	4722.9	0	0
XM_044390845.2	3860	3680.9	0	0
XM_044390846.2	3745	3565.9	0	0
XM_044390848.2	7959	7779.9	0	0
XM_044390849.2	7938	7758.9	0	0
XM_044390850.2	8006	7826.9	0	0
XM_044390851.2	7890	7710.9	0	0
XM_044390852.2	7755	7575.9	0	0
XM_044390853.2	7224	7044.9	3.8813	0.236546
XM_044390854.2	4313	4133.9	0	0
XM_044390855.2	4125	3945.9	1.76211e-06	1.91735e-07
XM_044390856.2	4077	3897.9	15.2265	1.67718
XM_044390857.2	4091	3911.9	0.141465	0.0155265
XM_044390858.2	3088	2908.9	0	0
XM_044390859.2	7222	7042.9	20	1.21925
XM_044390860.2	4543	4363.9	0	0
XM_044390861.2	4444	4264.9	38.5383	3.87969
XM_044390862.2	2073	1893.9	0	0
XM_044390863.2	8629	8449.9	0	0
XM_044390864.2	8439	8259.9	4.99998	0.2599
XM_044390866.2	8518	8338.9	2.01434e-05	1.03714e-06
XM_044390867.2	17815	17635.9	0.626651	0.015256
XM_044390870.2	17822	17642.9	0.373349	0.00908571
XM_044390871.2	1207	1027.9	0	0
XM_044390872.2	4496	4316.9	113.76	11.3144
XM_044390873.2	16136	15956.9	0	0
XM_044390874.2	5218	5038.9	1	0.0852074
XM_044390878.2	6297	6117.9	29.4544	2.0671
XM_044390879.2	6187	6007.9	120.352	8.60092
XM_044390880.2	6151	5971.9	12.8929	0.926939
XM_044390881.2	6009	5829.9	18.1508	1.33674
XM_044390882.2	6272	6092.9	0	0
XM_044390883.2	6185	6005.9	0	0
XM_044390884.2	846	666.98	0	0
XM_044390885.1	801	621.98	0	0
XM_044390886.2	5156	4976.9	0	0
XM_044390887.2	1548	1368.9	0	0
XM_044390888.2	1276	1096.9	2	0.782843
XM_044390891.2	752	572.98	23.9965	17.9813
XM_044390892.2	1725	1545.9	23.39	6.49621
XM_044390893.2	1450	1270.9	0	0
XM_044390894.2	582	402.98	0	0
XM_044390895.2	8461	8281.9	11.0806	0.574443
XM_044390896.2	8530	8350.9	87.4417	4.49571
XM_044390898.2	6370	6190.9	0	0
XM_044390899.2	7479	7299.9	0	0
XM_044390900.2	3297	3117.9	0	0
XM_044390901.2	4574	4394.9	0	0
XM_044390902.2	11735	11555.9	8	0.297235
XM_044390903.2	17372	17192.9	0	0
XM_044390905.2	1617	1437.9	0	0
XM_044390906.2	2685	2505.9	120.027	20.5649
XM_044390907.2	4367	4187.9	9.4934	0.973281
XM_044390908.2	6587	6407.9	191.165	12.8087
XM_044390909.2	6740	6560.9	0	0
XM_044390910.2	4647	4467.9	7.20059	0.691954
XM_044390911.2	894	714.98	0	0
XM_044390912.2	892	712.98	0	0
XM_044390913.2	3554	3374.9	0	0
XM_044390914.2	3543	3363.9	0	0
XM_044390915.2	3985	3805.9	0	0
XM_044390916.2	3975	3795.9	0	0
XM_044390917.2	1845	1665.9	9.95815	2.5665
XM_044390918.2	1852	1672.9	0.0418515	0.0107412
XM_044390920.2	10363	10183.9	0	0
XM_044390921.2	12205	12025.9	0	0
XM_044390927.2	10917	10737.9	0	0
XM_044390928.2	2716	2536.9	67.9094	11.4931
XM_044390929.2	2610	2430.9	30.0906	5.31468
XM_044390930.2	2581	2401.9	0	0
XM_044390933.2	4635	4455.9	0	0
XM_044390934.2	6688	6508.9	21.2528	1.40191
XM_044390935.1	951	771.905	0	0
XM_044390936.2	1340	1160.9	1	0.369843
XM_044390937.2	6329	6149.9	0	0
XM_044390938.1	588	408.98	0	0
XM_044390939.1	531	352.091	0	0
XM_044390940.1	510	331.091	0	0
XM_044390941.2	7393	7213.9	0	0
XM_044390942.2	8756	8576.9	0	0
XM_044390943.2	7236	7056.9	0	0
XM_044390944.2	6311	6131.9	0	0
XM_044390945.2	6093	5913.9	0.00229424	0.000166562
XM_044390946.2	6153	5973.9	0	0
XM_044390947.2	7973	7793.9	0	0
XM_044390948.2	7920	7740.9	0	0
XM_044390949.2	7813	7633.9	0	0
XM_044390950.2	7759	7579.9	0	0
XM_044390951.2	8702	8522.9	0	0
XM_044390952.2	7435	7255.9	0	0
XM_044390953.2	18703	18523.9	1.00771	0.0233569
XM_044390954.2	1957	1777.9	40.5047	9.78161
XM_044390957.2	12725	12545.9	0	0
XM_044390961.2	6528	6348.9	65.1943	4.40884
XM_044390962.2	896	716.98	7.62745	4.56757
XM_044390963.2	708	528.98	0.37255	0.302384
XM_044390964.2	6712	6532.9	45.5622	2.99441
XM_044390965.2	9189	9009.9	0	0
XM_044390966.1	972	792.905	0	0
XM_044390967.2	1772	1592.9	15.093	4.06817
XM_044390968.2	6384	6204.9	270.063	18.6872
XM_044390969.2	3879	3699.9	54.8704	6.36738
XM_044390971.2	1378	1198.9	19.7272	7.0647
XM_044390973.2	1126	946.905	0	0
XM_044390974.2	1283	1103.9	0	0
XM_044390975.2	1628	1448.9	0	0
XM_044390976.2	1245	1065.9	13.4717	5.42648
XM_044390977.1	1458	1278.9	0	0
XM_044390978.2	5881	5701.9	1.11211	0.0837416
XM_044390979.1	1454	1274.9	0	0
XM_044390980.1	1496	1316.9	5	1.63016
XM_044390981.2	1461	1281.9	0	0
XM_044390982.2	1767	1587.9	0	0
XM_044390983.2	6458	6278.9	0	0
XM_044390984.2	2154	1974.9	0	0
XM_044390985.2	4402	4222.9	773.174	78.6103
XM_044390986.2	13550	13370.9	0	0
XM_044390987.2	6167	5987.9	0	0
XM_044390988.2	5952	5772.9	7.68776	0.571766
XM_044390989.2	13446	13266.9	0	0
XM_044390991.2	14426	14246.9	5.50546	0.165915
XM_044390992.2	11918	11738.9	0.00157518	5.76125e-05
XM_044390993.2	11935	11755.9	0.000238322	8.70406e-06
XM_044390994.2	12147	11967.9	0	0
XM_044390997.2	6658	6478.9	323.958	21.4684
XM_044390998.1	246	88.0663	1	4.87533
XM_044391002.1	845	665.98	0	0
XM_044391003.2	638	458.98	1.00914	0.943994
XM_044391008.1	846	666.98	0	0
XM_044391009.2	8271	8091.9	3.73588	0.198224
XM_044391010.2	6167	5987.9	5.00586e-05	3.58936e-06
XM_044391011.2	5863	5683.9	0.000568095	4.29128e-05
XM_044391012.2	27751	27571.9	0	0
XM_044391013.2	27855	27675.9	9.79644e-07	1.51978e-08
XM_044391014.2	4338	4158.9	13.826	1.42736
XM_044391015.2	4473	4293.9	0	0
XM_044391017.2	4528	4348.9	0	0
XM_044391018.2	2716	2536.9	0	0
XM_044391019.2	2863	2683.9	0	0
XM_044391020.2	29418	29238.9	8.63082	0.126737
XM_044391021.2	2692	2512.9	108.727	18.5769
XM_044391022.2	2680	2500.9	0	0
XM_044391023.2	2717	2537.9	102.629	17.3624
XM_044391026.2	3254	3074.9	0	0
XM_044391027.2	3370	3190.9	0	0
XM_044391030.2	952	772.905	12.5751	6.98555
XM_044391031.2	1278	1098.9	4.17834	1.63252
XM_044391032.2	1015	835.905	10.09	5.18259
XM_044391034.2	7520	7340.9	56.502	3.30467
XM_044391036.2	7103	6923.9	0	0
XM_044391037.2	7244	7064.9	0	0
XM_044391041.2	15581	15401.9	0	0
XM_044391043.2	3244	3064.9	11	1.54095
XM_044391048.2	2775	2595.9	0.0193567	0.00320151
XM_044391050.2	8317	8137.9	103.012	5.43486
XM_044391051.2	12840	12660.9	15.7716	0.534841
XM_044391052.2	5730	5550.9	0	0
XM_044391053.2	8315	8135.9	3.08269	0.162681
XM_044391054.2	5746	5566.9	21.5229	1.65997
XM_044391055.2	2278	2098.9	0	0
XM_044391056.2	3697	3517.9	1	0.122048
XM_044391057.2	4645	4465.9	2.88402	0.27727
XM_044391058.2	6650	6470.9	8.41384	0.558268
XM_044391061.2	898	718.98	0	0
XM_044391062.2	15308	15128.9	67.9846	1.92937
XM_044391063.2	14880	14700.9	1.01544	0.0296568
XM_044391064.2	10397	10217.9	0	0
XM_044391065.2	13308	13128.9	0	0
XM_044391066.2	7214	7034.9	0	0
XM_044391067.2	6823	6643.9	0	0
XM_044391068.2	23651	23471.9	1.53439	0.0280674
XM_044391069.2	12630	12450.9	0	0
XM_044391070.2	5874	5694.9	361.886	27.2834
XM_044391071.2	1142	962.905	0	0
XM_044391074.2	11914	11734.9	0	0
XM_044391075.2	11839	11659.9	6.83125	0.251547
XM_044391076.2	11821	11641.9	19.2595	0.71029
XM_044391077.2	6761	6581.9	1	0.0652322
XM_044391079.2	16378	16198.9	0.465255	0.0123316
XM_044391080.2	5694	5514.9	19.9389	1.5523
XM_044391084.2	1451	1271.9	25	8.43915
XM_044391085.2	1522	1342.9	0	0
XM_044391086.2	934	754.98	0	0
XM_044391087.2	2510	2330.9	3.35188	0.617416
XM_044391088.2	3775	3595.9	58.0742	6.93407
XM_044391089.2	5684	5504.9	13.048	1.01767
XM_044391091.2	8946	8766.9	39.9998	1.95896
XM_044391092.2	9705	9525.9	0	0
XM_044391093.2	4482	4302.9	0	0
XM_044391095.2	8869	8689.9	0	0
XM_044391096.2	1040	860.905	11.0714	5.52156
XM_044391097.2	1315	1135.9	13.9286	5.26476
XM_044391098.2	11504	11324.9	0	0
XM_044391099.2	8350	8170.9	0.000162496	8.53861e-06
XM_044391100.2	2509	2329.9	0	0
XM_044391101.2	2437	2257.9	35.1535	6.68461
XM_044391103.2	17497	17317.9	0	0
XM_044391104.2	12862	12682.9	0.0591066	0.00200092
XM_044391105.2	12831	12651.9	1.36029e-07	4.61623e-09
XM_044391106.2	12800	12620.9	409.566	13.9331
XM_044391107.2	12791	12611.9	261.119	8.88938
XM_044391108.2	12764	12584.9	0.492467	0.0168012
XM_044391109.2	12752	12572.9	593.757	20.2762
XM_044391110.2	12716	12536.9	0.00620222	0.000212408
XM_044391111.2	4310	4130.9	0	0
XM_044391113.2	2823	2643.9	0	0
XM_044391114.2	3709	3529.9	17	2.06776
XM_044391115.2	2175	1995.9	0	0
XM_044391116.2	5832	5652.9	0	0
XM_044391117.2	4750	4570.9	0	0
XM_044391118.2	4814	4634.9	0	0
XM_044391119.2	4878	4698.9	0	0
XM_044391120.2	4418	4238.9	0	0
XM_044391121.2	3927	3747.9	37.2776	4.27044
XM_044391123.1	1585	1405.9	0	0
XM_044391124.2	6204	6024.9	0	0
XM_044391126.2	660	480.98	1	0.89266
XM_044391128.2	6962	6782.9	3.92272e-05	2.48305e-06
XM_044391131.2	6876	6696.9	13.1208	0.841202
XM_044391132.2	1986	1806.9	0	0
XM_044391133.2	1396	1216.9	147.101	51.9007
XM_044391135.2	3435	3255.9	0	0
XM_044391136.2	4000	3820.9	0	0
XM_044391137.2	3122	2942.9	0	0
XM_044391138.2	3863	3683.9	0	0
XM_044391139.2	3732	3552.9	0	0
XM_044391140.2	3913	3733.9	1.51394e-08	1.74084e-09
XM_044391142.2	25487	25307.9	14.6266	0.248141
XM_044391147.2	3846	3666.9	101.413	11.8743
XM_044391148.2	2690	2510.9	0	0
XM_044391149.2	7656	7476.9	998.703	57.3493
XM_044391151.2	7521	7341.9	0	0
XM_044391152.2	6698	6518.9	0	0
XM_044391153.2	6826	6646.9	0	0
XM_044391154.2	1806	1626.9	74	19.5291
XM_044391155.2	2043	1863.9	0	0
XM_044391156.2	2382	2202.9	0	0
XM_044391157.2	2009	1829.9	39.4559	9.25756
XM_044391158.2	1226	1046.9	15.0554	6.17447
XM_044391159.1	267	103.51	0	0
XM_044391162.2	3152	2972.9	0.145967	0.0210807
XM_044391163.2	3223	3043.9	0	0
XM_044391164.2	3214	3034.9	0	0
XM_044391165.2	3148	2968.9	0	0
XM_044391167.2	16784	16604.9	0	0
XM_044391168.2	16781	16601.9	7.95218e-08	2.05656e-09
XM_044391170.2	4534	4354.9	28	2.76053
XM_044391171.2	6313	6133.9	13.6822	0.957705
XM_044391174.2	6927	6747.9	17.9148	1.13987
XM_044391175.2	4624	4444.9	0	0
XM_044391176.2	6920	6740.9	69.4135	4.42119
XM_044391178.2	1775	1595.9	52.9867	14.2552
XM_044391179.1	612	432.98	0	0
XM_044391180.2	567	387.98	0	0
XM_044391181.1	531	352.091	0	0
XM_044391182.1	528	349.091	0	0
XM_044391184.2	3180	3000.9	0	0
XM_044391185.2	3177	2997.9	0	0
XM_044391186.2	3069	2889.9	0	0
XM_044391187.2	3314	3134.9	0	0
XM_044391188.2	1415	1235.9	0	0
XM_044391189.2	5133	4953.9	0	0
XM_044391190.2	5668	5488.9	31.7144	2.48075
XM_044391191.2	2356	2176.9	2	0.394461
XM_044391192.2	3225	3045.9	0	0
XM_044391193.2	2417	2237.9	0	0
XM_044391196.2	3431	3251.9	0	0
XM_044391198.2	484	305.217	0	0
XM_044391199.1	594	414.98	0	0
XM_044391201.2	2061	1881.9	0	0
XM_044391202.2	2048	1868.9	0	0
XM_044391203.2	2016	1836.9	0	0
XM_044391204.2	2759	2579.9	7.82031	1.30147
XM_044391205.2	2992	2812.9	0.00348792	0.000532384
XM_044391207.2	773	593.98	0	0
XM_044391209.2	3004	2824.9	81.888	12.446
XM_044391210.2	8990	8810.9	6	0.292378
XM_044391211.2	3666	3486.9	0	0
XM_044391212.2	7044	6864.9	0	0
XM_044391213.2	11274	11094.9	0.150083	0.00580793
XM_044391214.2	2875	2695.9	0	0
XM_044391215.2	2802	2622.9	0	0
XM_044391216.2	1393	1213.9	0.00784656	0.00277529
XM_044391217.2	1437	1257.9	0	0
XM_044391220.2	7268	7088.9	0.000120797	7.31626e-06
XM_044391221.2	20068	19888.9	0	0
XM_044391222.2	4816	4636.9	0	0
XM_044391223.2	5785	5605.9	13.7242	1.05113
XM_044391224.2	10453	10273.9	1.00008	0.0417939
XM_044391225.2	3553	3373.9	1.23771	0.157507
XM_044391226.2	3754	3574.9	0	0
XM_044391227.2	3654	3474.9	0	0
XM_044391228.2	3694	3514.9	32.7605	4.00175
XM_044391231.2	8236	8056.9	0	0
XM_044391232.2	965	785.905	44.5381	24.3319
XM_044391233.2	6017	5837.9	18.5657	1.36542
XM_044391236.2	4977	4797.9	359	32.126
XM_044391240.1	300	130.105	0	0
XM_044391241.2	3997	3817.9	0	0
XM_044391242.2	19399	19219.9	0	0
XM_044391243.2	19233	19053.9	0	0
XM_044391244.2	19217	19037.9	0	0
XM_044391245.2	19182	19002.9	0	0
XM_044391246.2	19365	19185.9	0	0
XM_044391247.2	19111	18931.9	0	0
XM_044391250.2	16543	16363.9	8.27399	0.217091
XM_044391251.2	4105	3925.9	7.99986	0.874895
XM_044391252.2	1307	1127.9	1.61096	0.613232
XM_044391253.2	4222	4042.9	0	0
XM_044391255.2	2691	2511.9	10	1.70927
XM_044391257.2	6014	5834.9	22	1.61883
XM_044391258.2	934	754.98	0	0
XM_044391260.2	2879	2699.9	0	0
XM_044391261.2	4448	4268.9	0	0
XM_044391262.2	1921	1741.9	0	0
XM_044391264.2	13985	13805.9	38.5666	1.19939
XM_044391265.2	13540	13360.9	198.469	6.37779
XM_044391266.2	6870	6690.9	40.5393	2.60138
XM_044391267.2	816	636.98	2	1.34809
XM_044391271.2	8833	8653.9	15	0.744205
XM_044391272.2	8815	8635.9	0	0
XM_044391274.2	20293	20113.9	4.99891e-06	1.06707e-07
XM_044391276.2	20271	20091.9	2.08504e-05	4.4556e-07
XM_044391277.2	6025	5845.9	0	0
XM_044391278.2	3013	2833.9	0	0
XM_044391279.2	10330	10150.9	30.1518	1.27533
XM_044391280.2	10264	10084.9	0	0
XM_044391281.2	10467	10287.9	0	0
XM_044391283.2	6874	6694.9	12.2011	0.782473
XM_044391284.2	1646	1466.9	0	0
XM_044391285.2	2511	2331.9	2.08099	0.383153
XM_044391286.2	4200	4020.9	4.26838	0.455778
XM_044391287.2	4662	4482.9	0	0
XM_044391288.2	4658	4478.9	0	0
XM_044391289.2	4623	4443.9	0	0
XM_044391290.2	4619	4439.9	1.09094e-08	1.05497e-09
XM_044391291.2	4577	4397.9	0.00265843	0.000259533
XM_044391292.2	4554	4374.9	0	0
XM_044391293.2	4146	3966.9	0	0
XM_044391294.2	4258	4078.9	0	0
XM_044391295.2	4255	4075.9	0	0
XM_044391296.2	4040	3860.9	0	0
XM_044391297.2	6871	6691.9	5.65589	0.362881
XM_044391298.2	2691	2511.9	0	0
XM_044391299.2	3033	2853.9	18.6673	2.80837
XM_044391302.2	5162	4982.9	0	0
XM_044391303.2	4552	4372.9	11	1.08003
XM_044391304.1	388	210.631	0	0
XM_044391305.2	11326	11146.9	23.3566	0.899639
XM_044391306.2	930	750.98	3.4566	1.97621
XM_044391307.2	1015	835.905	0	0
XM_044391309.2	4585	4405.9	2.70004	0.263117
XM_044391310.2	3848	3668.9	0	0
XM_044391311.2	4661	4481.9	0	0
XM_044391312.2	3521	3341.9	75.5658	9.70833
XM_044391313.2	2723	2543.9	0	0
XM_044391315.2	2624	2444.9	5.03978	0.88504
XM_044391317.2	4716	4536.9	0	0
XM_044391318.2	4626	4446.9	0	0
XM_044391319.2	4416	4236.9	0	0
XM_044391320.2	4407	4227.9	0	0
XM_044391322.2	3186	3006.9	0	0
XM_044391323.2	1914	1734.9	0	0
XM_044391324.2	1389	1209.9	0	0
XM_044391325.2	1380	1200.9	0	0
XM_044391326.2	1299	1119.9	0	0
XM_044391327.2	9214	9034.9	79	3.7542
XM_044391328.2	4378	4198.9	0	0
XM_044391330.2	4799	4619.9	0	0
XM_044391331.2	9352	9172.9	0	0
XM_044391334.2	3376	3196.9	0	0
XM_044391335.2	36240	36060.9	0.0192798	0.000229551
XM_044391336.2	5191	5011.9	0	0
XM_044391338.2	1536	1356.9	0	0
XM_044391339.2	2404	2224.9	0	0
XM_044391340.2	4783	4603.9	0	0
XM_044391341.2	4661	4481.9	1	0.0957968
XM_044391342.2	2319	2139.9	0	0
XM_044391343.2	2697	2517.9	0	0
XM_044391345.2	6643	6463.9	0	0
XM_044391346.2	2206	2026.9	6.90058	1.46173
XM_044391348.2	2064	1884.9	6.33515	1.44305
XM_044391349.2	2541	2361.9	0	0
XM_044391350.2	2137	1957.9	0	0
XM_044391353.2	21058	20878.9	0	0
XM_044391354.2	2740	2560.9	0	0
XM_044391355.2	2782	2602.9	0	0
XM_044391356.2	3513	3333.9	0	0
XM_044391357.2	2751	2571.9	11.738	1.95954
XM_044391362.2	22700	22520.9	0	0
XM_044391364.2	3692	3512.9	0	0
XM_044391365.2	3628	3448.9	28.7341	3.57709
XM_044391369.2	2522	2342.9	6.79515	1.24525
XM_044391370.2	5273	5093.9	6.75192	0.569102
XM_044391371.2	15257	15077.9	156.017	4.44268
XM_044391372.2	11031	10851.9	18	0.712164
XM_044391373.2	10765	10585.9	0	0
XM_044391374.2	9725	9545.9	0	0
XM_044391375.2	9917	9737.9	0	0
XM_044391377.2	16030	15850.9	1.23251e-06	3.3385e-08
XM_044391378.2	16024	15844.9	0	0
XM_044391379.2	15997	15817.9	0	0
XM_044391380.2	15946	15766.9	855.998	23.3099
XM_044391381.2	15943	15763.9	0.00162208	4.41797e-05
XM_044391382.2	15925	15745.9	2.59376e-08	7.07253e-10
XM_044391383.2	3045	2865.9	0	0
XM_044391384.2	3042	2862.9	0	0
XM_044391385.2	3042	2862.9	0	0
XM_044391386.2	1670	1490.9	0.101104	0.0291162
XM_044391388.2	2106	1926.9	4.40913	0.982441
XM_044391390.1	963	783.905	0	0
XM_044391391.2	2799	2619.9	0	0
XM_044391392.2	2095	1915.9	0	0
XM_044391393.2	2034	1854.9	0	0
XM_044391394.2	1452	1272.9	0	0
XM_044391395.2	1404	1224.9	0	0
XM_044391396.2	2476	2296.9	0	0
XM_044391397.2	4496	4316.9	817.558	81.3129
XM_044391398.2	4485	4305.9	86.0279	8.57804
XM_044391399.2	3005	2825.9	18.0995	2.74994
XM_044391400.2	3058	2878.9	0	0
XM_044391401.2	3164	2984.9	0	0
XM_044391402.2	1170	990.905	206.461	89.4582
XM_044391403.2	4416	4236.9	0	0
XM_044391405.1	1596	1416.9	0	0
XM_044391407.2	2544	2364.9	10	1.81551
XM_044391408.2	7688	7508.9	0	0
XM_044391414.1	711	531.98	0	0
XM_044391415.1	1842	1662.9	0	0
XM_044391416.1	1260	1080.9	0	0
XM_044391417.2	1795	1615.9	1	0.265704
XM_044391418.2	1137	957.905	0	0
XM_044391420.2	5057	4877.9	0.00319844	0.000281526
XM_044391422.2	3763	3583.9	0	0
XM_044391423.2	3820	3640.9	0	0
XM_044391424.2	3258	3078.9	0	0
XM_044391425.1	1134	954.905	0	0
XM_044391427.2	3082	2902.9	0	0
XM_044391429.2	2982	2802.9	4.49995	0.689307
XM_044391430.2	3005	2825.9	0.000105082	1.59655e-05
XM_044391431.2	2793	2613.9	0	0
XM_044391433.2	3126	2946.9	24.5351	3.57467
XM_044391438.2	1505	1325.9	0	0
XM_044391439.2	3450	3270.9	645.457	84.7252
XM_044391440.2	3631	3451.9	131.539	16.361
XM_044391442.2	8036	7856.9	5.93624	0.324394
XM_044391443.2	4564	4384.9	1.716	0.168024
XM_044391444.2	2442	2262.9	1	0.189735
XM_044391445.2	3324	3144.9	27.0333	3.69067
XM_044391446.2	3144	2964.9	0	0
XM_044391447.2	5362	5182.9	0	0
XM_044391448.2	3512	3332.9	3	0.386466
XM_044391449.2	3257	3077.9	0	0
XM_044391450.2	3230	3050.9	0	0
XM_044391451.2	2172	1992.9	0	0
XM_044391452.2	2127	1947.9	0	0
XM_044391453.2	1387	1207.9	0	0
XM_044391455.2	1408	1228.9	1.97794e-07	6.91049e-08
XM_044391456.2	4958	4778.9	12.6992	1.14094
XM_044391457.2	23493	23313.9	27.0074	0.497373
XM_044391458.1	1169	989.905	0	0
XM_044391459.2	8746	8566.9	0	0
XM_044391460.2	6865	6685.9	0	0
XM_044391461.2	8906	8726.9	0.000193123	9.50137e-06
XM_044391462.2	8491	8311.9	0	0
XM_044391464.2	5993	5813.9	7.93484	0.585981
XM_044391465.2	6047	5867.9	4.56853e-05	3.34277e-06
XM_044391466.2	5965	5785.9	0	0
XM_044391467.2	3916	3736.9	0	0
XM_044391468.2	3313	3133.9	15	2.05503
XM_044391469.2	2031	1851.9	0	0
XM_044391470.2	2299	2119.9	0	0
XM_044391471.2	1677	1497.9	248.599	71.2573
XM_044391472.2	2020	1840.9	0	0
XM_044391473.2	6131	5951.9	0	0
XM_044391475.2	6310	6130.9	0	0
XM_044391476.2	5442	5262.9	0	0
XM_044391477.2	5336	5156.9	0	0
XM_044391478.2	5313	5133.9	0	0
XM_044391479.2	5183	5003.9	0	0
XM_044391480.2	2405	2225.9	0	0
XM_044391481.2	2312	2132.9	0	0
XM_044391482.2	2288	2108.9	0	0
XM_044391483.2	4069	3889.9	0	0
XM_044391485.2	4952	4772.9	0	0
XM_044391488.2	6973	6793.9	0	0
XM_044391489.2	4762	4582.9	4	0.374742
XM_044391490.2	10567	10387.9	0	0
XM_044391491.2	4769	4589.9	0	0
XM_044391492.2	4722	4542.9	85.9549	8.12364
XM_044391493.2	6032	5852.9	0	0
XM_044391494.2	5583	5403.9	0	0
XM_044391495.2	8671	8491.9	1612.92	81.5495
XM_044391496.2	8629	8449.9	0	0
XM_044391497.2	8499	8319.9	778.632	40.1816
XM_044391498.2	523	344.091	0	0
XM_044391499.2	1515	1335.9	34.4622	11.076
XM_044391500.2	483	304.217	0	0
XM_044391501.2	7696	7516.9	1.88002	0.107383
XM_044391502.2	7844	7664.9	0	0
XM_044391503.2	9444	9264.9	0	0
XM_044391504.2	7733	7553.9	147.883	8.40546
XM_044391505.2	9679	9499.9	0	0
XM_044391506.2	1868	1688.9	0	0
XM_044391507.2	1407	1227.9	0	0
XM_044391508.2	8005	7825.9	0	0
XM_044391509.2	7953	7773.9	1.08866e-06	6.01266e-08
XM_044391510.2	8393	8213.9	3	0.156814
XM_044391511.2	3819	3639.9	46.9931	5.54316
XM_044391512.2	3774	3594.9	0	0
XM_044391513.2	3540	3360.9	14.7916	1.88961
XM_044391514.2	931	751.98	0	0
XM_044391515.2	3519	3339.9	1.39714e-05	1.79606e-06
XM_044391516.2	639	459.98	0	0
XM_044391517.2	7550	7370.9	0	0
XM_044391519.2	2545	2365.9	0	0
XM_044391520.2	1327	1147.9	0	0
XM_044391523.2	3362	3182.9	1.38053	0.186224
XM_044391524.2	3324	3144.9	41.1345	5.61581
XM_044391525.2	3254	3074.9	714.017	99.6989
XM_044391526.2	2405	2225.9	20.9378	4.03867
XM_044391527.2	2234	2054.9	1471.32	307.417
XM_044391528.2	2206	2026.9	222.514	47.1343
XM_044391529.2	28293	28113.9	0	0
XM_044391530.2	28123	27943.9	0	0
XM_044391531.2	11078	10898.9	0	0
XM_044391532.2	27878	27698.9	0	0
XM_044391533.2	3414	3234.9	0	0
XM_044391537.2	3316	3136.9	0	0
XM_044391538.2	3243	3063.9	0	0
XM_044391539.2	1032	852.905	2.67827	1.34824
XM_044391540.2	498	319.091	0	0
XM_044391543.1	549	370.056	0	0
XM_044391545.2	7669	7489.9	0	0
XM_044391546.2	11874	11694.9	0	0
XM_044391547.2	9805	9625.9	0	0
XM_044391548.2	5221	5041.9	35.9988	3.06554
XM_044391549.2	5138	4958.9	4.01657e-06	3.47763e-07
XM_044391550.2	4922	4742.9	0	0
XM_044391551.2	2220	2040.9	0	0
XM_044391552.2	2131	1951.9	11	2.41962
XM_044391553.2	1846	1666.9	0	0
XM_044391554.2	1811	1631.9	0	0
XM_044391555.2	756	576.98	3.33461	2.4814
XM_044391556.2	1547	1367.9	4.45843	1.39939
XM_044391557.1	1401	1221.9	9.21633	3.23843
XM_044391558.2	618	438.98	2.53023	2.47473
XM_044391559.1	1173	993.905	31.2495	13.4993
XM_044391560.2	5902	5722.9	15.3019	1.148
XM_044391562.2	3125	2945.9	0	0
XM_044391563.2	920	740.98	0	0
XM_044391565.2	8976	8796.9	7.6182	0.371823
XM_044391566.2	5158	4978.9	0	0
XM_044391567.2	2909	2729.9	43.414	6.82804
XM_044391568.2	25077	24897.9	0	0
XM_044391569.2	2807	2627.9	9.69449e-05	1.5839e-05
XM_044391570.2	2883	2703.9	0	0
XM_044391572.2	2781	2601.9	0	0
XM_044391573.2	2956	2776.9	0	0
XM_044391574.2	2510	2330.9	4.28674	0.789616
XM_044391575.2	2956	2776.9	57.0407	8.81936
XM_044391576.2	12817	12637.9	5.8695	0.199407
XM_044391577.2	4519	4339.9	24.7482	2.44836
XM_044391581.2	4032	3852.9	0	0
XM_044391582.2	3170	2990.9	0	0
XM_044391587.2	6380	6200.9	1	0.0692402
XM_044391588.2	5598	5418.9	7	0.554626
XM_044391589.2	5363	5183.9	12.6991	1.05179
XM_044391590.2	4087	3907.9	21.5576	2.36848
XM_044391592.2	1564	1384.9	9.16455	2.84122
XM_044391593.2	943	763.905	62	34.847
XM_044391594.2	4167	3987.9	91.5787	9.85969
XM_044391596.2	1762	1582.9	0	0
XM_044391597.2	2761	2581.9	0	0
XM_044391598.2	741	561.98	0	0
XM_044391599.2	10384	10204.9	0	0
XM_044391600.2	10175	9995.9	0	0
XM_044391601.2	9974	9794.9	0	0
XM_044391602.1	534	355.091	0	0
XM_044391603.2	4008	3828.9	0	0
XM_044391608.1	312	140.373	0	0
XM_044391609.2	6513	6333.9	0	0
XM_044391610.2	6473	6293.9	14.3218	0.97699
XM_044391611.2	13495	13315.9	0.187548	0.0060472
XM_044391612.2	13457	13277.9	7.81245	0.252622
XM_044391613.1	675	495.98	0	0
XM_044391614.2	4661	4481.9	1	0.0957968
XM_044391615.2	7705	7525.9	0	0
XM_044391618.2	7439	7259.9	0	0
XM_044391619.2	2646	2466.9	0	0
XM_044391620.2	4263	4083.9	0	0
XM_044391622.2	4268	4088.9	477.897	50.1811
XM_044391625.2	3380	3200.9	85.9337	11.5267
XM_044391626.2	660	480.98	0	0
XM_044391627.2	6383	6203.9	0	0
XM_044391628.2	6185	6005.9	5	0.357442
XM_044391629.2	5124	4944.9	15.267	1.32559
XM_044391630.2	2194	2014.9	98.4411	20.9766
XM_044391631.2	5798	5618.9	0	0
XM_044391633.2	3335	3155.9	0	0
XM_044391634.2	5608	5428.9	14	1.10721
XM_044391635.2	2695	2515.9	0	0
XM_044391636.2	9189	9009.9	22.8185	1.08738
XM_044391637.1	1278	1098.9	0	0
XM_044391639.1	1573	1393.9	2	0.616042
XM_044391640.2	2829	2649.9	0	0
XM_044391641.1	726	546.98	0	0
XM_044391643.2	1943	1763.9	0	0
XM_044391644.2	2366	2186.9	14.2887	2.80527
XM_044391645.2	3189	3009.9	12.2886	1.75292
XM_044391646.2	3470	3290.9	11.7114	1.52794
XM_044391647.2	2011	1831.9	0	0
XM_044391648.2	4144	3964.9	0	0
XM_044391650.2	6219	6039.9	0	0
XM_044391652.2	6318	6138.9	0	0
XM_044391653.2	5949	5769.9	1.04979e-06	7.81174e-08
XM_044391654.2	6113	5933.9	99.3573	7.18907
XM_044391656.2	6103	5923.9	16	1.15965
XM_044391657.2	924	744.98	0	0
XM_044391658.2	5045	4865.9	0	0
XM_044391659.2	5287	5107.9	0	0
XM_044391660.2	5042	4862.9	0	0
XM_044391661.2	5039	4859.9	8.5836	0.758325
XM_044391662.2	5033	4853.9	0	0
XM_044391663.2	4997	4817.9	0	0
XM_044391664.2	1713	1533.9	10.3711	2.90294
XM_044391665.2	4958	4778.9	0	0
XM_044391666.2	4486	4306.9	0	0
XM_044391668.1	375	198.081	0	0
XM_044391669.2	6485	6305.9	0	0
XM_044391670.2	6311	6131.9	6.93081e-08	4.85291e-09
XM_044391671.2	6371	6191.9	0	0
XM_044391672.2	6283	6103.9	95.9935	6.75224
XM_044391674.2	20798	20618.9	0.00122306	2.54681e-05
XM_044391675.2	20640	20460.9	27.9988	0.587527
XM_044391678.2	3735	3555.9	32.8055	3.96105
XM_044391679.2	3476	3296.9	7.42175	0.966526
XM_044391681.2	4490	4310.9	0	0
XM_044391682.2	4655	4475.9	0	0
XM_044391683.2	4440	4260.9	94	9.47195
XM_044391684.2	4568	4388.9	0	0
XM_044391688.2	4281	4101.9	6.38324e-06	6.68142e-07
XM_044391689.2	4160	3980.9	84.6459	9.1293
XM_044391690.2	10109	9929.9	3.51066e-07	1.51795e-08
XM_044391691.2	3629	3449.9	3.89465	0.484702
XM_044391692.2	9617	9437.9	0	0
XM_044391693.2	1853	1673.9	0	0
XM_044391696.2	2389	2209.9	0	0
XM_044391697.2	3324	3144.9	7.57055	1.03355
XM_044391698.2	3195	3015.9	0	0
XM_044391699.2	2337	2157.9	1	0.198967
XM_044391701.2	1291	1111.9	0	0
XM_044391703.2	1734	1554.9	0	0
XM_044391704.1	984	804.905	0	0
XM_044391705.2	1336	1156.9	1	0.371121
XM_044391706.2	1470	1290.9	0	0
XM_044391708.2	5063	4883.9	0	0
XM_044391709.2	5003	4823.9	0	0
XM_044391710.2	4976	4796.9	0	0
XM_044391711.2	4952	4772.9	0	0
XM_044391712.2	11218	11038.9	0	0
XM_044391713.2	5043	4863.9	0	0
XM_044391714.2	1864	1684.9	0	0
XM_044391715.2	1708	1528.9	6	1.68494
XM_044391716.2	5153	4973.9	0	0
XM_044391717.2	5147	4967.9	0	0
XM_044391718.2	5126	4946.9	12.1151	1.05149
XM_044391719.2	6110	5930.9	146.865	10.6319
XM_044391720.2	6569	6389.9	47.0741	3.16301
XM_044391721.2	2478	2298.9	0	0
XM_044391722.2	4330	4150.9	9.45904	0.978403
XM_044391723.2	4816	4636.9	9.54096	0.88344
XM_044391724.2	2435	2255.9	54.8178	10.4331
XM_044391725.2	4240	4060.9	0	0
XM_044391726.2	2843	2663.9	0	0
XM_044391728.2	2252	2072.9	0	0
XM_044391729.2	2779	2599.9	2.96735	0.490033
XM_044391730.2	2788	2608.9	0.032647	0.00537277
XM_044391731.2	2434	2254.9	0	0
XM_044391733.2	7910	7730.9	0	0
XM_044391734.2	7862	7682.9	0	0
XM_044391735.2	7856	7676.9	67.7245	3.78768
XM_044391737.2	7738	7558.9	0	0
XM_044391738.2	3431	3251.9	0	0
XM_044391739.2	1375	1195.9	20.5965	7.39454
XM_044391740.2	5555	5375.9	0.0429535	0.00343052
XM_044391746.2	1622	1442.9	1.61872	0.481668
XM_044391747.2	890	710.98	29.1936	17.6296
XM_044391752.2	5071	4891.9	0	0
XM_044391753.2	4433	4253.9	18.3491	1.852
XM_044391754.2	3042	2862.9	63.6229	9.54157
XM_044391755.2	5588	5408.9	2.88201	0.22877
XM_044391756.2	5657	5477.9	1.23147e-05	9.65214e-07
XM_044391758.2	4997	4817.9	0	0
XM_044391759.2	5374	5194.9	0	0
XM_044391760.2	4951	4771.9	0	0
XM_044391761.2	3385	3205.9	2.26374	0.303172
XM_044391762.2	1992	1812.9	3	0.710493
XM_044391763.2	2632	2452.9	372.225	65.1535
XM_044391764.2	551	372.056	2.14985	2.48093
XM_044391765.2	1035	855.905	0	0
XM_044391766.2	1042	862.905	10.7869	5.36721
XM_044391767.2	5025	4845.9	35.3326	3.13051
XM_044391769.2	2421	2241.9	0	0
XM_044391770.2	1632	1452.9	61.7168	18.2381
XM_044391771.1	2056	1876.9	1	0.228755
XM_044391772.2	2350	2170.9	0	0
XM_044391773.2	8394	8214.9	0	0
XM_044391774.2	6779	6599.9	0.000152815	9.94129e-06
XM_044391775.2	6636	6456.9	9.08906e-06	6.04377e-07
XM_044391776.2	2737	2557.9	8	1.34282
XM_044391777.2	5607	5427.9	18.8083	1.48775
XM_044391780.2	2223	2043.9	33.4515	7.02697
XM_044391781.2	7105	6925.9	33.4851	2.07582
XM_044391782.2	6865	6685.9	21.5091	1.38126
XM_044391784.2	3221	3041.9	5.10631	0.720734
XM_044391785.2	7806	7626.9	0	0
XM_044391786.2	7649	7469.9	0	0
XM_044391787.2	7547	7367.9	0	0
XM_044391789.2	1852	1672.9	0	0
XM_044391790.2	6482	6302.9	20	1.36239
XM_044391793.2	5062	4882.9	0	0
XM_044391794.2	4927	4747.9	0	0
XM_044391795.2	7166	6986.9	0	0
XM_044391796.2	7072	6892.9	0	0
XM_044391797.2	10333	10153.9	10.6461	0.450166
XM_044391798.2	1134	954.905	61.3245	27.5732
XM_044391799.2	1040	860.905	9.48145	4.72861
XM_044391801.2	871	691.98	0	0
XM_044391802.2	868	688.98	0	0
XM_044391803.2	868	688.98	0	0
XM_044391804.2	1471	1291.9	0	0
XM_044391805.2	8125	7945.9	0	0
XM_044391806.2	796	616.98	0	0
XM_044391807.2	5375	5195.9	0	0
XM_044391808.2	5983	5803.9	0	0
XM_044391809.2	2840	2660.9	0	0
XM_044391810.2	2438	2258.9	0	0
XM_044391811.2	2005	1825.9	0	0
XM_044391812.1	1293	1113.9	0	0
XM_044391823.2	5448	5268.9	70.2398	5.7237
XM_044391826.2	2614	2434.9	5.88587	1.03787
XM_044391827.2	2658	2478.9	0	0
XM_044391828.2	2410	2230.9	0	0
XM_044391830.2	928	748.98	0	0
XM_044391831.2	9332	9152.9	0	0
XM_044391832.2	7406	7226.9	0	0
XM_044391833.2	7414	7234.9	0.000615768	3.65425e-05
XM_044391835.2	2238	2058.9	8.38704	1.74898
XM_044391836.2	786	606.98	3.6194	2.56021
XM_044391839.2	8015	7835.9	27.5276	1.50832
XM_044391840.2	7990	7810.9	0	0
XM_044391841.2	8028	7848.9	0	0
XM_044391842.2	1594	1414.9	6.23721	1.89268
XM_044391843.2	7851	7671.9	20.0609	1.12269
XM_044391844.1	1968	1788.9	5.28074e-08	1.26742e-08
XM_044391845.1	1943	1763.9	5	1.21705
XM_044391846.2	246	88.0663	0	0
XM_044391848.2	1942	1762.9	0	0
XM_044391849.2	766	586.98	0	0
XM_044391850.1	693	513.98	0	0
XM_044391851.2	1817	1637.9	3.62336	0.949809
XM_044391852.2	4469	4289.9	0	0
XM_044391853.2	4397	4217.9	0	0
XM_044391854.2	3658	3478.9	0	0
XM_044391858.2	9276	9096.9	0.60588	0.0285961
XM_044391859.2	6572	6392.9	0	0
XM_044391860.2	10307	10127.9	3.64129	0.154365
XM_044391861.2	6376	6196.9	0	0
XM_044391862.2	7307	7127.9	0	0
XM_044391863.2	7295	7115.9	0	0
XM_044391864.2	7184	7004.9	0	0
XM_044391865.2	7166	6986.9	3.51903e-06	2.16248e-07
XM_044391867.2	2849	2669.9	0	0
XM_044391868.2	1150	970.905	14.155	6.25962
XM_044391869.2	3589	3409.9	0	0
XM_044391870.2	2895	2715.9	4	0.632352
XM_044391871.2	8333	8153.9	0	0
XM_044391872.2	6387	6207.9	0	0
XM_044391873.2	6748	6568.9	0	0
XM_044391874.2	1169	989.905	0	0
XM_044391875.2	6666	6486.9	9.8026e-06	6.48809e-07
XM_044391876.2	8646	8466.9	0	0
XM_044391877.2	2330	2150.9	12	2.39538
XM_044391878.1	849	669.98	0	0
XM_044391879.2	8254	8074.9	3	0.159513
XM_044391880.2	1139	959.905	14	6.262
XM_044391881.2	19434	19254.9	0.780062	0.0173941
XM_044391882.2	20020	19840.9	0	0
XM_044391884.2	2304	2124.9	0	0
XM_044391885.2	3549	3369.9	0	0
XM_044391886.2	1808	1628.9	2	0.527166
XM_044391887.2	2347	2167.9	42.772	8.47096
XM_044391888.1	657	477.98	0	0
XM_044391889.2	1779	1599.9	0	0
XM_044391892.2	1968	1788.9	0	0
XM_044391893.2	4901	4721.9	0	0
XM_044391896.2	5149	4969.9	0	0
XM_044391897.2	5068	4888.9	0	0
XM_044391898.2	19977	19797.9	5.22849	0.113389
XM_044391899.2	954	774.905	0	0
XM_044391900.2	1010	830.905	0	0
XM_044391901.2	1607	1427.9	0	0
XM_044391902.2	6275	6095.9	0	0
XM_044391903.2	5507	5327.9	0	0
XM_044391904.2	3222	3042.9	0	0
XM_044391905.2	4256	4076.9	4.69972	0.494942
XM_044391906.2	2004	1824.9	0	0
XM_044391907.2	1917	1737.9	9.39368	2.32072
XM_044391908.2	15360	15180.9	0	0
XM_044391909.2	15383	15203.9	0	0
XM_044391910.2	15437	15257.9	3.70003e-08	1.04117e-09
XM_044391911.2	15337	15157.9	1.40707e-07	3.98555e-09
XM_044391912.2	15432	15252.9	0	0
XM_044391913.2	15347	15167.9	1.22611e-08	3.4707e-10
XM_044391914.2	15347	15167.9	0	0
XM_044391915.2	15329	15149.9	0	0
XM_044391916.2	15326	15146.9	0	0
XM_044391917.2	15323	15143.9	0	0
XM_044391918.2	15299	15119.9	0	0
XM_044391919.2	15284	15104.9	0	0
XM_044391920.2	900	720.98	3.49525	2.08146
XM_044391922.2	1015	835.905	0	0
XM_044391923.2	1020	840.905	0	0
XM_044391924.2	1438	1258.9	4.53834	1.54781
XM_044391925.2	8223	8043.9	2.07269e-08	1.10632e-09
XM_044391927.2	5389	5209.9	9.42878	0.777032
XM_044391928.2	3180	3000.9	0	0
XM_044391929.2	2940	2760.9	0	0
XM_044391932.2	4403	4223.9	0	0
XM_044391934.2	1737	1557.9	1.76823	0.487318
XM_044391935.2	5405	5225.9	0	0
XM_044391936.2	5534	5354.9	0	0
XM_044391940.2	675	495.98	1	0.865663
XM_044391942.2	1776	1596.9	1	0.268865
XM_044391943.2	2637	2457.9	0	0
XM_044391944.2	3777	3597.9	1.23198	0.147017
XM_044391945.2	3440	3260.9	0	0
XM_044391948.2	2865	2685.9	0	0
XM_044391949.2	4343	4163.9	5	0.515564
XM_044391950.2	2208	2028.9	13	2.75103
XM_044391951.2	3489	3309.9	29	3.7618
XM_044391952.2	1693	1513.9	0	0
XM_044391953.2	2312	2132.9	0	0
XM_044391954.2	1620	1440.9	0	0
XM_044391955.2	1496	1316.9	0	0
XM_044391956.2	2066	1886.9	0	0
XM_044391957.2	12151	11971.9	11.1882	0.401247
XM_044391958.2	11520	11340.9	0	0
XM_044391959.2	11783	11603.9	0	0
XM_044391960.2	11780	11600.9	114.979	4.25541
XM_044391961.2	11648	11468.9	70.8194	2.65121
XM_044391963.2	23587	23407.9	9.98846	0.18321
XM_044391965.2	5371	5191.9	26.5113	2.19239
XM_044391966.2	3138	2958.9	0	0
XM_044391967.2	1099	919.905	3.06209	1.42919
XM_044391968.2	3528	3348.9	0	0
XM_044391969.2	14161	13981.9	3.72321	0.114331
XM_044391971.2	2059	1879.9	3	0.685171
XM_044391972.2	2661	2481.9	0	0
XM_044391973.2	2613	2433.9	0	0
XM_044391974.2	6732	6552.9	8	0.524167
XM_044391975.1	1113	933.905	5.27051	2.42306
XM_044391976.2	1023	843.905	0	0
XM_044391977.2	927	747.98	0	0
XM_044391978.2	8430	8250.9	0	0
XM_044391979.2	8319	8139.9	0	0
XM_044391980.2	4349	4169.9	0.697216	0.0717884
XM_044391981.2	4003	3823.9	0	0
XM_044391983.2	3769	3589.9	1	0.1196
XM_044391984.2	9945	9765.9	64.0732	2.81694
XM_044391985.2	10692	10512.9	8.72981	0.356529
XM_044391986.2	6449	6269.9	0	0
XM_044391988.2	6434	6254.9	3.39388	0.232964
XM_044391989.2	1006	826.905	0	0
XM_044391991.2	936	756.98	0	0
XM_044391992.2	6365	6185.9	0	0
XM_044391993.2	5060	4880.9	31.9987	2.81479
XM_044391994.2	10445	10265.9	0	0
XM_044391995.2	10362	10182.9	1.61283e-08	6.80034e-10
XM_044391996.2	10228	10048.9	0	0
XM_044391997.2	10301	10121.9	0	0
XM_044391998.2	10221	10041.9	19.133	0.818052
XM_044392000.2	3194	3014.9	0	0
XM_044392001.2	4194	4014.9	0	0
XM_044392002.2	1782	1602.9	0	0
XM_044392003.2	2703	2523.9	0	0
XM_044392004.2	11198	11018.9	0	0
XM_044392005.2	11118	10938.9	0.000732785	2.87618e-05
XM_044392006.2	11094	10914.9	0	0
XM_044392007.2	11091	10911.9	0	0
XM_044392008.2	10988	10808.9	0.00157509	6.25657e-05
XM_044392009.2	10961	10781.9	0	0
XM_044392010.2	10292	10112.9	0	0
XM_044392012.2	904	724.98	0	0
XM_044392013.2	940	760.905	0	0
XM_044392015.2	800	620.98	0	0
XM_044392017.2	7891	7711.9	0	0
XM_044392018.2	7644	7464.9	7.63283	0.43901
XM_044392019.2	6666	6486.9	38.6321	2.55696
XM_044392020.2	4657	4477.9	0	0
XM_044392021.2	10060	9880.9	273.019	11.8634
XM_044392022.2	10180	10000.9	0	0
XM_044392023.2	10776	10596.9	12.4025	0.50251
XM_044392024.2	3722	3542.9	0	0
XM_044392025.2	3593	3413.9	0	0
XM_044392026.2	2750	2570.9	0	0
XM_044392027.2	7493	7313.9	180.061	10.5702
XM_044392028.2	7506	7326.9	0	0
XM_044392029.2	6879	6699.9	0	0
XM_044392031.2	4338	4158.9	4.52594	0.467243
XM_044392032.2	4350	4170.9	0	0
XM_044392034.2	4035	3855.9	0	0
XM_044392035.2	3998	3818.9	0	0
XM_044392036.2	3778	3598.9	0	0
XM_044392038.2	4101	3921.9	0	0
XM_044392039.2	4735	4555.9	5.36698	0.505788
XM_044392040.2	3308	3128.9	0	0
XM_044392041.2	12796	12616.9	1	0.0340299
XM_044392042.2	3170	2990.9	2	0.287105
XM_044392043.2	3215	3035.9	0	0
XM_044392044.2	2405	2225.9	0	0
XM_044392045.2	3593	3413.9	0	0
XM_044392046.2	4414	4234.9	0	0
XM_044392047.2	6048	5868.9	0	0
XM_044392048.2	4948	4768.9	0	0
XM_044392049.2	9655	9475.9	1.44099e-06	6.52913e-08
XM_044392050.2	9448	9268.9	46.7761	2.16675
XM_044392051.2	1984	1804.9	0	0
XM_044392052.2	8876	8696.9	50.5274	2.49445
XM_044392053.2	15037	14857.9	0	0
XM_044392054.2	12684	12504.9	0	0
XM_044392055.2	12242	12062.9	0	0
XM_044392056.2	2966	2786.9	0	0
XM_044392057.2	1574	1394.9	0	0
XM_044392058.2	1234	1054.9	0	0
XM_044392059.1	393	215.567	0	0
XM_044392061.2	2939	2759.9	0	0
XM_044392064.2	12481	12301.9	134.732	4.70231
XM_044392065.2	12340	12160.9	0	0
XM_044392066.2	3045	2865.9	2.68042	0.401564
XM_044392067.2	12229	12049.9	0	0
XM_044392068.2	12726	12546.9	3.10038	0.106094
XM_044392069.2	11540	11360.9	2.86748	0.108368
XM_044392070.2	897	717.98	1.38254	0.826758
XM_044392071.2	2446	2266.9	11.6997	2.21592
XM_044392072.2	3958	3778.9	0	0
XM_044392073.2	3479	3299.9	24.742	3.21919
XM_044392077.2	8979	8799.9	53.9723	2.63334
XM_044392078.2	8488	8308.9	128.135	6.62122
XM_044392081.2	8274	8094.9	1.30458e-06	6.91948e-08
XM_044392083.2	5256	5076.9	156.964	13.2744
XM_044392084.2	5052	4872.9	0.0359565	0.00316813
XM_044392085.2	1150	970.905	0	0
XM_044392086.2	5244	5064.9	3.30733	0.280362
XM_044392087.2	5241	5061.9	7.16591	0.607814
XM_044392088.2	5053	4873.9	0	0
XM_044392089.2	876	696.98	0	0
XM_044392091.2	7480	7300.9	0	0
XM_044392092.2	7524	7344.9	48.8384	2.85488
XM_044392093.2	1023	843.905	2.16941	1.10373
XM_044392095.2	1194	1014.9	0	0
XM_044392096.2	1049	869.905	0	0
XM_044392097.2	602	422.98	0	0
XM_044392098.2	4519	4339.9	0.0264771	0.00261941
XM_044392099.2	4495	4315.9	36.7928	3.66019
XM_044392100.2	4489	4309.9	38.759	3.86116
XM_044392103.2	8786	8606.9	0	0
XM_044392104.2	8720	8540.9	0	0
XM_044392105.2	8951	8771.9	0	0
XM_044392106.2	8638	8458.9	9.87978e-05	5.01472e-06
XM_044392107.1	2395	2215.9	0.282531	0.0547429
XM_044392108.2	1818	1638.9	0	0
XM_044392109.2	4452	4272.9	2.58248e-06	2.59494e-07
XM_044392110.2	2178	1998.9	0	0
XM_044392111.2	2440	2260.9	0	0
XM_044392112.2	2221	2041.9	0	0
XM_044392114.2	1760	1580.9	4.20691	1.14254
XM_044392115.2	3116	2936.9	1	0.146192
XM_044392116.2	1242	1062.9	1	0.403942
XM_044392119.2	5388	5208.9	0	0
XM_044392120.2	5372	5192.9	32.6509	2.69959
XM_044392123.2	4919	4739.9	177.647	16.0917
XM_044392124.2	4665	4485.9	177	16.9409
XM_044392125.2	4897	4717.9	0	0
XM_044392126.2	2344	2164.9	6.69843e-07	1.32846e-07
XM_044392127.2	5186	5006.9	1	0.085752
XM_044392130.2	722	542.98	0	0
XM_044392132.2	2289	2109.9	1	0.203494
XM_044392137.2	3706	3526.9	12.084	1.47106
XM_044392138.2	3290	3110.9	18.5469	2.55975
XM_044392139.2	8398	8218.9	98.3742	5.13903
XM_044392142.2	9087	8907.9	35.9512	1.73281
XM_044392143.2	8964	8784.9	1.20216e-06	5.87542e-08
XM_044392144.2	2089	1909.9	180.755	40.6343
XM_044392145.2	2195	2015.9	31.7134	6.7544
XM_044392146.2	2228	2048.9	0	0
XM_044392147.2	579	399.98	0	0
XM_044392148.2	3183	3003.9	14.8482	2.12227
XM_044392149.2	3513	3333.9	0	0
XM_044392151.2	4447	4267.9	0	0
XM_044392152.2	1230	1050.9	0	0
XM_044392153.2	1224	1044.9	21.3163	8.75889
XM_044392154.2	5641	5461.9	60	4.71651
XM_044392155.2	5127	4947.9	0	0
XM_044392160.2	4741	4561.9	0	0
XM_044392162.2	881	701.98	0	0
XM_044392163.2	3629	3449.9	0	0
XM_044392164.2	7442	7262.9	7.22841e-06	4.27313e-07
XM_044392165.2	7439	7259.9	64.633	3.82241
XM_044392166.2	7409	7229.9	23.6834	1.40645
XM_044392167.2	3480	3300.9	5.16498	0.671814
XM_044392168.2	795	615.98	0	0
XM_044392170.2	880	700.98	0	0
XM_044392171.2	3434	3254.9	0	0
XM_044392173.2	981	801.905	0	0
XM_044392174.2	5240	5060.9	0	0
XM_044392175.2	764	584.98	7.05907	5.18107
XM_044392177.2	14283	14103.9	0	0
XM_044392180.2	1491	1311.9	0	0
XM_044392182.2	273	108.399	0	0
XM_044392184.2	3812	3632.9	0	0
XM_044392185.2	6051	5871.9	0	0
XM_044392186.2	6048	5868.9	0	0
XM_044392187.2	4107	3927.9	19.6682	2.14989
XM_044392190.2	3134	2954.9	2	0.290603
XM_044392191.2	5575	5395.9	0	0
XM_044392192.2	4877	4697.9	2.68499	0.245387
XM_044392193.2	3384	3204.9	0	0
XM_044392194.2	3376	3196.9	0	0
XM_044392195.2	3358	3178.9	0	0
XM_044392196.2	3329	3149.9	0	0
XM_044392197.2	3248	3068.9	15.5356	2.17349
XM_044392198.2	9233	9053.9	1.46443	0.0694459
XM_044392199.2	4263	4083.9	0	0
XM_044392200.2	4051	3871.9	0	0
XM_044392201.2	3808	3628.9	0	0
XM_044392202.2	3742	3562.9	2.80605	0.338147
XM_044392203.2	3863	3683.9	0	0
XM_044392204.2	3722	3542.9	0	0
XM_044392205.2	3949	3769.9	0	0
XM_044392206.2	3945	3765.9	0	0
XM_044392207.2	7204	7024.9	88.9797	5.43831
XM_044392208.2	1714	1534.9	1.77803e-08	4.97359e-09
XM_044392209.2	1114	934.905	15.7994	7.25582
XM_044392211.2	4867	4687.9	32.4879	2.97548
XM_044392227.2	20959	20779.9	0	0
XM_044392233.2	15519	15339.9	0	0
XM_044392236.2	9137	8957.9	12.0541	0.577752
XM_044392238.2	9203	9023.9	77.9107	3.70694
XM_044392239.2	20833	20653.9	0	0
XM_044392241.2	20809	20629.9	0	0
XM_044392243.2	10963	10783.9	0.00354898	0.0001413
XM_044392244.2	3212	3032.9	0	0
XM_044392245.2	2727	2547.9	1.5334	0.258396
XM_044392246.2	8363	8183.9	86.8472	4.55626
XM_044392247.2	20755	20575.9	0	0
XM_044392248.2	11926	11746.9	3.04825	0.111414
XM_044392250.2	20167	19987.9	0	0
XM_044392251.2	4868	4688.9	0	0
XM_044392252.2	4582	4402.9	0	0
XM_044392253.2	19407	19227.9	0	0
XM_044392254.2	1893	1713.9	152.388	38.175
XM_044392256.2	7470	7290.9	11.2292	0.661276
XM_044392257.2	18944	18764.9	0	0
XM_044392258.2	2679	2499.9	0	0
XM_044392259.2	7276	7096.9	32.0707	1.94023
XM_044392261.2	3511	3331.9	17	2.19063
XM_044392264.2	3181	3001.9	0	0
XM_044392265.2	4146	3966.9	0.542896	0.0587595
XM_044392266.2	2460	2280.9	0	0
XM_044392267.1	1505	1325.9	0	0
XM_044392270.1	581	401.98	0	0
XM_044392272.2	2494	2314.9	1.6771	0.311056
XM_044392273.2	9563	9383.9	0	0
XM_044392274.2	9388	9208.9	98.6034	4.59724
XM_044392275.2	9017	8837.9	3.67156	0.178367
XM_044392277.2	1323	1143.9	0	0
XM_044392278.2	10285	10105.9	13.5339	0.574993
XM_044392279.2	9784	9604.9	0	0
XM_044392280.2	10000	9820.9	11.8676	0.518828
XM_044392282.2	1961	1781.9	3.37213	0.812518
XM_044392283.2	3451	3271.9	2.85253e-07	3.7432e-08
XM_044392284.2	5391	5211.9	0	0
XM_044392285.2	4939	4759.9	0	0
XM_044392286.2	1457	1277.9	0	0
XM_044392287.2	4486	4306.9	0	0
XM_044392288.2	975	795.905	10.2401	5.52402
XM_044392289.2	3554	3374.9	19.8621	2.52684
XM_044392290.1	786	606.98	0	0
XM_044392291.2	7655	7475.9	13.3126	0.76456
XM_044392292.2	5848	5668.9	0	0
XM_044392293.2	15577	15397.9	0	0
XM_044392294.2	2514	2334.9	5.51712	1.01451
XM_044392298.2	5650	5470.9	71.8742	5.64063
XM_044392300.2	17277	17097.9	22.4685	0.564215
XM_044392301.2	6631	6451.9	0	0
XM_044392302.2	14213	14033.9	37.3119	1.14152
XM_044392303.2	16827	16647.9	0	0
XM_044392304.2	16668	16488.9	6.41444	0.167024
XM_044392305.2	16999	16819.9	19.0411	0.486052
XM_044392306.2	3266	3086.9	16.2461	2.25964
XM_044392307.2	3903	3723.9	0	0
XM_044392308.2	8139	7959.9	9.76939e-07	5.26955e-08
XM_044392309.2	8090	7910.9	0	0
XM_044392310.2	8061	7881.9	0	0
XM_044392312.2	8051	7871.9	0	0
XM_044392313.2	1314	1134.9	0	0
XM_044392314.2	1311	1131.9	7.42634	2.81694
XM_044392315.2	4718	4538.9	0	0
XM_044392316.2	4390	4210.9	0	0
XM_044392317.2	4412	4232.9	0	0
XM_044392318.2	5152	4972.9	0	0
XM_044392319.2	13079	12899.9	0.0214423	0.000713672
XM_044392320.2	11087	10907.9	0	0
XM_044392321.2	2400	2220.9	0	0
XM_044392322.2	6877	6697.9	0	0
XM_044392323.2	8264	8084.9	0	0
XM_044392325.2	1866	1686.9	8.65819	2.20369
XM_044392335.2	7050	6870.9	0	0
XM_044392336.2	1502	1322.9	12.2756	3.98408
XM_044392337.2	1987	1807.9	88.4434	21.0041
XM_044392338.2	18930	18750.9	0	0
XM_044392339.2	19038	18858.9	0	0
XM_044392340.2	19018	18838.9	0	0
XM_044392341.2	18949	18769.9	0	0
XM_044392342.2	19076	18896.9	0	0
XM_044392343.2	6770	6590.9	12.7472	0.830394
XM_044392345.2	24025	23845.9	12.3152	0.221739
XM_044392347.2	17510	17330.9	0	0
XM_044392348.2	17306	17126.9	0	0
XM_044392349.2	7045	6865.9	7.47278	0.467302
XM_044392351.2	4511	4331.9	19.5348	1.93617
XM_044392352.2	9730	9550.9	0	0
XM_044392353.2	9721	9541.9	3.27002	0.147139
XM_044392354.2	6740	6560.9	3.46364	0.226664
XM_044392355.2	7007	6827.9	10.1055	0.635456
XM_044392357.2	2311	2131.9	0	0
XM_044392360.2	866	686.98	0	0
XM_044392361.2	784	604.98	0	0
XM_044392362.2	674	494.98	3	2.60224
XM_044392363.2	10197	10017.9	0	0
XM_044392364.2	4018	3838.9	0	0
XM_044392365.2	3988	3808.9	0	0
XM_044392366.2	3739	3559.9	0	0
XM_044392367.2	6560	6380.9	3.70225	0.249114
XM_044392370.2	3229	3049.9	0	0
XM_044392371.2	6687	6507.9	13.6915	0.903282
XM_044392372.2	3095	2915.9	49.2305	7.24894
XM_044392373.2	3275	3095.9	0	0
XM_044392374.2	6944	6764.9	245.896	15.6064
XM_044392376.2	924	744.98	0	0
XM_044392377.2	4462	4282.9	0	0
XM_044392378.2	4290	4110.9	0	0
XM_044392380.2	3337	3157.9	0	0
XM_044392382.2	6645	6465.9	2.90924e-07	1.93181e-08
XM_044392383.2	1413	1233.9	0	0
XM_044392384.2	895	715.98	0	0
XM_044392385.2	5475	5295.9	2.07403	0.168146
XM_044392386.2	16203	16023.9	0	0
XM_044392387.2	16176	15996.9	0	0
XM_044392389.2	1769	1589.9	0	0
XM_044392390.2	1883	1703.9	0	0
XM_044392391.2	1504	1324.9	0	0
XM_044392392.2	1588	1408.9	0	0
XM_044392393.2	1576	1396.9	0	0
XM_044392395.2	16164	15984.9	0	0
XM_044392396.2	16275	16095.9	0	0
XM_044392397.2	1832	1652.9	0	0
XM_044392398.2	1693	1513.9	1	0.283606
XM_044392400.2	16030	15850.9	0	0
XM_044392401.2	3733	3553.9	0	0
XM_044392402.2	3710	3530.9	1.47428	0.17927
XM_044392403.2	1315	1135.9	5.07568	1.91852
XM_044392404.2	3661	3481.9	0	0
XM_044392405.2	1073	893.905	0	0
XM_044392406.2	1040	860.905	0	0
XM_044392407.2	1028	848.905	0	0
XM_044392408.2	974	794.905	0	0
XM_044392409.2	4244	4064.9	6.02815	0.636718
XM_044392410.2	7118	6938.9	0	0
XM_044392411.1	597	417.98	0	0
XM_044392412.2	2323	2143.9	0	0
XM_044392413.2	1026	846.905	25.589	12.9728
XM_044392414.2	4943	4763.9	8.86757	0.799199
XM_044392415.2	1470	1290.9	0	0
XM_044392416.2	1574	1394.9	0	0
XM_044392418.2	1391	1211.9	3.49618	1.23862
XM_044392421.2	1802	1622.9	3.04669	0.806025
XM_044392426.2	2862	2682.9	8.30703	1.3294
XM_044392428.2	1603	1423.9	9.22479	2.78156
XM_044392434.2	4012	3832.9	0	0
XM_044392435.1	3423	3243.9	0	0
XM_044392436.2	1080	900.905	0	0
XM_044392438.2	3775	3595.9	0	0
XM_044392439.1	348	172.769	0	0
XM_044392440.2	3598	3418.9	0	0
XM_044392441.2	2537	2357.9	42.6207	7.76082
XM_044392443.2	2329	2149.9	0	0
XM_044392444.2	997	817.905	0	0
XM_044392446.2	2271	2091.9	1418.42	291.122
XM_044392447.2	6183	6003.9	29.2863	2.09432
XM_044392448.2	6699	6519.9	0	0
XM_044392449.2	5307	5127.9	7.57467e-08	6.34216e-09
XM_044392450.2	5190	5010.9	49.1558	4.21184
XM_044392451.2	5199	5019.9	33.5569	2.87012
XM_044392452.1	285	117.858	0	0
XM_044392453.1	906	726.98	0	0
XM_044392454.2	1447	1267.9	19.4463	6.58513
XM_044392455.2	2964	2784.9	0	0
XM_044392456.2	16056	15876.9	23	0.621979
XM_044392457.2	6392	6212.9	0	0
XM_044392459.2	6655	6475.9	0	0
XM_044392460.2	1664	1484.9	0	0
XM_044392461.2	939	759.905	0	0
XM_044392462.2	843	663.98	0	0
XM_044392463.2	19167	18987.9	6.06083	0.137047
XM_044392464.2	15107	14927.9	0	0
XM_044392465.2	6591	6411.9	0	0
XM_044392466.2	13705	13525.9	25.6188	0.813215
XM_044392467.2	13558	13378.9	0	0
XM_044392468.2	12903	12723.9	0	0
XM_044392469.2	6646	6466.9	0	0
XM_044392470.2	6485	6305.9	67.0041	4.56213
XM_044392473.2	840	660.98	27.4129	17.8066
XM_044392474.2	925	745.98	22.2158	12.7864
XM_044392475.2	1746	1566.9	0	0
XM_044392476.2	5181	5001.9	9.39503	0.806448
XM_044392477.2	2031	1851.9	0	0
XM_044392478.2	8803	8623.9	7.01912e-05	3.49456e-06
XM_044392479.2	8773	8593.9	23.0652	1.15234
XM_044392480.2	9264	9084.9	10.5712	0.499596
XM_044392481.2	8701	8521.9	0	0
XM_044392482.2	8692	8512.9	0.000381784	1.92554e-05
XM_044392484.2	1569	1389.9	0	0
XM_044392485.2	2337	2157.9	1.48956	0.296373
XM_044392486.2	1996	1816.9	0	0
XM_044392487.2	1471	1291.9	0	0
XM_044392489.2	2176	1996.9	0	0
XM_044392494.2	2056	1876.9	10.0214	2.29244
XM_044392495.2	554	375.018	9.58054	10.9686
XM_044392496.2	1523	1343.9	0	0
XM_044392497.2	14316	14136.9	0	0
XM_044392498.2	14238	14058.9	8.4583	0.258312
XM_044392499.2	13662	13482.9	0	0
XM_044392500.2	13562	13382.9	0	0
XM_044392501.2	13544	13364.9	0	0
XM_044392502.2	13382	13202.9	0	0
XM_044392503.2	13381	13201.9	0	0
XM_044392504.2	12256	12076.9	0	0
XM_044392505.2	3584	3404.9	0	0
XM_044392506.2	5243	5063.9	0	0
XM_044392507.2	5708	5528.9	0	0
XM_044392509.2	2173	1993.9	24.2075	5.21265
XM_048211650.1	4771	4591.9	0	0
XM_048211651.1	1049	869.905	10	4.93562
XM_048211652.1	798	618.98	0	0
XM_048211653.1	1055	875.905	0	0
XM_048211654.1	1272	1092.9	0	0
XM_048211655.1	939	759.905	0	0
XM_048211656.1	726	546.98	0	0
XM_048211657.1	945	765.905	0	0
XM_048211658.1	969	789.905	0	0
XM_048211659.1	867	687.98	0	0
XM_048211660.1	990	810.905	0	0
XM_048211661.1	939	759.905	0	0
XM_048211662.1	4303	4123.9	0	0
XM_048211663.1	4185	4005.9	57.6149	6.17515
XM_048211664.1	4225	4045.9	38.3375	4.06838
XM_048211665.1	4585	4405.9	0	0
XM_048211666.1	4005	3825.9	0	0
XM_048211667.1	2506	2326.9	0.000155077	2.86142e-05
XM_048211668.1	4579	4399.9	25.9194	2.52927
XM_048211669.1	4666	4486.9	42.0806	4.02669
XM_048211670.1	4636	4456.9	0	0
XM_048211671.1	954	774.905	0	0
XM_048211672.1	1990	1810.9	0	0
XM_048211673.1	543	364.056	0	0
XM_048211674.1	7280	7100.9	28.1362	1.70124
XM_048211675.1	939	759.905	0	0
XM_048211676.1	969	789.905	0	0
XM_048211677.1	1266	1086.9	1	0.395023
XM_048211678.1	948	768.905	0	0
XM_048211679.1	543	364.056	0	0
XM_048211680.1	1470	1290.9	0	0
XM_048211681.1	10537	10357.9	0	0
XM_048211682.1	10666	10486.9	7.7675	0.318015
XM_048211683.1	10673	10493.9	4.85694	0.198719
XM_048211684.1	10356	10176.9	7.82651e-07	3.30192e-08
XM_048211685.1	10357	10177.9	0	0
XM_048211686.1	10275	10095.9	0	0
XM_048211687.1	11265	11085.9	0	0
XM_048211688.1	11262	11082.9	0	0
XM_048211689.1	13809	13629.9	41.7451	1.315
XM_048211690.1	14001	13821.9	22.1326	0.687508
XM_048211691.1	13922	13742.9	25.193	0.787072
XM_048211692.1	2706	2526.9	8.13417e-06	1.3821e-06
XM_048211693.1	2682	2502.9	2.08425	0.357536
XM_048211694.1	2680	2500.9	5.91574	1.01561
XM_048211695.1	13321	13141.9	2.00084	0.0653683
XM_048211696.1	1011	831.905	0	0
XM_048211697.1	939	759.905	0	0
XM_048211698.1	774	594.98	0	0
XM_048211699.1	3496	3316.9	0	0
XM_048211700.1	2960	2780.9	92.6234	14.3004
XM_048211701.1	5079	4899.9	0.181733	0.0159243
XM_048211702.1	6363	6183.9	0	0
XM_048211703.1	5072	4892.9	1.17403	0.103021
XM_048211704.1	5069	4889.9	2.61385	0.229506
XM_048211705.1	3258	3078.9	2	0.278899
XM_048211706.1	3605	3425.9	10	1.25325
XM_048211707.1	3516	3336.9	0	0
XM_048211708.1	1279	1099.9	0	0
XM_048211709.1	2527	2347.9	0	0
XM_048211710.1	978	798.905	0	0
XM_048211711.1	576	396.98	0	0
XM_048211712.1	843	663.98	0	0
XM_048211713.1	3400	3220.9	2.94147	0.392102
XM_048211714.1	933	753.98	0	0
XM_048211715.1	984	804.905	0	0
XM_048211716.1	1032	852.905	0	0
XM_048211717.1	969	789.905	0	0
XM_048211718.1	969	789.905	0	0
XM_048211719.1	945	765.905	0	0
XM_048211720.1	1500	1320.9	6.17427	2.00691
XM_048211721.1	1470	1290.9	1.22669	0.407995
XM_048211722.1	1739	1559.9	0	0
XM_048211723.1	543	364.056	0	0
XM_048211724.1	1573	1393.9	0	0
XM_048211725.1	13494	13314.9	0	0
XM_048211726.1	14163	13983.9	0	0
XM_048211727.1	14044	13864.9	0	0
XM_048211728.1	13009	12829.9	0	0
XM_048211729.1	2488	2308.9	5	0.929774
XM_048211730.1	2120	1940.9	0	0
XM_048211731.1	1407	1227.9	0	0
XM_048211732.1	753	573.98	0	0
XM_048211733.1	1687	1507.9	0	0
XM_048211734.1	1326	1146.9	0	0
XM_048211735.1	1825	1645.9	0	0
XM_048211736.1	1365	1185.9	0	0
XM_048211737.1	1601	1421.9	3	0.905867
XM_048211738.1	2854	2674.9	1	0.160511
XM_048211739.1	1889	1709.9	0	0
XM_048211740.1	1410	1230.9	0	0
XM_048211741.1	2337	2157.9	0	0
XM_048211742.1	586	406.98	0	0
XM_048211743.1	859	679.98	2	1.26284
XM_048211744.1	2270	2090.9	0	0
XM_048211745.1	7774	7594.9	6.36445	0.359792
XM_048211746.1	7765	7585.9	0	0
XM_048211747.1	7603	7423.9	0	0
XM_048211748.1	5804	5624.9	0	0
XM_048211749.1	1252	1072.9	85.5835	34.2486
XM_048211750.1	4698	4518.9	0.988505	0.0939203
XM_048211751.1	11005	10825.9	0	0
XM_048211752.1	13578	13398.9	0	0
XM_048211753.1	11125	10945.9	7	0.274574
XM_048211754.1	1391	1211.9	0	0
XM_048211755.1	7617	7437.9	0	0
XM_048211756.1	7588	7408.9	0	0
XM_048211757.1	7591	7411.9	11.0004	0.637223
XM_048211758.1	6318	6138.9	0	0
XM_048211759.1	7173	6993.9	10.9995	0.675254
XM_048211760.1	3186	3006.9	0	0
XM_048211761.1	2963	2783.9	0.0511092	0.0078824
XM_048211762.1	3478	3298.9	0	0
XM_048211763.1	3026	2846.9	0	0
XM_048211764.1	3256	3076.9	0	0
XM_048211765.1	3113	2933.9	12.3836	1.81223
XM_048211766.1	3096	2916.9	0	0
XM_048211767.1	3183	3003.9	0	0
XM_048211768.1	3377	3197.9	0	0
XM_048211769.1	4806	4626.9	1	0.0927946
XM_048211770.1	3275	3095.9	4.99402	0.692589
XM_048211771.1	4242	4062.9	0	0
XM_048211772.1	3428	3248.9	0	0
XM_048211773.1	3291	3111.9	0.00598329	0.000825519
XM_048211774.1	5004	4824.9	6.00304	0.53419
XM_048211775.1	5873	5693.9	0	0
XM_048211776.1	6327	6147.9	7.80049	0.544764
XM_048211777.1	13564	13384.9	0	0
XM_048211778.1	13520	13340.9	0	0
XM_048211779.1	6300	6120.9	0	0
XM_048211780.1	1183	1003.9	1	0.427682
XM_048211781.1	5008	4828.9	71.5573	6.36236
XM_048211782.1	4936	4756.9	170.104	15.3534
XM_048211783.1	4910	4730.9	1.26924	0.11519
XM_048211784.1	4838	4658.9	23.5792	2.17299
XM_048211785.1	4264	4084.9	24.7353	2.59985
XM_048211786.1	4993	4813.9	0	0
XM_048211787.1	4908	4728.9	5.71851	0.519201
XM_048211788.1	4811	4631.9	0.462233	0.0428465
XM_048211789.1	6658	6478.9	4.40624	0.291998
XM_048211790.1	6809	6629.9	13.6243	0.882309
XM_048211791.1	3660	3480.9	31.1588	3.84328
XM_048211792.1	6950	6770.9	1.98663	0.125975
XM_048211793.1	7015	6835.9	7.64332e-06	4.80064e-07
XM_048211794.1	7148	6968.9	0	0
XM_048211795.1	6976	6796.9	0.0133651	0.000844253
XM_048211796.1	11738	11558.9	0	0
XM_048211797.1	11671	11491.9	0	0
XM_048211798.1	15102	14922.9	0	0
XM_048211799.1	4537	4357.9	0	0
XM_048211800.1	4420	4240.9	0	0
XM_048211801.1	5776	5596.9	0	0
XM_048211802.1	5752	5572.9	0	0
XM_048211803.1	5681	5501.9	0	0
XM_048211804.1	5743	5563.9	0	0
XM_048211805.1	5698	5518.9	0	0
XM_048211806.1	5639	5459.9	0	0
XM_048211807.1	7401	7221.9	0	0
XM_048211808.1	1131	951.905	0	0
XM_048211809.1	6024	5844.9	0	0
XM_048211810.1	5845	5665.9	27.9211	2.11581
XM_048211811.1	5995	5815.9	0	0
XM_048211812.1	1832	1652.9	0	0
XM_048211813.1	5305	5125.9	0	0
XM_048211814.1	5038	4858.9	0	0
XM_048211815.1	1075	895.905	29.3316	14.0568
XM_048211816.1	5435	5255.9	10.3224	0.843234
XM_048211817.1	1772	1592.9	0	0
XM_048211818.1	11680	11500.9	0.997305	0.0372314
XM_048211819.1	10156	9976.9	0	0
XM_048211820.1	9070	8890.9	0	0
XM_048211821.1	9568	9388.9	0	0
XM_048211822.1	1806	1626.9	0	0
XM_048211823.1	39315	39135.9	0.106721	0.00117081
XM_048211824.1	21430	21250.9	16.318	0.329688
XM_048211825.1	38561	38381.9	2.79718	0.0312901
XM_048211826.1	1743	1563.9	12.8978	3.54094
XM_048211827.1	38558	38378.9	3.09756	0.034653
XM_048211828.1	516	337.091	0	0
XM_048211829.1	1813	1633.9	6	1.57666
XM_048211830.1	1254	1074.9	1	0.399433
XM_048211831.1	7278	7098.9	0	0
XM_048211832.1	7098	6918.9	3.98876	0.247522
XM_048211833.1	1090	910.905	25.6672	12.0982
XM_048211834.1	7095	6915.9	2.26449e-05	1.40584e-06
XM_048211835.1	7967	7787.9	22.0191	1.21393
XM_048211836.1	8494	8314.9	14.2681	0.736752
XM_048211837.1	5780	5600.9	0	0
XM_048211838.1	4450	4270.9	9.47176	0.952191
XM_048211839.1	5784	5604.9	14.0494	1.07623
XM_048211840.1	4417	4237.9	0	0
XM_048211841.1	4664	4484.9	0	0
XM_048211842.1	5202	5022.9	0	0
XM_048211843.1	5381	5201.9	0	0
XM_048211844.1	5328	5148.9	0	0
XM_048211845.1	4728	4548.9	0	0
XM_048211846.1	13695	13515.9	0	0
XM_048211847.1	13690	13510.9	0	0
XM_048211848.1	4590	4410.9	10.0656	0.979776
XM_048211849.1	12423	12243.9	5.96175	0.209058
XM_048211850.1	11166	10986.9	0	0
XM_048211851.1	2480	2300.9	8.68469	1.62057
XM_048211852.1	2526	2346.9	0	0
XM_048211853.1	2188	2008.9	0	0
XM_048211854.1	2170	1990.9	0.000718564	0.000154963
XM_048211855.1	2167	1987.9	71.0026	15.3353
XM_048211856.1	2277	2097.9	5.05879e-07	1.03532e-07
XM_048211857.1	2344	2164.9	115.868	22.9794
XM_048211858.1	2264	2084.9	15.1287	3.1155
XM_048211859.1	3501	3321.9	0	0
XM_048211860.1	3295	3115.9	33.9979	4.68469
XM_048211861.1	3419	3239.9	0	0
XM_048211862.1	3490	3310.9	0	0
XM_048211863.1	3673	3493.9	0	0
XM_048211864.1	3588	3408.9	6.00212	0.755968
XM_048211865.1	1228	1048.9	0	0
XM_048211866.1	4851	4671.9	0	0
XM_048211867.1	4296	4116.9	177	18.4593
XM_048211868.1	810	630.98	2	1.3609
XM_048211869.1	4597	4417.9	0	0
XM_048211870.1	10029	9849.9	0	0
XM_048211871.1	4441	4261.9	12.0194	1.21085
XM_048211872.1	3274	3094.9	2.68331	0.372251
XM_048211873.1	9673	9493.9	10.3791	0.469384
XM_048211874.1	3410	3230.9	0	0
XM_048211875.1	3490	3310.9	0	0
XM_048211876.1	3705	3525.9	0	0
XM_048211877.1	10766	10586.9	3.02862	0.122826
XM_048211878.1	3395	3215.9	15.3471	2.04897
XM_048211879.1	10332	10152.9	4.67694e-08	1.97781e-09
XM_048211880.1	2609	2429.9	0	0
XM_048211881.1	3823	3643.9	6.69335	0.78866
XM_048211882.1	6618	6438.9	1.74957	0.116663
XM_048211883.1	6610	6430.9	8.862	0.591662
XM_048211884.1	3792	3612.9	0	0
XM_048211885.1	3776	3596.9	0	0
XM_048211886.1	3728	3548.9	0	0
XM_048211887.1	3635	3455.9	0	0
XM_048211888.1	3294	3114.9	0	0
XM_048211889.1	3254	3074.9	0	0
XM_048211890.1	6464	6284.9	3.57634e-05	2.44317e-06
XM_048211891.1	6402	6222.9	14.8654	1.02565
XM_048211892.1	2460	2280.9	0	0
XM_048211893.1	6593	6413.9	0	0
XM_048211894.1	1845	1665.9	0	0
XM_048211895.1	12726	12546.9	0	0
XM_048211896.1	12442	12262.9	0	0
XM_048211897.1	12403	12223.9	0.00505487	0.000177547
XM_048211898.1	12361	12181.9	0	0
XM_048211899.1	12345	12165.9	0	0
XM_048211900.1	12321	12141.9	32.9915	1.16662
XM_048211901.1	12262	12082.9	0	0
XM_048211902.1	4735	4555.9	0	0
XM_048211903.1	15125	14945.9	0	0
XM_048211904.1	11722	11542.9	108.702	4.04331
XM_048211905.1	6518	6338.9	13.5543	0.918073
XM_048211906.1	18218	18038.9	46.763	1.11303
XM_048211907.1	18334	18154.9	19.5243	0.461737
XM_048211908.1	16735	16555.9	0	0
XM_048211909.1	18220	18040.9	8.99336e-05	2.14031e-06
XM_048211910.1	18061	17881.9	0.00466343	0.000111971
XM_048211911.1	18013	17833.9	0	0
XM_048211912.1	16841	16661.9	0	0
XM_048211913.1	5115	4935.9	4.44568	0.386709
XM_048211914.1	3812	3632.9	0	0
XM_048211915.1	3733	3553.9	25	3.02028
XM_048211916.1	3893	3713.9	0	0
XM_048211917.1	7202	7022.9	6.80658	0.416126
XM_048211918.1	7872	7692.9	23.0681	1.28746
XM_048211919.1	5297	5117.9	0	0
XM_048211920.1	1955	1775.9	0	0
XM_048211921.1	9044	8864.9	0	0
XM_048211922.1	3856	3676.9	59.9638	7.00197
XM_048211923.1	11934	11754.9	0	0
XM_048211924.1	3021	2841.9	0	0
XM_048211925.1	3051	2871.9	18.0623	2.70032
XM_048211926.1	1836	1656.9	1	0.259129
XM_048211927.1	2913	2733.9	42.133	6.61687
XM_048211928.1	4485	4305.9	9.56868	0.954115
XM_048211929.1	5538	5358.9	15.1066	1.21033
XM_048211930.1	1495	1315.9	15.6733	5.11388
XM_048211931.1	2209	2029.9	0.00920853	0.00194773
XM_048211932.1	2222	2042.9	0	0
XM_048211933.1	2227	2047.9	0	0
XM_048211934.1	2167	1987.9	0	0
XM_048211935.1	2169	1989.9	38.7209	8.35463
XM_048211936.1	2150	1970.9	0	0
XM_048211937.1	2197	2017.9	49.0607	10.4387
XM_048211938.1	2141	1961.9	0	0
XM_048211939.1	2195	2015.9	0	0
XM_048211940.1	2173	1993.9	34.9166	7.51867
XM_048211941.1	7418	7238.9	0	0
XM_048211942.1	7523	7343.9	16.8228	0.983521
XM_048211943.1	7797	7617.9	0	0
XM_048211944.1	7568	7388.9	0	0
XM_048211945.1	2918	2738.9	309.475	48.5135
XM_048211946.1	2911	2731.9	357.022	56.1103
XM_048211947.1	8143	7963.9	0	0
XM_048211948.1	7777	7597.9	0	0
XM_048211949.1	1149	969.905	0	0
XM_048211950.1	3111	2931.9	0	0
XM_048211951.1	1077	897.905	0	0
XM_048211952.1	16113	15933.9	0.00626437	0.000168798
XM_048211953.1	3325	3145.9	18.5048	2.52553
XM_048211954.1	1530	1350.9	0	0
XM_048211955.1	2795	2615.9	0	0
XM_048211956.1	2066	1886.9	0	0
XM_048211957.1	3865	3685.9	0	0
XM_048211958.1	3798	3618.9	16.8882	2.00364
XM_048211959.1	3808	3628.9	0	0
XM_048211960.1	3733	3553.9	0	0
XM_048211961.1	959	779.905	0	0
XM_048211962.1	905	725.98	0	0
XM_048211963.1	3843	3663.9	0	0
XM_048211964.1	3817	3637.9	9.15156	1.08008
XM_048211965.1	4458	4278.9	10.1877	1.02225
XM_048211966.1	4433	4253.9	0	0
XM_048211967.1	4408	4228.9	0	0
XM_048211968.1	4350	4170.9	0	0
XM_048211969.1	6868	6688.9	0	0
XM_048211970.1	20382	20202.9	0	0
XM_048211971.1	23193	23013.9	0	0
XM_048211972.1	13788	13608.9	2	0.0630987
XM_048211973.1	1832	1652.9	0	0
XM_048211974.1	12507	12327.9	0	0
XM_048211975.1	12461	12281.9	0	0
XM_048211976.1	12443	12263.9	0	0
XM_048211977.1	12077	11897.9	0	0
XM_048211978.1	3914	3734.9	0	0
XM_048211979.1	2899	2719.9	0	0
XM_048211980.1	8907	8727.9	0	0
XM_048211981.1	8936	8756.9	2.37739e-08	1.16564e-09
XM_048211982.1	8940	8760.9	0	0
XM_048211983.1	8969	8789.9	0	0
XM_048211984.1	8930	8750.9	5.81512e-08	2.85311e-09
XM_048211985.1	8901	8721.9	0	0
XM_048211986.1	8897	8717.9	0	0
XM_048211987.1	8897	8717.9	0	0
XM_048211988.1	8891	8711.9	25.4642	1.25496
XM_048211989.1	8895	8715.9	0	0
XM_048211990.1	9160	8980.9	0	0
XM_048211991.1	8862	8682.9	0	0
XM_048211992.1	8858	8678.9	0	0
XM_048211993.1	8882	8702.9	0	0
XM_048211994.1	8864	8684.9	0	0
XM_048211995.1	8858	8678.9	0	0
XM_048211996.1	8858	8678.9	0	0
XM_048211997.1	8852	8672.9	0	0
XM_048211998.1	8856	8676.9	0	0
XM_048211999.1	8852	8672.9	0	0
XM_048212000.1	8820	8640.9	0	0
XM_048212001.1	8819	8639.9	0	0
XM_048212002.1	8813	8633.9	0	0
XM_048212003.1	8817	8637.9	0	0
XM_048212004.1	8820	8640.9	0	0
XM_048212005.1	8779	8599.9	0	0
XM_048212006.1	8593	8413.9	2.42104	0.123543
XM_048212007.1	8598	8418.9	0	0
XM_048212008.1	8872	8692.9	14.7389	0.727969
XM_048212009.1	8522	8342.9	0	0
XM_048212010.1	8516	8336.9	0	0
XM_048212011.1	8520	8340.9	0	0
XM_048212012.1	8516	8336.9	0	0
XM_048212013.1	8500	8320.9	0	0
XM_048212014.1	8482	8302.9	0	0
XM_048212015.1	4459	4279.9	0	0
XM_048212016.1	2177	1997.9	0	0
XM_048212017.1	2207	2027.9	0	0
XM_048212018.1	2114	1934.9	0	0
XM_048212019.1	3453	3273.9	0	0
XM_048212020.1	1033	853.905	0	0
XM_048212021.1	5826	5646.9	8.84688	0.672656
XM_048212022.1	1541	1361.9	89.233	28.1315
XM_048212023.1	5286	5106.9	10.8149	0.909241
XM_048212024.1	1623	1443.9	3.38273	1.00587
XM_048212025.1	1452	1272.9	15.4801	5.22146
XM_048212026.1	5919	5739.9	4	0.299205
XM_048212027.1	3459	3279.9	0	0
XM_048212028.1	4276	4096.9	0	0
XM_048212029.1	7159	6979.9	78.7081	4.84154
XM_048212030.1	7078	6898.9	0.000182506	1.13582e-05
XM_048212031.1	695	515.98	11.3523	9.44631
XM_048212032.1	6946	6766.9	32.5009	2.06214
XM_048212033.1	442	263.499	1.52098e-05	2.47832e-05
XM_048212034.1	1130	950.905	52.275	23.6032
XM_048212035.1	1692	1512.9	0	0
XM_048212036.1	4728	4548.9	0	0
XM_048212037.1	3570	3390.9	0	0
XM_048212038.1	3144	2964.9	0	0
XM_048212039.1	1673	1493.9	0	0
XM_048212040.1	1839	1659.9	0	0
XM_048212041.1	1736	1556.9	0	0
XM_048212042.1	10522	10342.9	14.7042	0.610395
XM_048212043.1	9846	9666.9	5.79655	0.257452
XM_048212044.1	6373	6193.9	85.1044	5.89931
XM_048212045.1	6116	5936.9	0	0
XM_048212046.1	8334	8154.9	0	0
XM_048212047.1	7553	7373.9	13.6335	0.793825
XM_048212048.1	7647	7467.9	0	0
XM_048212049.1	7457	7277.9	0	0
XM_048212050.1	7547	7367.9	1.0119	0.058967
XM_048212051.1	7641	7461.9	0	0
XM_048212052.1	7287	7107.9	9.64025e-06	5.82318e-07
XM_048212053.1	7267	7087.9	0	0
XM_048212054.1	7215	7035.9	5.67988	0.346603
XM_048212055.1	7083	6903.9	0.014684	0.000913195
XM_048212056.1	7544	7364.9	1.72168	0.100369
XM_048212057.1	7264	7084.9	0	0
XM_048212058.1	7057	6877.9	2.01958	0.126072
XM_048212059.1	7168	6988.9	0	0
XM_048212060.1	7484	7304.9	5.13301	0.301697
XM_048212061.1	6997	6817.9	6.51883	0.410518
XM_048212062.1	2856	2676.9	2.79455e-05	4.48221e-06
XM_048212063.1	7481	7301.9	8.77356	0.515885
XM_048212064.1	7879	7699.9	0	0
XM_048212065.1	7876	7696.9	0	0
XM_048212066.1	7876	7696.9	0	0
XM_048212067.1	7873	7693.9	0	0
XM_048212068.1	7867	7687.9	49.9052	2.78709
XM_048212069.1	7852	7672.9	443.021	24.7901
XM_048212070.1	7849	7669.9	5.64814e-07	3.16176e-08
XM_048212071.1	7846	7666.9	267.681	14.9903
XM_048212072.1	7801	7621.9	2.03384e-08	1.14569e-09
XM_048212073.1	7798	7618.9	0	0
XM_048212074.1	7795	7615.9	1.17154e-08	6.60464e-10
XM_048212075.1	7630	7450.9	0	0
XM_048212076.1	7609	7429.9	4.36991e-08	2.52524e-09
XM_048212077.1	7606	7426.9	5.16161e-08	2.98394e-09
XM_048212078.1	7606	7426.9	0	0
XM_048212079.1	7603	7423.9	0	0
XM_048212080.1	12976	12796.9	4.55774	0.152918
XM_048212081.1	6217	6037.9	0	0
XM_048212082.1	6214	6034.9	0	0
XM_048212083.1	5947	5767.9	44.1865	3.28916
XM_048212084.1	10304	10124.9	6.67568e-06	2.83086e-07
XM_048212085.1	8735	8555.9	0.003528	0.000177042
XM_048212086.1	8704	8524.9	0.402474	0.0202704
XM_048212087.1	11517	11337.9	0	0
XM_048212088.1	4091	3911.9	72.6493	7.97364
XM_048212089.1	10775	10595.9	60	2.43123
XM_048212090.1	4903	4723.9	0	0
XM_048212091.1	9839	9659.9	1.89278	0.0841279
XM_048212092.1	16641	16461.9	0	0
XM_048212093.1	10585	10405.9	99.5749	4.1085
XM_048212094.1	9032	8852.9	0	0
XM_048212095.1	8369	8189.9	0	0
XM_048212096.1	6123	5943.9	4.13341	0.298573
XM_048212097.1	11796	11616.9	6.1434	0.227055
XM_048212098.1	9293	9113.9	0	0
XM_048212099.1	1777	1597.9	0	0
XM_048212100.1	2080	1900.9	0	0
XM_048212101.1	1987	1807.9	0	0
XM_048212102.1	10617	10437.9	0	0
XM_048212103.1	8194	8014.9	0	0
XM_048212104.1	8046	7866.9	0	0
XM_048212105.1	5683	5503.9	46.3294	3.61409
XM_048212106.1	9016	8836.9	0	0
XM_048212107.1	6479	6299.9	0	0
XM_048212108.1	6477	6297.9	0	0
XM_048212109.1	6438	6258.9	0	0
XM_048212110.1	7967	7787.9	0	0
XM_048212111.1	3040	2860.9	48	7.20363
XM_048212112.1	1948	1768.9	0	0
XM_048212113.1	6375	6195.9	16.2454	1.12574
XM_048212114.1	6410	6230.9	0.0104281	0.000718567
XM_048212115.1	2472	2292.9	2.76587	0.517915
XM_048212116.1	13258	13078.9	0	0
XM_048212117.1	2620	2440.9	0	0
XM_048212118.1	11757	11577.9	0	0
XM_048212119.1	3437	3257.9	2.5481	0.335808
XM_048212120.1	1507	1327.9	0	0
XM_048212121.1	5351	5171.9	1.23597	0.102606
XM_048212122.1	10135	9955.9	75.1495	3.24085
XM_048212123.1	1076	896.905	167.183	80.031
XM_048212124.1	1423	1243.9	0	0
XM_048212125.1	3856	3676.9	3	0.35031
XM_048212126.1	15979	15799.9	29.3571	0.797761
XM_048212127.1	16018	15838.9	0	0
XM_048212128.1	15874	15694.9	8.85901e-07	2.42348e-08
XM_048212129.1	15939	15759.9	0.00263064	7.16673e-05
XM_048212130.1	15880	15700.9	1.13467e-05	3.10284e-07
XM_048212131.1	15829	15649.9	0	0
XM_048212132.1	15817	15637.9	0	0
XM_048212133.1	5882	5702.9	0	0
XM_048212134.1	1589	1409.9	0	0
XM_048212135.1	1586	1406.9	22.7637	6.94691
XM_048212136.1	8006	7826.9	9	0.493703
XM_048212137.1	18701	18521.9	0	0
XM_048212138.1	18677	18497.9	0	0
XM_048212139.1	19228	19048.9	0	0
XM_048212140.1	2453	2273.9	0	0
XM_048212141.1	6771	6591.9	0	0
XM_048212142.1	3860	3680.9	0	0
XM_048212143.1	3827	3647.9	0	0
XM_048212144.1	2418	2238.9	0	0
XM_048212145.1	37945	37765.9	4.1381	0.0470451
XM_048212146.1	3220	3040.9	0	0
XM_048212147.1	8419	8239.9	0.0443566	0.00231126
XM_048212148.1	8376	8196.9	40.9556	2.14525
XM_048212149.1	3085	2905.9	0	0
XM_048212150.1	5215	5035.9	0	0
XM_048212151.1	5143	4963.9	0	0
XM_048212152.1	5059	4879.9	0	0
XM_048212153.1	4990	4810.9	0	0
XM_048212154.1	4990	4810.9	0	0
XM_048212155.1	4933	4753.9	0	0
XM_048212156.1	5933	5753.9	0	0
XM_048212157.1	7629	7449.9	0.000878947	5.06554e-05
XM_048212158.1	8437	8257.9	0	0
XM_048212159.1	7359	7179.9	0	0
XM_048212160.1	9806	9626.9	6.18889	0.27602
XM_048212161.1	8388	8208.9	18.1451	0.949048
XM_048212162.1	7268	7088.9	25.0827	1.51918
XM_048212163.1	6929	6749.9	0	0
XM_048212164.1	3186	3006.9	8.77797	1.2534
XM_048212165.1	3419	3239.9	0	0
XM_048212166.1	3101	2921.9	0	0
XM_048212167.1	1250	1070.9	0	0
XM_048212168.1	1691	1511.9	0	0
XM_048212169.1	25487	25307.9	0	0
XM_048212170.1	6586	6406.9	0	0
XM_048212171.1	9582	9402.9	0	0
XM_048212172.1	3322	3142.9	0	0
XM_048212173.1	9582	9402.9	4.34193	0.19826
XM_048212174.1	3447	3267.9	0	0
XM_048212175.1	4674	4494.9	0	0
XM_048212176.1	4531	4351.9	0	0
XM_048212177.1	4472	4292.9	0	0
XM_048212178.1	1074	894.905	11.6762	5.60192
XM_048212179.1	5546	5366.9	0	0
XM_048212180.1	5609	5429.9	0	0
XM_048212181.1	5513	5333.9	0	0
XM_048212182.1	5310	5130.9	0	0
XM_048212183.1	3561	3381.9	0	0
XM_048212184.1	3541	3361.9	0	0
XM_048212185.1	3536	3356.9	0	0
XM_048212186.1	5825	5645.9	11.1872	0.850745
XM_048212187.1	5828	5648.9	5.59307	0.425108
XM_048212188.1	5829	5649.9	0	0
XM_048212189.1	2693	2513.9	0	0
XM_048212190.1	8477	8297.9	0	0
XM_048212191.1	7135	6955.9	0	0
XM_048212192.1	5785	5605.9	0	0
XM_048212193.1	5744	5564.9	0	0
XM_048212194.1	5760	5580.9	0	0
XM_048212195.1	5742	5562.9	0.00010332	7.97439e-06
XM_048212196.1	8387	8207.9	29.884	1.56322
XM_048212197.1	8326	8146.9	0	0
XM_048212198.1	5170	4990.9	183.971	15.8265
XM_048212199.1	936	756.98	0	0
XM_048212200.1	2712	2532.9	0	0
XM_048212201.1	5006	4826.9	0	0
XM_048212202.1	2709	2529.9	0	0
XM_048212203.1	3047	2867.9	21.222	3.17713
XM_048212204.1	10150	9970.9	0.0152876	0.000658291
XM_048212205.1	10144	9964.9	3.46131	0.149136
XM_048212206.1	10105	9925.9	0.303238	0.0131168
XM_048212207.1	15454	15274.9	0	0
XM_048212208.1	23382	23202.9	4.76654	0.0882012
XM_048212209.1	24370	24190.9	4.33076	0.0768645
XM_048212210.1	25655	25475.9	0	0
XM_048212211.1	13843	13663.9	0	0
XM_048212212.1	3933	3753.9	13.2293	1.5131
XM_048212213.1	10068	9888.9	5.82642	0.252969
XM_048212214.1	9524	9344.9	0	0
XM_048212215.1	1664	1484.9	27.5853	7.97613
XM_048212216.1	6212	6032.9	0	0
XM_048212217.1	6111	5931.9	28.229	2.04322
XM_048212218.1	6901	6721.9	460.985	29.4447
XM_048212219.1	990	810.905	0	0
XM_048212220.1	4862	4682.9	0.00983474	0.000901698
XM_048212221.1	2232	2052.9	0	0
XM_048212222.1	5904	5724.9	0	0
XM_048212223.1	2385	2205.9	0	0
XM_048212224.1	1031	851.905	2	1.00798
XM_048212225.1	4222	4042.9	2	0.212398
XM_048212226.1	936	756.98	0	0
XM_048212227.1	3475	3295.9	0	0
XM_048212228.1	2801	2621.9	0	0
XM_048212229.1	2656	2476.9	10.1797	1.76457
XM_048212230.1	3184	3004.9	0	0
XM_048212231.1	4853	4673.9	0	0
XM_048212232.1	6364	6184.9	5.69775	0.395534
XM_048212233.1	4193	4013.9	14.3023	1.52986
XM_048212234.1	3989	3809.9	0	0
XM_048212235.1	3752	3572.9	2	0.240338
XM_048212236.1	770	590.98	0	0
XM_048212237.1	15893	15713.9	0	0
XM_048212238.1	15834	15654.9	0	0
XM_048212239.1	15605	15425.9	0	0
XM_048212240.1	15664	15484.9	0	0
XM_048212241.1	16064	15884.9	0	0
XM_048212242.1	15924	15744.9	0	0
XM_048212243.1	15636	15456.9	0	0
XM_048212244.1	15453	15273.9	0	0
XM_048212245.1	20584	20404.9	0	0
XM_048212246.1	20701	20521.9	0	0
XM_048212247.1	15595	15415.9	0	0
XM_048212248.1	6097	5917.9	0	0
XM_048212249.1	15536	15356.9	0	0
XM_048212250.1	20632	20452.9	0	0
XM_048212251.1	20649	20469.9	0	0
XM_048212252.1	15627	15447.9	0	0
XM_048212253.1	20650	20470.9	0	0
XM_048212254.1	20770	20590.9	0	0
XM_048212255.1	20105	19925.9	0	0
XM_048212256.1	20935	20755.9	0	0
XM_048212257.1	20930	20750.9	0	0
XM_048212258.1	11348	11168.9	3	0.115325
XM_048212259.1	3613	3433.9	16.7511	2.09444
XM_048212260.1	20842	20662.9	0	0
XM_048212261.1	15273	15093.9	0	0
XM_048212262.1	20686	20506.9	0	0
XM_048212263.1	20431	20251.9	0	0
XM_048212264.1	15183	15003.9	0	0
XM_048212265.1	5124	4944.9	0	0
XM_048212266.1	12568	12388.9	5.72009	0.198236
XM_048212267.1	3871	3691.9	0	0
XM_048212268.1	3700	3520.9	0	0
XM_048212269.1	31011	30831.9	11.006	0.153265
XM_048212270.1	2233	2053.9	19.6137	4.10008
XM_048212271.1	14865	14685.9	0	0
XM_048212272.1	14055	13875.9	0	0
XM_048212273.1	5053	4873.9	0	0
XM_048212274.1	4672	4492.9	0	0
XM_048212275.1	3101	2921.9	6.27771e-06	9.22462e-07
XM_048212276.1	3251	3071.9	0	0
XM_048212277.1	3517	3337.9	0	0
XM_048212278.1	4725	4545.9	0	0
XM_048212279.1	2002	1822.9	0	0
XM_048212280.1	1853	1673.9	31.1951	8.00146
XM_048212281.1	4236	4056.9	0	0
XM_048212282.1	3441	3261.9	1	0.131626
XM_048212283.1	9379	9199.9	4.53053	0.211436
XM_048212284.1	1941	1761.9	4.01517	0.978442
XM_048212285.1	1603	1423.9	1.50262	0.453088
XM_048212286.1	3089	2909.9	3	0.442645
XM_048212287.1	5140	4960.9	0	0
XM_048212288.1	834	654.98	0	0
XM_048212289.1	2600	2420.9	0	0
XM_048212290.1	16793	16613.9	3.2818	0.0848112
XM_048212291.1	3879	3699.9	0	0
XM_048212292.1	3876	3696.9	0	0
XM_048212293.1	2091	1911.9	0	0
XM_048212294.1	849	669.98	2.18024	1.39719
XM_048212295.1	1263	1083.9	6.32311	2.50468
XM_048212296.1	717	537.98	0	0
XM_048212297.1	4533	4353.9	43.1227	4.25246
XM_048212298.1	8075	7895.9	0	0
XM_048212299.1	1989	1809.9	0	0
XM_048212300.1	4782	4602.9	66.6932	6.22104
XM_048212301.1	4841	4661.9	0	0
XM_048212302.1	3143	2963.9	0	0
XM_048212303.1	4722	4542.9	9.72158	0.918791
XM_048212304.1	5405	5225.9	0.0456405	0.00374975
XM_048212305.1	5384	5204.9	8.73793	0.720791
XM_048212306.1	8882	8702.9	0	0
XM_048212307.1	8511	8331.9	0	0
XM_048212308.1	8678	8498.9	0	0
XM_048212309.1	7961	7781.9	0	0
XM_048212310.1	8087	7907.9	0	0
XM_048212311.1	5922	5742.9	29.5008	2.20554
XM_048212312.1	2131	1951.9	0	0
XM_048212313.1	1085	905.905	0	0
XM_048212314.1	999	819.905	0	0
XM_048212315.1	2961	2781.9	4	0.61735
XM_048212316.1	2461	2281.9	0	0
XM_048212317.1	1135	955.905	0	0
XM_048212318.1	1386	1206.9	0	0
XM_048212319.1	11143	10963.9	0	0
XM_048212320.1	11029	10849.9	0	0
XM_048212321.1	10367	10187.9	2.93446e-06	1.23668e-07
XM_048212322.1	10253	10073.9	7.00018	0.298349
XM_048212323.1	11032	10852.9	0	0
XM_048212324.1	10798	10618.9	0	0
XM_048212325.1	2142	1962.9	0	0
XM_048212326.1	1068	888.905	0	0
XM_048212327.1	3436	3256.9	0	0
XM_048212328.1	2011	1831.9	0	0
XM_048212329.1	6753	6573.9	0	0
XM_048212330.1	1630	1450.9	0	0
XM_048212331.1	8548	8368.9	0	0
XM_048212332.1	8448	8268.9	5.19071e-08	2.69521e-09
XM_048212333.1	8441	8261.9	0	0
XM_048212334.1	8424	8244.9	0	0
XM_048212335.1	8325	8145.9	0.00184759	9.73824e-05
XM_048212336.1	8336	8156.9	4.01755e-08	2.1147e-09
XM_048212337.1	8267	8087.9	0	0
XM_048212338.1	8285	8105.9	6.43372e-08	3.4078e-09
XM_048212339.1	8506	8326.9	1.16401e-07	6.0019e-09
XM_048212340.1	8234	8054.9	0	0
XM_048212341.1	8274	8094.9	107.889	5.7224
XM_048212342.1	8225	8045.9	141.166	7.53299
XM_048212343.1	8395	8215.9	163.868	8.56352
XM_048212344.1	8214	8034.9	0.104286	0.00557262
XM_048212345.1	8235	8055.9	97.6595	5.20491
XM_048212346.1	8186	8006.9	0.00428139	0.00022958
XM_048212347.1	8175	7995.9	0.0916507	0.00492132
XM_048212348.1	8169	7989.9	0	0
XM_048212349.1	8296	8116.9	0.000606031	3.20566e-05
XM_048212350.1	8142	7962.9	0	0
XM_048212351.1	8061	7881.9	0	0
XM_048212352.1	8049	7869.9	25.4855	1.39039
XM_048212353.1	7866	7686.9	0	0
XM_048212354.1	3398	3218.9	0	0
XM_048212355.1	2952	2772.9	0	0
XM_048212356.1	1556	1376.9	0	0
XM_048212357.1	1415	1235.9	0	0
XM_048212358.1	2921	2741.9	5.18318	0.811629
XM_048212359.1	2867	2687.9	0	0
XM_048212360.1	1022	842.905	0	0
XM_048212361.1	1779	1599.9	0	0
XM_048212362.1	1454	1274.9	0	0
XM_048212363.1	2008	1828.9	0	0
XM_048212364.1	4964	4784.9	0	0
XM_048212365.1	3939	3759.9	36.0465	4.11623
XM_048212366.1	10559	10379.9	36.2397	1.49901
XM_048212367.1	10518	10338.9	0	0
XM_048212368.1	2087	1907.9	122.09	27.475
XM_048212369.1	2228	2048.9	38.4841	8.06441
XM_048212370.1	2932	2752.9	0	0
XM_048212371.1	2194	2014.9	17.6908	3.7697
XM_048212372.1	4517	4337.9	3	0.29693
XM_048212373.1	1632	1452.9	351.825	103.969
XM_048212374.1	1498	1318.9	0	0
XM_048212375.1	5488	5308.9	0.527784	0.0426839
XM_048212376.1	1724	1544.9	6.64356	1.84634
XM_048212377.1	10267	10087.9	58.7764	2.50159
XM_048212378.1	15172	14992.9	67	1.91868
XM_048212379.1	10284	10104.9	0	0
XM_048212380.1	6732	6552.9	2.64679e-05	1.7342e-06
XM_048212381.1	6673	6493.9	3.53739	0.233879
XM_048212382.1	3227	3047.9	89	12.5372
XM_048212383.1	5273	5093.9	34.7398	2.92813
XM_048212384.1	6038	5858.9	0	0
XM_048212385.1	1523	1343.9	0	0
XM_048212386.1	750	570.98	0	0
XM_048212387.1	7343	7163.9	33.8798	2.0305
XM_048212388.1	3620	3440.9	0	0
XM_048212389.1	3570	3390.9	87	11.0158
XM_048212390.1	3497	3317.9	7.26524e-07	9.40156e-08
XM_048212391.1	1390	1210.9	0	0
XM_048212392.1	1389	1209.9	0	0
XM_048212393.1	6410	6230.9	0	0
XM_048212394.1	5254	5074.9	11.6983	0.989712
XM_048212395.1	5562	5382.9	8.48891	0.677093
XM_048212396.1	8154	7974.9	2.97553	0.160196
XM_048212397.1	6420	6240.9	0.0471266	0.00324214
XM_048212398.1	4455	4275.9	0	0
XM_048212399.1	939	759.905	0	0
XM_048212400.1	4541	4361.9	23.2806	2.29157
XM_048212401.1	4453	4273.9	0	0
XM_048212402.1	4359	4179.9	0	0
XM_048212403.1	6753	6573.9	3.10974	0.203102
XM_048212404.1	5074	4894.9	0	0
XM_048212405.1	5176	4996.9	0	0
XM_048212406.1	4419	4239.9	0	0
XM_048212407.1	871	691.98	3.93763	2.44317
XM_048212408.1	1880	1700.9	0.340631	0.0859839
XM_048212409.1	3332	3152.9	2.15956	0.294081
XM_048212410.1	1984	1804.9	16.1185	3.83429
XM_048212411.1	6789	6609.9	8.05066	0.522937
XM_048212412.1	6787	6607.9	11.9493	0.776414
XM_048212413.1	5051	4871.9	30.246	2.66553
XM_048212414.1	5041	4861.9	9.1363e-06	8.06821e-07
XM_048212415.1	5029	4849.9	0.0186081	0.00164733
XM_048212416.1	5019	4839.9	0	0
XM_048212417.1	4795	4615.9	7.21006	0.670649
XM_048212418.1	4026	3846.9	0.0163161	0.00182103
XM_048212419.1	4080	3900.9	56.1814	6.18359
XM_048212420.1	6277	6097.9	3.68834	0.259695
XM_048212421.1	3035	2855.9	0	0
XM_048212422.1	8095	7915.9	0.000142502	7.72921e-06
XM_048212423.1	2456	2276.9	0	0
XM_048212424.1	5157	4977.9	0	0
XM_048212425.1	4175	3995.9	0	0
XM_048212426.1	4124	3944.9	0.0433572	0.00471888
XM_048212427.1	4153	3973.9	3.06158e-06	3.30782e-07
XM_048212428.1	4148	3968.9	1.58303e-05	1.71251e-06
XM_048212429.1	4126	3946.9	0.0223769	0.0024342
XM_048212430.1	4024	3844.9	0	0
XM_048212431.1	4103	3923.9	45.9342	5.02611
XM_048212432.1	2694	2514.9	130	22.194
XM_048212433.1	2571	2391.9	0	0
XM_048212434.1	11172	10992.9	0	0
XM_048212435.1	10969	10789.9	7.84509	0.312172
XM_048212436.1	11071	10891.9	15.3209	0.60394
XM_048212437.1	216	68.2098	0	0
XM_048212438.1	1564	1384.9	47.9063	14.852
XM_048212439.1	3300	3120.9	0	0
XM_048212440.1	8213	8033.9	126.69	6.77062
XM_048212441.1	5580	5400.9	0	0
XM_048212442.1	5263	5083.9	0	0
XM_048212443.1	5462	5282.9	0	0
XM_048212444.1	5276	5096.9	0	0
XM_048212445.1	3888	3708.9	7.60541	0.880421
XM_048212446.1	1056	876.905	2.34679	1.14904
XM_048212447.1	3832	3652.9	0	0
XM_048212448.1	3723	3543.9	0	0
XM_048212449.1	3804	3624.9	18.3328	2.17143
XM_048212450.1	3116	2936.9	0	0
XM_048212451.1	4239	4059.9	0	0
XM_048212452.1	4236	4056.9	0	0
XM_048212453.1	9795	9615.9	4.20336	0.187681
XM_048212454.1	9830	9650.9	178.797	7.95435
XM_048212455.1	8357	8177.9	0.00142188	7.46507e-05
XM_048212456.1	8371	8191.9	0.000152563	7.99607e-06
XM_048212457.1	8304	8124.9	6.88465	0.363812
XM_048212458.1	7768	7588.9	10.9995	0.62231
XM_048212459.1	3282	3102.9	0.00792878	0.00109711
XM_048212460.1	7831	7651.9	5.06619	0.284266
XM_048212461.1	5501	5321.9	0	0
XM_048212462.1	7836	7656.9	2.16007	0.121123
XM_048212463.1	1781	1601.9	0	0
XM_048212464.1	2340	2160.9	1	0.198691
XM_048212465.1	986	806.905	0	0
XM_048212466.1	1047	867.905	0	0
XM_048212467.1	4561	4381.9	0	0
XM_048212468.1	936	756.98	0	0
XM_048212469.1	3667	3487.9	0.00114868	0.0001414
XM_048212470.1	3611	3431.9	2.24819e-05	2.81262e-06
XM_048212471.1	3686	3506.9	0	0
XM_048212472.1	3672	3492.9	0	0
XM_048212473.1	3590	3410.9	0	0
XM_048212474.1	3645	3465.9	27.4263	3.39753
XM_048212475.1	6417	6237.9	0	0
XM_048212476.1	6747	6567.9	1.23869e-06	8.09746e-08
XM_048212477.1	6885	6705.9	0	0
XM_048212478.1	6828	6648.9	0	0
XM_048212479.1	7113	6933.9	0	0
XM_048212480.1	6981	6801.9	0	0
XM_048212481.1	4841	4661.9	0	0
XM_048212482.1	3996	3816.9	0	0
XM_048212483.1	1333	1153.9	0	0
XM_048212484.1	3132	2952.9	1.13507	0.165038
XM_048212485.1	1283	1103.9	0	0
XM_048212486.1	1291	1111.9	0	0
XM_048212487.1	601	421.98	0	0
XM_048212488.1	4628	4448.9	0	0
XM_048212489.1	4155	3975.9	441.696	47.698
XM_048212490.1	4578	4398.9	0	0
XM_048212491.1	8794	8614.9	0	0
XM_048212492.1	6073	5893.9	0	0
XM_048212493.1	1601	1421.9	4.46745	1.34897
XM_048212494.1	6436	6256.9	0	0
XM_048212495.1	6657	6477.9	0	0
XM_048212496.1	5608	5428.9	18.5015	1.46322
XM_048212497.1	5240	5060.9	0	0
XM_048212498.1	2542	2362.9	13.3497	2.42572
XM_048212499.1	2899	2719.9	0	0
XM_048212500.1	5777	5597.9	0	0
XM_048212501.1	5550	5370.9	0	0
XM_048212502.1	5905	5725.9	0	0
XM_048212503.1	5959	5779.9	0	0
XM_048212504.1	5669	5489.9	9.68444	0.757396
XM_048212505.1	5743	5563.9	0	0
XM_048212506.1	5750	5570.9	0	0
XM_048212507.1	5498	5318.9	0	0
XM_048212508.1	5471	5291.9	0	0
XM_048212509.1	5244	5064.9	64.3156	5.45203
XM_048212510.1	7080	6900.9	0	0
XM_048212511.1	5637	5457.9	0	0
XM_048212512.1	697	517.98	0	0
XM_048212513.1	5243	5063.9	0	0
XM_048212514.1	5014	4834.9	4.94621	0.439236
XM_048212515.1	5078	4898.9	23.5186	2.06123
XM_048212516.1	1792	1612.9	0.765668	0.203819
XM_048212517.1	2364	2184.9	0	0
XM_048212518.1	2200	2020.9	0	0
XM_048212519.1	8527	8347.9	0	0
XM_048212520.1	4602	4422.9	0	0
XM_048212521.1	4575	4395.9	0	0
XM_048212522.1	2106	1926.9	0	0
XM_048212523.1	2017	1837.9	11.9997	2.80324
XM_048212524.1	942	762.905	0	0
XM_048212525.1	5594	5414.9	0.00612392	0.00048557
XM_048212526.1	5473	5293.9	39.7805	3.22632
XM_048212527.1	5470	5290.9	0	0
XM_048212528.1	5263	5083.9	1.49645	0.12638
XM_048212529.1	844	664.98	0	0
XM_048212530.1	1516	1336.9	4.93821	1.58593
XM_048212531.1	1290	1110.9	2	0.772977
XM_048212532.1	1875	1695.9	0	0
XM_048212533.1	7437	7257.9	0	0
XM_048212534.1	23570	23390.9	12.2295	0.224479
XM_048212535.1	8840	8660.9	0	0
XM_048212536.1	13283	13103.9	0	0
XM_048212537.1	10997	10817.9	15.723	0.62403
XM_048212538.1	7776	7596.9	27.4494	1.55135
XM_048212539.1	2202	2022.9	0	0
XM_048212540.1	7898	7718.9	1.71359e-06	9.5316e-08
XM_048212541.1	7674	7494.9	54.9958	3.15048
XM_048212542.1	7671	7491.9	3.04106	0.174279
XM_048212543.1	3365	3185.9	9.79746e-07	1.32037e-07
XM_048212544.1	3782	3602.9	16	1.90669
XM_048212545.1	2196	2016.9	0	0
XM_048212546.1	9307	9127.9	1.68897e-08	7.94445e-10
XM_048212547.1	9498	9318.9	0	0
XM_048212548.1	10140	9960.9	0.92993	0.0400834
XM_048212549.1	10331	10151.9	0	0
XM_048212550.1	10748	10568.9	0	0
XM_048212551.1	10131	9951.9	1.57007e-08	6.7737e-10
XM_048212552.1	10322	10142.9	0	0
XM_048212553.1	1458	1278.9	0	0
XM_048212554.1	1207	1027.9	0	0
XM_048212555.1	2099	1919.9	50.9844	11.4017
XM_048212556.1	3813	3633.9	8	0.945213
XM_048212557.1	4903	4723.9	0	0
XM_048212558.1	969	789.905	0	0
XM_048212559.1	2179	1999.9	0	0
XM_048212560.1	2170	1990.9	0	0
XM_048212561.1	2101	1921.9	32.5149	7.2638
XM_048212562.1	2007	1827.9	0.00312243	0.00073342
XM_048212563.1	2020	1840.9	0	0
XM_048212564.1	3299	3119.9	0	0
XM_048212565.1	3292	3112.9	3.98615	0.549796
XM_048212566.1	1253	1073.9	0	0
XM_048212567.1	487	308.217	1	1.39302
XM_048212568.1	14590	14410.9	0	0
XM_048212569.1	11859	11679.9	0	0
XM_048212570.1	14383	14203.9	0	0
XM_048212571.1	14880	14700.9	0	0
XM_048212572.1	11710	11530.9	0	0
XM_048212573.1	14608	14428.9	0	0
XM_048212574.1	3584	3404.9	0	0
XM_048212575.1	1983	1803.9	0	0
XM_048212576.1	1639	1459.9	0	0
XM_048212577.1	2853	2673.9	0	0
XM_048212578.1	1825	1645.9	0	0
XM_048212579.1	2005	1825.9	9.61071	2.25991
XM_048212580.1	2732	2552.9	8	1.34545
XM_048212581.1	2545	2365.9	0	0
XM_048212582.1	664	484.98	0	0
XM_048212583.1	13899	13719.9	0	0
XM_048212584.1	13861	13681.9	0.0010162	3.18894e-05
XM_048212585.1	13898	13718.9	0	0
XM_048212586.1	13824	13644.9	0	0
XM_048212587.1	13786	13606.9	0.00125464	3.95888e-05
XM_048212588.1	13721	13541.9	0	0
XM_048212589.1	13718	13538.9	0	0
XM_048212590.1	2277	2097.9	0	0
XM_048212591.1	5958	5778.9	26	1.93171
XM_048212592.1	3885	3705.9	0	0
XM_048212593.1	1976	1796.9	1	0.23894
XM_048212594.1	2849	2669.9	1.05366	0.169442
XM_048212595.1	3298	3118.9	6.94634	0.95624
XM_048212596.1	1781	1601.9	31.653	8.48382
XM_048212597.1	1942	1762.9	0	0
XM_048212598.1	2046	1866.9	0	0
XM_048212599.1	3877	3697.9	24	2.78656
XM_048212600.1	4318	4138.9	0	0
XM_048212601.1	4384	4204.9	0	0
XM_048212602.1	4288	4108.9	0	0
XM_048212603.1	4604	4424.9	0	0
XM_048212604.1	1925	1745.9	7.87953	1.93773
XM_048212605.1	4217	4037.9	0	0
XM_048212606.1	3951	3771.9	0	0
XM_048212607.1	1512	1332.9	0	0
XM_048212608.1	1314	1134.9	0	0
XM_048212609.1	3095	2915.9	0	0
XM_048212610.1	2807	2627.9	5	0.816909
XM_048212611.1	7922	7742.9	0	0
XM_048212612.1	4358	4178.9	0	0
XM_048212613.1	2960	2780.9	1	0.154393
XM_048212614.1	4630	4450.9	3.99359	0.385237
XM_048212615.1	1373	1193.9	2	0.71924
XM_048212616.1	3041	2861.9	3.90597	0.585986
XM_048212617.1	3202	3022.9	0	0
XM_048212618.1	3163	2983.9	0	0
XM_048212619.1	3236	3056.9	0	0
XM_048212620.1	3243	3063.9	18.1451	2.54271
XM_048212621.1	3034	2854.9	1.0817e-06	1.62678e-07
XM_048212622.1	2979	2799.9	0	0
XM_048212623.1	3107	2927.9	11.1934	1.64141
XM_048212624.1	9261	9081.9	2.52205	0.119231
XM_048212625.1	3107	2927.9	7.02982	1.03086
XM_048212626.1	3102	2922.9	0	0
XM_048212627.1	2059	1879.9	112.846	25.773
XM_048212628.1	2973	2793.9	0	0
XM_048212629.1	10773	10593.9	0	0
XM_048212630.1	2833	2653.9	15.1192	2.44601
XM_048212631.1	2448	2268.9	4.44511	0.841162
XM_048212632.1	2815	2635.9	0.000834384	0.000135909
XM_048212633.1	2868	2688.9	0	0
XM_048212634.1	2813	2633.9	0	0
XM_048212635.1	5003	4823.9	4.46393	0.397312
XM_048212636.1	4878	4698.9	0	0
XM_048212637.1	4899	4719.9	0	0
XM_048212638.1	4766	4586.9	0	0
XM_048212639.1	4922	4742.9	5.89818	0.533934
XM_048212640.1	4797	4617.9	0	0
XM_048212641.1	4688	4508.9	0	0
XM_048212642.1	4764	4584.9	5.55319	0.520026
XM_048212643.1	4306	4126.9	88.25	9.18129
XM_048212644.1	2181	2001.9	1	0.214472
XM_048212645.1	2622	2442.9	18.422	3.23775
XM_048212646.1	6854	6674.9	3	0.19297
XM_048212647.1	2051	1871.9	0	0
XM_048212648.1	2196	2016.9	0	0
XM_048212649.1	1827	1647.9	0	0
XM_048212650.1	2037	1857.9	0	0
XM_048212651.1	3200	3020.9	0	0
XM_048212652.1	30891	30711.9	7.68884	0.10749
XM_048212653.1	10961	10781.9	0	0
XM_048212654.1	11083	10903.9	38.1735	1.50312
XM_048212655.1	11016	10836.9	0	0
XM_048212656.1	1552	1372.9	0	0
XM_048212657.1	2834	2654.9	1.64101	0.265384
XM_048212658.1	1498	1318.9	0	0
XM_048212659.1	3081	2901.9	0	0
XM_048212660.1	6227	6047.9	0	0
XM_048212661.1	3546	3366.9	0	0
XM_048212662.1	2165	1985.9	0	0
XM_048212663.1	1575	1395.9	0	0
XM_048212664.1	3717	3537.9	0	0
XM_048212665.1	3955	3775.9	0	0
XM_048212666.1	4168	3988.9	10.8478	1.16762
XM_048212667.1	4457	4277.9	4.17588	0.419112
XM_048212668.1	4330	4150.9	0	0
XM_048212669.1	3680	3500.9	0	0
XM_048212670.1	3665	3485.9	0	0
XM_048212671.1	4311	4131.9	0	0
XM_048212672.1	2447	2267.9	0	0
XM_048212673.1	10618	10438.9	0	0
XM_048212674.1	5176	4996.9	5.45037	0.468315
XM_048212675.1	4202	4022.9	0	0
XM_048212676.1	3129	2949.9	0	0
XM_048212677.1	3640	3460.9	8.54963	1.06065
XM_048212678.1	3583	3403.9	0	0
XM_048212679.1	13438	13258.9	9.4232	0.305144
XM_048212680.1	12817	12637.9	1.04012e-05	3.53363e-07
XM_048212681.1	12636	12456.9	0	0
XM_048212682.1	12646	12466.9	0	0
XM_048212683.1	1865	1685.9	0	0
XM_048212684.1	1579	1399.9	173.45	53.1971
XM_048212685.1	1502	1322.9	216.376	70.2254
XM_048212686.1	6566	6386.9	0	0
XM_048212687.1	6442	6262.9	0.000835204	5.72572e-05
XM_048212688.1	6528	6348.9	0	0
XM_048212689.1	6658	6478.9	2	0.132538
XM_048212690.1	1494	1314.9	0	0
XM_048212691.1	14848	14668.9	0.275822	0.00807319
XM_048212692.1	13444	13264.9	0.572791	0.0185398
XM_048212693.1	5138	4958.9	0	0
XM_048212694.1	2014	1834.9	0	0
XM_048212695.1	1915	1735.9	191.593	47.3878
XM_048212696.1	1885	1705.9	82.6168	20.7935
XM_048212697.1	1848	1668.9	46.4575	11.9519
XM_048212698.1	1842	1662.9	1.04946e-07	2.70965e-08
XM_048212699.1	2001	1821.9	13.3328	3.14202
XM_048212700.1	16191	16011.9	0	0
XM_048212701.1	2208	2028.9	1	0.211618
XM_048212702.1	747	567.98	0	0
XM_048212703.1	1774	1594.9	2	0.538405
XM_048212704.1	603	423.98	0	0
XM_048212705.1	449	270.446	0	0
XM_048212706.1	1663	1483.9	0	0
XM_048212707.1	3480	3300.9	0	0
XM_048212708.1	7772	7592.9	20.2395	1.14447
XM_048212709.1	7796	7616.9	0.329308	0.0185625
XM_048212710.1	1690	1510.9	0	0
XM_048212711.1	1512	1332.9	0	0
XM_048212712.1	1314	1134.9	0	0
XM_048212713.1	6440	6260.9	231.037	15.8437
XM_048212714.1	6648	6468.9	0	0
XM_048212715.1	2890	2710.9	0	0
XM_048212716.1	589	409.98	0	0
XM_048212717.1	13939	13759.9	0	0
XM_048212718.1	13921	13741.9	0	0
XM_048212719.1	13888	13708.9	0	0
XM_048212720.1	13870	13690.9	0	0
XM_048212721.1	14013	13833.9	0	0
XM_048212722.1	2711	2531.9	0	0
XM_048212723.1	9387	9207.9	0	0
XM_048212724.1	9183	9003.9	0.413633	0.0197241
XM_048212725.1	9174	8994.9	0	0
XM_048212726.1	15583	15403.9	2.28518	0.0636948
XM_048212727.1	15561	15381.9	0	0
XM_048212728.1	6706	6526.9	0	0
XM_048212729.1	2230	2050.9	0	0
XM_048212730.1	2840	2660.9	0	0
XM_048212731.1	2702	2522.9	43.3112	7.37077
XM_048212732.1	2828	2648.9	80.5939	13.0632
XM_048212733.1	2931	2751.9	0	0
XM_048212734.1	2832	2652.9	0	0
XM_048212735.1	2787	2607.9	0	0
XM_048212736.1	3161	2981.9	18.9948	2.73498
XM_048212737.1	2949	2769.9	0	0
XM_048212738.1	3055	2875.9	0	0
XM_048212739.1	2839	2659.9	0	0
XM_048212740.1	2683	2503.9	30.5222	5.23373
XM_048212741.1	3443	3263.9	0	0
XM_048212742.1	2828	2648.9	85.8044	13.9077
XM_048212743.1	2751	2571.9	7.14509e-07	1.1928e-07
XM_048212744.1	2720	2540.9	64.2705	10.8602
XM_048212745.1	2662	2482.9	70.1793	12.1356
XM_048212746.1	3213	3033.9	56.0523	7.93241
XM_048212747.1	2860	2680.9	0	0
XM_048212748.1	3097	2917.9	0	0
XM_048212749.1	3237	3057.9	5.42629	0.76189
XM_048212750.1	10347	10167.9	0	0
XM_048212751.1	10257	10077.9	0	0
XM_048212752.1	10210	10030.9	0	0
XM_048212753.1	10387	10207.9	13.3942	0.563372
XM_048212754.1	3706	3526.9	0	0
XM_048212755.1	7209	7029.9	0	0
XM_048212756.1	10173	9993.9	0	0
XM_048212757.1	3528	3348.9	8.81729	1.13043
XM_048212758.1	4667	4487.9	0	0
XM_048212759.1	4596	4416.9	0	0
XM_048212760.1	10729	10549.9	0	0
XM_048212761.1	10467	10287.9	0	0
XM_048212762.1	10662	10482.9	0	0
XM_048212763.1	3576	3396.9	0	0
XM_048212764.1	10401	10221.9	0	0
XM_048212765.1	881	701.98	17.3915	10.6372
XM_048212766.1	10137	9957.9	2	0.0862334
XM_048212767.1	7317	7137.9	0	0
XM_048212768.1	7306	7126.9	0	0
XM_048212769.1	7117	6937.9	7	0.433195
XM_048212770.1	8854	8674.9	0	0
XM_048212771.1	7293	7113.9	0	0
XM_048212772.1	3866	3686.9	2.00679	0.233697
XM_048212773.1	3655	3475.9	11.0398	1.36366
XM_048212774.1	979	799.905	0	0
XM_048212775.1	954	774.905	0	0
XM_048212776.1	3657	3477.9	5.21134	0.643347
XM_048212777.1	1264	1084.9	0	0
XM_048212778.1	3674	3494.9	14.7421	1.81108
XM_048212779.1	1118	938.905	0	0
XM_048212780.1	4089	3909.9	0	0
XM_048212781.1	3957	3777.9	0	0
XM_048212782.1	3875	3695.9	0	0
XM_048212783.1	3996	3816.9	102.605	11.5417
XM_048212784.1	2297	2117.9	0	0
XM_048212785.1	2819	2639.9	0	0
XM_048212786.1	1995	1815.9	0	0
XM_048212787.1	10745	10565.9	0	0
XM_048212788.1	5342	5162.9	0	0
XM_048212789.1	10676	10496.9	0	0
XM_048212790.1	9968	9788.9	3.47913	0.152598
XM_048212791.1	5259	5079.9	0	0
XM_048212792.1	10250	10070.9	8.77105e-07	3.73935e-08
XM_048212793.1	4260	4080.9	3.47962e-07	3.66091e-08
XM_048212794.1	4699	4519.9	0	0
XM_048212795.1	4287	4107.9	0	0
XM_048212796.1	8747	8567.9	9.16351e-05	4.59199e-06
XM_048212797.1	916	736.98	0	0
XM_048212798.1	4245	4065.9	0	0
XM_048212799.1	11722	11542.9	80.184	2.98254
XM_048212800.1	4164	3984.9	0	0
XM_048212801.1	3962	3782.9	0	0
XM_048212802.1	14263	14083.9	0	0
XM_048212803.1	8737	8557.9	1.36145	0.0683045
XM_048212804.1	17310	17130.9	2.30591	0.0577931
XM_048212805.1	14286	14106.9	0	0
XM_048212806.1	8740	8560.9	1.36128	0.0682719
XM_048212807.1	1111	931.905	0	0
XM_048212808.1	32971	32791.9	9.85593	0.129046
XM_048212809.1	3544	3364.9	2.05803	0.262599
XM_048212810.1	2721	2541.9	0	0
XM_048212811.1	2698	2518.9	0	0
XM_048212812.1	8496	8316.9	0	0
XM_048212813.1	5599	5419.9	1.90976	0.151287
XM_048212814.1	4353	4173.9	2.5104	0.258234
XM_048212815.1	2663	2483.9	3	0.518561
XM_048212816.1	1515	1335.9	128	41.1385
XM_048212817.1	8312	8132.9	1.14622	0.0605113
XM_048212818.1	8309	8129.9	1.8551	0.0979705
XM_048212819.1	1323	1143.9	0	0
XM_048212820.1	1958	1778.9	0	0
XM_048212821.1	1463	1283.9	0	0
XM_048212822.1	5824	5644.9	42	3.19452
XM_048212823.1	6015	5835.9	0	0
XM_048212824.1	2472	2292.9	0	0
XM_048212825.1	5818	5638.9	2.30646e-06	1.75616e-07
XM_048212826.1	4624	4444.9	0	0
XM_048212827.1	5020	4840.9	4.67571	0.414701
XM_048212828.1	11378	11198.9	5.82198e-05	2.23207e-06
XM_048212829.1	11355	11175.9	0.000851632	3.27177e-05
XM_048212830.1	11328	11148.9	0.0200049	0.000770404
XM_048212831.1	11328	11148.9	0.0200049	0.000770404
XM_048212832.1	11266	11086.9	28.9536	1.12126
XM_048212833.1	3959	3779.9	7.33962	0.833693
XM_048212834.1	3889	3709.9	0	0
XM_048212835.1	3687	3507.9	0	0
XM_048212836.1	4958	4778.9	0	0
XM_048212837.1	3444	3264.9	1.66038	0.218349
XM_048212838.1	3622	3442.9	0	0
XM_048212839.1	3763	3583.9	0	0
XM_048212840.1	3772	3592.9	2	0.239
XM_048212841.1	3091	2911.9	71.6659	10.5669
XM_048212842.1	9786	9606.9	0	0
XM_048212843.1	9812	9632.9	0	0
XM_048212844.1	9815	9635.9	0	0
XM_048212845.1	9721	9541.9	0	0
XM_048212846.1	9803	9623.9	0	0
XM_048212847.1	5356	5176.9	10.679	0.885671
XM_048212848.1	11753	11573.9	4.71513e-06	1.74915e-07
XM_048212849.1	11199	11019.9	5.4574	0.212629
XM_048212850.1	6588	6408.9	0	0
XM_048212851.1	8030	7850.9	9.94467	0.543856
XM_048212852.1	8820	8640.9	0.120228	0.00597391
XM_048212853.1	8535	8355.9	0.0894201	0.00459468
XM_048212854.1	11136	10956.9	5.86353	0.229765
XM_048212855.1	12381	12201.9	0	0
XM_048212856.1	2255	2075.9	0	0
XM_048212857.1	12246	12066.9	0	0
XM_048212858.1	12754	12574.9	269.071	9.18703
XM_048212859.1	4985	4805.9	0	0
XM_048212860.1	4807	4627.9	50	4.63873
XM_048212861.1	12643	12463.9	19.27	0.663807
XM_048212862.1	12667	12487.9	1.56535	0.0538191
XM_048212863.1	11452	11272.9	0	0
XM_048212864.1	11435	11255.9	0	0
XM_048212865.1	10566	10386.9	8.91755	0.368615
XM_048212866.1	6964	6784.9	0	0
XM_048212867.1	3270	3090.9	0.000211197	2.93369e-05
XM_048212868.1	3690	3510.9	0	0
XM_048212869.1	3612	3432.9	25.15	3.1455
XM_048212870.1	2215	2035.9	19	4.00691
XM_048212871.1	3157	2977.9	0	0
XM_048212872.1	13864	13684.9	6.57382	0.206248
XM_048212873.1	7951	7771.9	0	0
XM_048212874.1	10444	10264.9	12	0.501926
XM_048212875.1	2093	1913.9	0	0
XM_048212876.1	1925	1745.9	0	0
XM_048212877.1	10004	9824.9	1.41742	0.0619416
XM_048212878.1	14276	14096.9	14.5372	0.442762
XM_048212879.1	11207	11027.9	6.08126	0.236763
XM_048212880.1	1556	1376.9	0.469587	0.146428
XM_048212881.1	11176	10996.9	10.5454	0.411723
XM_048212882.1	8993	8813.9	3.70693	0.180576
XM_048212883.1	1633	1453.9	0	0
XM_048212884.1	14611	14431.9	44.7782	1.33216
XM_048212885.1	13261	13081.9	0	0
XM_048212886.1	13253	13073.9	0	0
XM_048212887.1	2320	2140.9	0	0
XM_048212888.1	2431	2251.9	0	0
XM_048212889.1	6822	6642.9	0	0
XM_048212890.1	6258	6078.9	0	0
XM_048212891.1	2568	2388.9	0	0
XM_048212892.1	1764	1584.9	0	0
XM_048212893.1	7759	7579.9	0	0
XM_048212894.1	5856	5676.9	0	0
XM_048212895.1	6132	5952.9	0	0
XM_048212896.1	5727	5547.9	0	0
XM_048212897.1	14091	13911.9	0	0
XM_048212898.1	3815	3635.9	0	0
XM_048212899.1	4774	4594.9	0.0192062	0.00179465
XM_048212900.1	3084	2904.9	0	0
XM_048212901.1	12195	12015.9	16.4071	0.586258
XM_048212902.1	6424	6244.9	0.00111493	7.66539e-05
XM_048212903.1	6247	6067.9	0	0
XM_048212904.1	12401	12221.9	9.61797	0.337876
XM_048212905.1	6379	6199.9	13.9956	0.969216
XM_048212906.1	5951	5771.9	20.3041	1.51035
XM_048212907.1	6163	5983.9	0	0
XM_048212908.1	5441	5261.9	11.4148	0.931402
XM_048212909.1	5749	5569.9	8.35968	0.6444
XM_048212910.1	3024	2844.9	5.40181	0.815239
XM_048212911.1	1725	1545.9	0	0
XM_048212912.1	1719	1539.9	0	0
XM_048212913.1	1608	1428.9	0	0
XM_048212914.1	1584	1404.9	0	0
XM_048212915.1	1578	1398.9	0	0
XM_048212916.1	14305	14125.9	8	0.243157
XM_048212917.1	9090	8910.9	0.889695	0.042868
XM_048212918.1	8176	7996.9	49.5834	2.66212
XM_048212919.1	7662	7482.9	0	0
XM_048212920.1	4852	4672.9	0.999992	0.0918804
XM_048212921.1	4894	4714.9	8.48736e-06	7.72882e-07
XM_048212922.1	4639	4459.9	0	0
XM_048212923.1	2426	2246.9	0	0
XM_048212924.1	3363	3183.9	2.69541	0.363478
XM_048212925.1	2252	2072.9	59.0296	12.2265
XM_048212926.1	817	637.98	0	0
XM_048212927.1	4744	4564.9	12	1.12866
XM_048212928.1	4756	4576.9	61.2145	5.74243
XM_048212929.1	2094	1914.9	9.32779	2.09144
XM_048212930.1	2941	2761.9	0	0
XM_048212931.1	2851	2671.9	26.9567	4.3317
XM_048212932.1	2661	2481.9	24.3648	4.21494
XM_048212933.1	2650	2470.9	0	0
XM_048212934.1	2428	2248.9	0	0
XM_048212935.1	2349	2169.9	0	0
XM_048212936.1	1670	1490.9	1	0.287981
XM_048212937.1	3429	3249.9	136.996	18.0988
XM_048212938.1	2321	2141.9	0	0
XM_048212939.1	3226	3046.9	0	0
XM_048212940.1	3118	2938.9	5.91803e-06	8.64579e-07
XM_048212941.1	6006	5826.9	0.336106	0.0247658
XM_048212942.1	5924	5744.9	0	0
XM_048212943.1	5287	5107.9	0	0
XM_048212944.1	5160	4980.9	17	1.46539
XM_048212945.1	1532	1352.9	0	0
XM_048212946.1	942	762.905	0	0
XM_048212947.1	15832	15652.9	0	0
XM_048212948.1	957	777.905	0	0
XM_048212949.1	1473	1293.9	0	0
XM_048212950.1	2996	2816.9	0	0
XM_048212951.1	5113	4933.9	0	0
XM_048212952.1	942	762.905	0	0
XM_048212953.1	1015	835.905	0	0
XM_048212954.1	9698	9518.9	0	0
XM_048212955.1	9275	9095.9	3	0.141608
XM_048212956.1	1121	941.905	1	0.455834
XM_048212957.1	1036	856.905	0	0
XM_048212958.1	6166	5986.9	8.69371e-07	6.23471e-08
XM_048212959.1	6071	5891.9	0	0
XM_048212960.1	2655	2475.9	0	0
XM_048212961.1	2098	1918.9	9.78612	2.18963
XM_048212962.1	4038	3858.9	54	6.00818
XM_048212963.1	2101	1921.9	0	0
XM_048212964.1	2002	1822.9	0	0
XM_048212965.1	1084	904.905	0	0
XM_048212966.1	1220	1040.9	0	0
XM_048212967.1	1868	1688.9	0	0
XM_048212968.1	16332	16152.9	11.8256	0.31433
XM_048212969.1	16293	16113.9	2.181e-06	5.81123e-08
XM_048212970.1	6089	5909.9	0	0
XM_048212971.1	5985	5805.9	8.69727	0.643171
XM_048212972.1	3850	3670.9	0	0
XM_048212973.1	16361	16181.9	9.3713e-06	2.48647e-07
XM_048212974.1	16358	16178.9	40.5559	1.07626
XM_048212975.1	16531	16351.9	0	0
XM_048212976.1	16531	16351.9	0	0
XM_048212977.1	16355	16175.9	57.3335	1.52179
XM_048212978.1	16522	16342.9	0	0
XM_048212979.1	16510	16330.9	1.43002e-06	3.75963e-08
XM_048212980.1	16492	16312.9	0	0
XM_048212981.1	16486	16306.9	0	0
XM_048212982.1	16468	16288.9	19.3034	0.508808
XM_048212983.1	16468	16288.9	0.000158027	4.16536e-06
XM_048212984.1	16462	16282.9	0	0
XM_048212985.1	16444	16264.9	0	0
XM_048212986.1	16420	16240.9	0	0
XM_048212987.1	16417	16237.9	0.0214252	0.000566512
XM_048212988.1	16414	16234.9	1.91042e-06	5.05235e-08
XM_048212989.1	16411	16231.9	7.95899	0.210524
XM_048212990.1	16369	16189.9	0	0
XM_048212991.1	16366	16186.9	0	0
XM_048212992.1	16357	16177.9	0	0
XM_048212993.1	16354	16174.9	0	0
XM_048212994.1	16348	16168.9	34.7719	0.923339
XM_048212995.1	16325	16145.9	22.7858	0.605921
XM_048212996.1	16303	16123.9	2.25387e-05	6.00166e-07
XM_048212997.1	16297	16117.9	0	0
XM_048212998.1	16156	15976.9	0	0
XM_048212999.1	16300	16120.9	99.2689	2.64385
XM_048213000.1	2963	2783.9	48	7.40287
XM_048213001.1	738	558.98	0	0
XM_048213002.1	1773	1593.9	23.4106	6.30614
XM_048213003.1	1985	1805.9	14.336	3.40837
XM_048213004.1	3344	3164.9	12	1.62792
XM_048213005.1	3662	3482.9	16	1.97239
XM_048213006.1	7845	7665.9	1.33834e-06	7.49578e-08
XM_048213007.1	2576	2396.9	18	3.2243
XM_048213008.1	4077	3897.9	30	3.30448
XM_048213009.1	1285	1105.9	0	0
XM_048213010.1	1222	1042.9	0	0
XM_048213011.1	4919	4739.9	36	3.26097
XM_048213012.1	5196	5016.9	0	0
XM_048213013.1	7404	7224.9	0	0
XM_048213014.1	7515	7335.9	0.00350391	0.000205075
XM_048213015.1	7461	7281.9	53.9378	3.18026
XM_048213016.1	3281	3101.9	0	0
XM_048213017.1	779	599.98	0	0
XM_048213018.1	1808	1628.9	19.2077	5.06283
XM_048213019.1	2065	1885.9	22	5.0086
XM_048213020.1	6504	6324.9	0	0
XM_048213021.1	8133	7953.9	45.6069	2.46186
XM_048213022.1	3623	3443.9	0	0
XM_048213023.1	3536	3356.9	0	0
XM_048213024.1	11323	11143.9	92.1385	3.54991
XM_048213025.1	8116	7936.9	136.743	7.39723
XM_048213026.1	8122	7942.9	4.42679e-05	2.39289e-06
XM_048213027.1	3098	2918.9	3	0.441281
XM_048213028.1	4818	4638.9	0	0
XM_048213029.1	5114	4934.9	0	0
XM_048213030.1	2674	2494.9	0	0
XM_048213031.1	2479	2299.9	0	0
XM_048213032.1	2462	2282.9	0	0
XM_048213033.1	4524	4344.9	0	0
XM_048213034.1	3086	2906.9	0	0
XM_048213035.1	3080	2900.9	0	0
XM_048213036.1	6758	6578.9	0.0709886	0.00463285
XM_048213037.1	6727	6547.9	33.7337	2.21195
XM_048213038.1	6765	6585.9	0.0177206	0.00115525
XM_048213039.1	7098	6918.9	47.9012	2.9725
XM_048213040.1	7668	7488.9	0.190121	0.0109
XM_048213041.1	7111	6931.9	0	0
XM_048213042.1	6930	6750.9	36.5265	2.32306
XM_048213043.1	7474	7294.9	13.2126	0.777644
XM_048213044.1	7472	7292.9	0	0
XM_048213045.1	7534	7354.9	0	0
XM_048213046.1	1692	1512.9	0	0
XM_048213047.1	1634	1454.9	12	3.54128
XM_048213048.1	9674	9494.9	0	0
XM_048213049.1	2938	2758.9	0	0
XM_048213050.1	2827	2647.9	0	0
XM_048213051.1	5621	5441.9	0	0
XM_048213052.1	4283	4103.9	16.2734	1.70253
XM_048213053.1	2027	1847.9	0.999786	0.232295
XM_048213054.1	3164	2984.9	2	0.287682
XM_048213055.1	3234	3054.9	0	0
XM_048213056.1	447	268.446	0	0
XM_048213057.1	2388	2208.9	23.8985	4.64523
XM_048213058.1	3723	3543.9	4.85982	0.588778
XM_048213059.1	2777	2597.9	0	0
XM_048213060.1	2774	2594.9	0	0
XM_048213061.1	3632	3452.9	0	0
XM_048213062.1	3656	3476.9	0	0
XM_048213063.1	2696	2516.9	0	0
XM_048213064.1	2694	2514.9	0	0
XM_048213065.1	3618	3438.9	0	0
XM_048213066.1	3608	3428.9	0	0
XM_048213067.1	4444	4264.9	0	0
XM_048213068.1	1515	1335.9	4.13788	1.32989
XM_048213069.1	6028	5848.9	3	0.220222
XM_048213070.1	895	715.98	0	0
XM_048213071.1	1617	1437.9	0	0
XM_048213072.1	1754	1574.9	0	0
XM_048213073.1	5722	5542.9	0	0
XM_048213074.1	4494	4314.9	5.14076e-08	5.11528e-09
XM_048213075.1	4015	3835.9	0	0
XM_048213076.1	3954	3774.9	0	0
XM_048213077.1	10902	10722.9	5.82231	0.233129
XM_048213078.1	8071	7891.9	239.832	13.0478
XM_048213079.1	7011	6831.9	0	0
XM_048213080.1	5146	4966.9	0	0
XM_048213081.1	5817	5637.9	8.24778	0.628106
XM_048213082.1	4332	4152.9	4.66405	0.482197
XM_048213083.1	2155	1975.9	18.1003	3.93309
XM_048213084.1	4888	4708.9	0	0
XM_048213085.1	5028	4848.9	0	0
XM_048213086.1	2881	2701.9	0	0
XM_048213087.1	2102	1922.9	0	0
XM_048213088.1	3182	3002.9	10	1.42979
XM_048213089.1	1122	942.905	0	0
XM_048213090.1	2448	2268.9	0	0
XM_048213091.1	2199	2019.9	0	0
XM_048213092.1	1802	1622.9	371.874	98.3821
XM_048213093.1	14562	14382.9	0	0
XM_048213094.1	14632	14452.9	4.73757	0.140739
XM_048213095.1	1119	939.905	0	0
XM_048213096.1	2328	2148.9	0	0
XM_048213097.1	1825	1645.9	71.8421	18.7408
XM_048213098.1	1640	1460.9	346.725	101.901
XM_048213099.1	14459	14279.9	0	0
XM_048213100.1	14471	14291.9	0	0
XM_048213101.1	981	801.905	0	0
XM_048213102.1	7412	7232.9	24.3352	1.44456
XM_048213103.1	7336	7156.9	0	0
XM_048213104.1	978	798.905	0	0
XM_048213105.1	6323	6143.9	0	0
XM_048213106.1	5217	5037.9	3.91953	0.334039
XM_048213107.1	2148	1968.9	0	0
XM_048213108.1	2154	1974.9	0	0
XM_048213109.1	1452	1272.9	0	0
XM_048213110.1	9071	8891.9	0	0
XM_048213111.1	9691	9511.9	20.7962	0.938706
XM_048213112.1	8933	8753.9	0	0
XM_048213113.1	8990	8810.9	0	0
XM_048213114.1	9550	9370.9	0	0
XM_048213115.1	8960	8780.9	0	0
XM_048213116.1	8903	8723.9	0	0
XM_048213117.1	9519	9339.9	0	0
XM_048213118.1	6096	5916.9	49.0526	3.55943
XM_048213119.1	3091	2911.9	133.151	19.6328
XM_048213120.1	3368	3188.9	0	0
XM_048213121.1	8122	7942.9	105.309	5.69243
XM_048213122.1	8035	7855.9	0.415842	0.0227272
XM_048213123.1	5890	5710.9	0	0
XM_048213124.1	6120	5940.9	2.38836	0.172608
XM_048213125.1	6045	5865.9	0	0
XM_048213126.1	7141	6961.9	0	0
XM_048213127.1	6500	6320.9	2.33165	0.158379
XM_048213128.1	14840	14660.9	152.48	4.46546
XM_048213129.1	432	253.732	0	0
XM_048213130.1	1273	1093.9	0	0
XM_048213131.1	3012	2832.9	5	0.757795
XM_048213132.1	5997	5817.9	2.52661	0.18646
XM_048213133.1	3260	3080.9	0	0
XM_048213134.1	2068	1888.9	2	0.454604
XM_048213135.1	1206	1026.9	0	0
XM_048213136.1	1746	1566.9	0	0
XM_048213137.1	7899	7719.9	1	0.0556162
XM_048213138.1	750	570.98	0	0
XM_048213139.1	11823	11643.9	40	1.47494
XM_048213140.1	675	495.98	0	0
XM_048213141.1	726	546.98	0	0
XM_048213142.1	15857	15677.9	3	0.0821574
XM_048213143.1	2047	1867.9	1	0.229858
XM_048213144.1	894	714.98	0	0
XM_048213145.1	850	670.98	0	0
XM_048213146.1	3145	2965.9	44.9803	6.51146
XM_048213147.1	3274	3094.9	0	0
XM_048213148.1	8068	7888.9	131.211	7.14114
XM_048213149.1	2783	2603.9	0	0
XM_048213150.1	14974	14794.9	0	0
XM_048213151.1	4064	3884.9	0	0
XM_048213152.1	2666	2486.9	0	0
XM_048213153.1	4469	4289.9	0.00720829	0.000721436
XM_048213154.1	4906	4726.9	15.4464	1.40302
XM_048213155.1	3378	3198.9	0	0
XM_048213156.1	714	534.98	0	0
XM_048213157.1	708	528.98	0	0
XM_048213158.1	834	654.98	0	0
XM_048213159.1	903	723.98	4	2.37217
XM_048213160.1	2645	2465.9	0	0
XM_048213161.1	2627	2447.9	0	0
XM_048213162.1	2637	2457.9	0	0
XM_048213163.1	2619	2439.9	0	0
XM_048213164.1	2142	1962.9	0	0
XM_048213165.1	1810	1630.9	7.39664	1.94724
XM_048213166.1	3419	3239.9	0	0
XM_048213167.1	4231	4051.9	0	0
XM_048213168.1	1139	959.905	0	0
XM_048213169.1	1027	847.905	0	0
XM_048213170.1	1014	834.905	0	0
XM_048213171.1	860	680.98	9.87444	6.22574
XM_048213172.1	9069	8889.9	0	0
XM_048213173.1	6511	6331.9	0.000906782	6.14868e-05
XM_048213174.1	6557	6377.9	7.16196e-08	4.82134e-09
XM_048213175.1	6599	6419.9	0	0
XM_048213176.1	2474	2294.9	0	0
XM_048213177.1	6578	6398.9	0	0
XM_048213178.1	6562	6382.9	2.5757e-08	1.73257e-09
XM_048213179.1	6764	6584.9	0	0
XM_048213180.1	6590	6410.9	0	0
XM_048213181.1	6734	6554.9	0	0
XM_048213182.1	6467	6287.9	8.12063	0.554494
XM_048213183.1	1596	1416.9	0	0
XM_048213184.1	3007	2827.9	0	0
XM_048213185.1	1565	1385.9	0	0
XM_048213186.1	2971	2791.9	0	0
XM_048213187.1	4519	4339.9	51.4409	5.08911
XM_048213188.1	3207	3027.9	430.514	61.0462
XM_048213189.1	3156	2976.9	0.0219162	0.00316092
XM_048213190.1	19392	19212.9	13.4809	0.301259
XM_048213191.1	2612	2432.9	2.19437	0.387256
XM_048213192.1	2089	1909.9	31	6.96889
XM_048213193.1	4566	4386.9	6	0.587228
XM_048213194.1	2285	2105.9	0	0
XM_048213195.1	1950	1770.9	134	32.488
XM_048213196.1	1946	1766.9	0	0
XM_048213197.1	16466	16286.9	237.405	6.25841
XM_048213198.1	16693	16513.9	42.9859	1.11761
XM_048213199.1	16340	16160.9	117.461	3.12061
XM_048213200.1	16687	16507.9	0	0
XM_048213201.1	16528	16348.9	5.42132e-07	1.42374e-08
XM_048213202.1	16781	16601.9	0.0418023	0.00108107
XM_048213203.1	16572	16392.9	1.08604e-08	2.84449e-10
XM_048213204.1	16439	16259.9	133.082	3.5141
XM_048213205.1	16666	16486.9	24.2441	0.631365
XM_048213206.1	16500	16320.9	74.2126	1.9523
XM_048213207.1	3485	3305.9	8.11786	1.0543
XM_048213208.1	3483	3303.9	17.8821	2.32384
XM_048213209.1	3274	3094.9	1.57771e-08	2.18874e-09
XM_048213210.1	3304	3124.9	0	0
XM_048213211.1	3284	3104.9	0	0
XM_048213212.1	4808	4628.9	0	0
XM_048213213.1	3998	3818.9	0	0
XM_048213214.1	5462	5282.9	0	0
XM_048213215.1	4211	4031.9	0	0
XM_048213216.1	4006	3826.9	0	0
XM_048213217.1	3097	2917.9	0	0
XM_048213218.1	4027	3847.9	0	0
XM_048213219.1	5631	5451.9	0	0
XM_048213220.1	5705	5525.9	0	0
XM_048213221.1	4066	3886.9	0	0
XM_048213222.1	3802	3622.9	0	0
XM_048213223.1	5918	5738.9	0	0
XM_048213224.1	5730	5550.9	0	0
XM_048213225.1	5893	5713.9	0	0
XM_048213226.1	3638	3458.9	0	0
XM_048213227.1	3653	3473.9	0	0
XM_048213228.1	3570	3390.9	11.1294	1.40919
XM_048213229.1	3428	3248.9	0	0
XM_048213230.1	3574	3394.9	46.7835	5.91669
XM_048213231.1	8627	8447.9	0	0
XM_048213232.1	8612	8432.9	1.59806	0.0813635
XM_048213233.1	8691	8511.9	0	0
XM_048213234.1	8706	8526.9	0	0
XM_048213235.1	3334	3154.9	11.8896	1.61806
XM_048213236.1	3349	3169.9	0.599468	0.0811958
XM_048213237.1	3413	3233.9	0	0
XM_048213238.1	392	214.567	0	0
XM_048213239.1	1083	903.905	0	0
XM_048213240.1	12641	12461.9	2.45392	0.0845454
XM_048213241.1	6601	6421.9	4.99999	0.334286
XM_048213242.1	6619	6439.9	0	0
XM_048213243.1	6643	6463.9	0	0
XM_048213244.1	479	300.247	0.25	0.357499
XM_048213245.1	3952	3772.9	3.67453	0.418157
XM_048213246.1	2778	2598.9	0	0
XM_048213247.1	1716	1536.9	4.77318	1.33344
XM_048213248.1	4405	4225.9	4.79308	0.486977
XM_048213249.1	2296	2116.9	0	0
XM_048213250.1	4100	3920.9	0	0
XM_048213251.1	4060	3880.9	0	0
XM_048213252.1	9130	8950.9	162.473	7.79343
XM_048213253.1	1187	1007.9	0	0
XM_048213254.1	1073	893.905	0	0
XM_048213255.1	2936	2756.9	0	0
XM_048213256.1	2841	2661.9	1.15864	0.186883
XM_048213257.1	1170	990.905	0	0
XM_048213258.1	1072	892.905	0	0
XM_048213259.1	869	689.98	0	0
XM_048213260.1	1377	1197.9	0	0
XM_048213261.1	869	689.98	0	0
XM_048213262.1	1377	1197.9	0	0
XM_048213263.1	1040	860.905	0	0
XM_048213264.1	3133	2953.9	0	0
XM_048213265.1	3103	2923.9	0	0
XM_048213266.1	3396	3216.9	3.21321	0.428859
XM_048213267.1	685	505.98	0	0
XM_048213268.1	883	703.98	1.00706e-06	6.14196e-07
XM_048213269.1	883	703.98	1.00706e-06	6.14196e-07
XM_048213270.1	883	703.98	1.00706e-06	6.14196e-07
XM_048213271.1	883	703.98	1.00706e-06	6.14196e-07
XM_048213272.1	876	696.98	0.464257	0.28599
XM_048213273.1	877	697.98	0.07148	0.0439698
XM_048213274.1	843	663.98	0	0
XM_048213275.1	749	569.98	0	0
XM_048213276.1	883	703.98	0	0
XM_048213277.1	883	703.98	0	0
XM_048213278.1	2567	2387.9	0	0
XM_048213279.1	6651	6471.9	40.2524	2.67038
XM_048213280.1	2927	2747.9	0	0
XM_048213281.1	2773	2593.9	0	0
XM_048213282.1	906	726.98	13.2338	7.81582
XM_048213283.1	924	744.98	0.0306297	0.0176527
XM_048213284.1	12873	12693.9	0	0
XM_048213285.1	12800	12620.9	0	0
XM_048213286.1	12871	12691.9	20.2294	0.684338
XM_048213287.1	12770	12590.9	0	0
XM_048213288.1	12631	12451.9	0	0
XM_048213289.1	12832	12652.9	3.11221	0.105607
XM_048213290.1	12734	12554.9	0	0
XM_048213291.1	12802	12622.9	497.625	16.9261
XM_048213292.1	12734	12554.9	0	0
XM_048213293.1	12701	12521.9	0	0
XM_048213294.1	12766	12586.9	6.49544e-05	2.21566e-06
XM_048213295.1	12763	12583.9	78.1667	2.66698
XM_048213296.1	12553	12373.9	0	0
XM_048213297.1	12697	12517.9	0.00158918	5.45073e-05
XM_048213298.1	12521	12341.9	0	0
XM_048213299.1	11496	11316.9	0	0
XM_048213300.1	1167	987.905	0	0
XM_048213301.1	3482	3302.9	10.1282	1.31659
XM_048213302.1	6576	6396.9	0	0
XM_048213303.1	5244	5064.9	0	0
XM_048213304.1	5166	4986.9	0	0
XM_048213305.1	4924	4744.9	0	0
XM_048213306.1	4839	4659.9	0	0
XM_048213307.1	3695	3515.9	6.25504	0.763847
XM_048213308.1	3217	3037.9	0	0
XM_048213309.1	2032	1852.9	0	0
XM_048213310.1	479	300.247	0.25	0.357499
XM_048213311.1	2354	2174.9	10.2268	2.0189
XM_048213312.1	479	300.247	0.25	0.357499
XM_048213313.1	8948	8768.9	53.1368	2.60174
XM_048213314.1	8849	8669.9	0.000310004	1.53521e-05
XM_048213315.1	8689	8509.9	0	0
XM_048213316.1	8642	8462.9	0	0
XM_048213317.1	8696	8516.9	0	0
XM_048213318.1	8536	8356.9	0	0
XM_048213319.1	8788	8608.9	0	0
XM_048213320.1	8809	8629.9	0	0
XM_048213321.1	8687	8507.9	1.85151e-05	9.34368e-07
XM_048213322.1	8145	7965.9	0	0
XM_048213323.1	5889	5709.9	30.3996	2.28587
XM_048213324.1	2578	2398.9	3.4633	0.619856
XM_048213325.1	2006	1826.9	1.78617	0.41978
XM_048213326.1	1225	1045.9	3.99557	1.64021
XM_048213327.1	950	770.905	0	0
XM_048213328.1	538	359.056	0	0
XM_048213329.1	11537	11357.9	0	0
XM_048213330.1	11137	10957.9	17.0627	0.66855
XM_048213331.1	11535	11355.9	0	0
XM_048213332.1	11140	10960.9	11.9373	0.467598
XM_048213333.1	10675	10495.9	0	0
XM_048213334.1	8328	8148.9	0	0
XM_048213335.1	3562	3382.9	0	0
XM_048213336.1	5871	5691.9	0.83939	0.0633169
XM_048213337.1	5872	5692.9	0.667422	0.0503362
XM_048213338.1	5865	5685.9	3.32438	0.251029
XM_048213339.1	816	636.98	1	0.674043
XM_048213340.1	2440	2260.9	0	0
XM_048213341.1	4027	3847.9	16.9968	1.89651
XM_048213342.1	1874	1694.9	0	0
XM_048213343.1	1899	1719.9	16.9202	4.22391
XM_048213344.1	1093	913.905	10.9955	5.16568
XM_048213345.1	1133	953.905	0	0
XM_048213346.1	1243	1063.9	24.6898	9.96389
XM_048213347.1	1272	1092.9	22.9112	9.00074
XM_048213348.1	1262	1082.9	89.8867	35.6384
XM_048213349.1	1665	1485.9	0.000503551	0.000145501
XM_048213350.1	6169	5989.9	4.80362e-07	3.4432e-08
XM_048213351.1	6084	5904.9	0	0
XM_048213352.1	6331	6151.9	24.8046	1.73116
XM_048213353.1	6625	6445.9	40.6939	2.71056
XM_048213354.1	6200	6020.9	0	0
XM_048213355.1	5968	5788.9	0	0
XM_048213356.1	6050	5870.9	31.3977	2.29618
XM_048213357.1	5833	5653.9	68.6513	5.21331
XM_048213358.1	7050	6870.9	0	0
XM_048213359.1	6262	6082.9	5.48717	0.387303
XM_048213360.1	5399	5219.9	42.5128	3.4968
XM_048213361.1	2609	2429.9	13.3039	2.35073
XM_048213362.1	2202	2022.9	0	0
XM_048213363.1	2163	1983.9	0	0
XM_048213364.1	4104	3924.9	1.89637	0.207447
XM_048213365.1	3738	3558.9	0	0
XM_048213366.1	3618	3438.9	0	0
XM_048213367.1	2932	2752.9	0	0
XM_048213368.1	2204	2024.9	0	0
XM_048213369.1	5255	5075.9	0.194953	0.0164904
XM_048213370.1	5245	5065.9	2.55617	0.216644
XM_048213371.1	5050	4870.9	0	0
XM_048213372.1	5050	4870.9	0	0
XM_048213373.1	5047	4867.9	0	0
XM_048213374.1	3974	3794.9	0.0922544	0.0104376
XM_048213375.1	10309	10129.9	0	0
XM_048213376.1	3164	2984.9	0	0
XM_048213377.1	4104	3924.9	1.89637	0.207447
XM_048213378.1	670	490.98	0	0
XM_048213379.1	6364	6184.9	149.405	10.3716
XM_048213380.1	6354	6174.9	0	0
XM_048213381.1	6304	6124.9	0	0
XM_048213382.1	1383	1203.9	0	0
XM_048213383.1	4497	4317.9	0	0
XM_048213384.1	4484	4304.9	0	0
XM_048213385.1	4445	4265.9	0	0
XM_048213386.1	4415	4235.9	6.37101	0.645767
XM_048213387.1	4419	4239.9	0	0
XM_048213388.1	2073	1893.9	0	0
XM_048213389.1	4295	4115.9	3.84277	0.40086
XM_048213390.1	4286	4106.9	0	0
XM_048213391.1	4223	4043.9	4.04764	0.429748
XM_048213392.1	1881	1701.9	0	0
XM_048213393.1	4094	3914.9	0	0
XM_048213394.1	22884	22704.9	23.6912	0.448003
XM_048213395.1	1873	1693.9	0	0
XM_048213396.1	7398	7218.9	0.00115347	6.86037e-05
XM_048213397.1	7545	7365.9	55.0749	3.21027
XM_048213398.1	7602	7422.9	38.9182	2.25109
XM_048213399.1	2604	2424.9	0	0
XM_048213400.1	2079	1899.9	51.4892	11.6358
XM_048213401.1	6185	6005.9	1.99585	0.14268
XM_048213402.1	9679	9499.9	5.77565	0.261033
XM_048213403.1	4088	3908.9	19.4827	2.13997
XM_048213404.1	8043	7863.9	10.8522	0.592505
XM_048213405.1	2821	2641.9	56.2817	9.14668
XM_048213406.1	10383	10203.9	20.9559	0.881768
XM_048213407.1	1727	1547.9	19.699	5.46403
XM_048213408.1	9175	8995.9	19.7706	0.9436
XM_048213409.1	1113	933.905	0	0
XM_048213410.1	10306	10126.9	29.2735	1.24111
XM_048213411.1	13300	13120.9	17.1111	0.559921
XM_048213412.1	9719	9539.9	0	0
XM_048213413.1	11056	10876.9	0	0
XM_048213414.1	10981	10801.9	0	0
XM_048213415.1	927	747.98	0	0
XM_048213416.1	927	747.98	1	0.574015
XM_048213417.1	3882	3702.9	0	0
XM_048213418.1	5304	5124.9	0	0
XM_048213419.1	3768	3588.9	64.1741	7.67735
XM_048213420.1	2409	2229.9	0	0
XM_048213421.1	2342	2162.9	3.29789e-07	6.54656e-08
XM_048213422.1	3659	3479.9	125.08	15.4324
XM_048213423.1	2401	2221.9	0	0
XM_048213424.1	2449	2269.9	0	0
XM_048213425.1	2314	2134.9	8	1.60888
XM_048213426.1	6349	6169.9	76	5.2887
XM_048213427.1	6581	6401.9	0	0
XM_048213428.1	5674	5494.9	7.88115	0.615804
XM_048213429.1	5620	5440.9	0	0
XM_048213430.1	5767	5587.9	16.3046	1.25278
XM_048213431.1	12916	12736.9	0	0
XM_048213432.1	12361	12181.9	682.394	24.051
XM_048213433.1	11078	10898.9	0	0
XM_048213434.1	10908	10728.9	0	0
XM_048213435.1	10965	10785.9	0	0
XM_048213436.1	10773	10593.9	0	0
XM_048213437.1	10422	10242.9	1.50274	0.0629904
XM_048213438.1	2032	1852.9	0.000485005	0.000112385
XM_048213439.1	3977	3797.9	36.9803	4.18061
XM_048213440.1	3999	3819.9	0.019698	0.00221403
XM_048213441.1	8571	8391.9	0	0
XM_048213442.1	8547	8367.9	0	0
XM_048213443.1	14218	14038.9	2	0.061166
XM_048213444.1	6417	6237.9	1.12747e-07	7.7603e-09
XM_048213445.1	6325	6145.9	29.7274	2.07675
XM_048213446.1	6462	6282.9	18.2779	1.24905
XM_048213447.1	6065	5885.9	0	0
XM_048213448.1	1204	1024.9	0	0
XM_048213449.1	4890	4710.9	0	0
XM_048213450.1	4715	4535.9	0	0
XM_048213451.1	4633	4453.9	0	0
XM_048213452.1	2221	2041.9	13.3342	2.80379
XM_048213453.1	7775	7595.9	3.93569e-06	2.22462e-07
XM_048213454.1	7722	7542.9	12.6467	0.719869
XM_048213455.1	3602	3422.9	0	0
XM_048213456.1	1227	1047.9	0	0
XM_048213457.1	7277	7097.9	0	0
XM_048213458.1	4533	4353.9	3.56637	0.351691
XM_048213459.1	2049	1869.9	1642	377.022
XM_048213460.1	7944	7764.9	0	0
XM_048213461.1	7697	7517.9	126.185	7.20652
XM_048213462.1	7007	6827.9	54	3.39563
XM_048213463.1	2813	2633.9	6	0.978058
XM_048213464.1	1967	1787.9	0	0
XM_048213465.1	1117	937.905	0	0
XM_048213466.1	1152	972.905	0	0
XM_048213467.1	1994	1814.9	0	0
XM_048213468.1	1947	1767.9	0	0
XM_048213469.1	3986	3806.9	0	0
XM_048213470.1	12300	12120.9	0	0
XM_048213471.1	4438	4258.9	0	0
XM_048213472.1	4624	4444.9	19.6064	1.89386
XM_048213473.1	3453	3273.9	0	0
XM_048213474.1	3454	3274.9	0	0
XM_048213475.1	3385	3205.9	0	0
XM_048213476.1	3223	3043.9	0	0
XM_048213477.1	3220	3040.9	0	0
XM_048213478.1	3179	2999.9	0	0
XM_048213479.1	3538	3358.9	191.476	24.4754
XM_048213480.1	3409	3229.9	250.378	33.2827
XM_048213481.1	3161	2981.9	16.2172	2.33505
XM_048213482.1	3076	2896.9	25.593	3.79315
XM_048213483.1	8600	8420.9	526.514	26.8451
XM_048213484.1	3074	2894.9	0	0
XM_048213485.1	3022	2842.9	376.672	56.8872
XM_048213486.1	4951	4771.9	9.25198	0.832446
XM_048213487.1	4993	4813.9	9.9945e-05	8.91409e-06
XM_048213488.1	8649	8469.9	0	0
XM_048213489.1	7552	7372.9	20.699	1.20538
XM_048213490.1	3333	3153.9	1.9441e-06	2.64657e-07
XM_048213491.1	3168	2988.9	16.2462	2.33375
XM_048213492.1	3195	3015.9	1.91442e-08	2.72542e-09
XM_048213493.1	3762	3582.9	5.19226	0.622207
XM_048213494.1	3161	2981.9	128.663	18.5256
XM_048213495.1	1753	1573.9	0	0
XM_048213496.1	2602	2422.9	1.71954	0.304712
XM_048213497.1	1428	1248.9	0	0
XM_048213498.1	4744	4564.9	2.30487	0.216784
XM_048213499.1	8387	8207.9	200.408	10.4833
XM_048213500.1	2252	2072.9	47.8985	9.92102
XM_048213501.1	6007	5827.9	13	0.957733
XM_048213502.1	1482	1302.9	0	0
XM_048213503.1	2388	2208.9	85.5417	16.627
XM_048213504.1	973	793.905	5.56934	3.01196
XM_048213505.1	835	655.98	0	0
XM_048213506.1	2818	2638.9	0	0
XM_048213507.1	9583	9403.9	0.00192276	8.77869e-05
XM_048213508.1	1171	991.905	1	0.432856
XM_048213509.1	2317	2137.9	1	0.200828
XM_048213510.1	7035	6855.9	18.8615	1.1812
XM_048213511.1	5067	4887.9	0	0
XM_048213512.1	4376	4196.9	0.00208956	0.000213767
XM_048213513.1	4348	4168.9	12.9979	1.33864
XM_048213514.1	6843	6663.9	0	0
XM_048213515.1	16385	16205.9	1	0.0264935
XM_048213516.1	7094	6914.9	0	0
XM_048213517.1	1932	1752.9	0	0
XM_048213518.1	621	441.98	0	0
XM_048213519.1	8922	8742.9	0	0
XM_048213520.1	6603	6423.9	0.0433254	0.00289572
XM_048213521.1	6594	6414.9	0.26998	0.0180699
XM_048213522.1	6585	6405.9	1.68669	0.11305
XM_048213523.1	717	537.98	0	0
XM_048213524.1	7763	7583.9	1.60957e-06	9.11235e-08
XM_048213525.1	1959	1779.9	2.50263e-08	6.0369e-09
XM_048213526.1	1975	1795.9	0	0
XM_048213527.1	7341	7161.9	0	0
XM_048213528.1	8569	8389.9	3.46799e-07	1.77474e-08
XM_048213529.1	5828	5648.9	59.5703	4.52771
XM_048213530.1	5670	5490.9	0	0
XM_048213531.1	1155	975.905	71.7911	31.5847
XM_048213532.1	1077	897.905	0	0
XM_048213533.1	1002	822.905	0.5	0.260876
XM_048213534.1	1038	858.905	0	0
XM_048213535.1	7061	6881.9	0	0
XM_048213536.1	1016	836.905	0	0
XM_048213537.1	897	717.98	0	0
XM_048213538.1	1083	903.905	0	0
XM_048213539.1	7584	7404.9	0	0
XM_048213540.1	3964	3784.9	0	0
XM_048213541.1	3642	3462.9	0	0
XM_048213542.1	3748	3568.9	0	0
XM_048213543.1	3701	3521.9	0	0
XM_048213544.1	7061	6881.9	9.10729	0.568191
XM_048213545.1	3589	3409.9	0	0
XM_048213546.1	3390	3210.9	6	0.802301
XM_048213547.1	3351	3171.9	0	0
XM_048213548.1	3240	3060.9	0	0
XM_048213549.1	8206	8026.9	0	0
XM_048213550.1	278	112.434	2.46711	9.42113
XM_048213551.1	323	150.128	0	0
XM_048213552.1	4188	4008.9	20.0046	2.14248
XM_048213553.1	6893	6713.9	1.18448e-08	7.57468e-10
XM_048213554.1	4178	3998.9	6.75768	0.725555
XM_048213555.1	4157	3977.9	0	0
XM_048213556.1	4055	3875.9	0.000651198	7.21363e-05
XM_048213557.1	4786	4606.9	0	0
XM_048213558.1	4733	4553.9	0	0
XM_048213559.1	4714	4534.9	0	0
XM_048213560.1	4676	4496.9	0	0
XM_048213561.1	4661	4481.9	0	0
XM_048213562.1	4839	4659.9	0	0
XM_048213563.1	7590	7410.9	0	0
XM_048213564.1	4410	4230.9	0	0
XM_048213565.1	4439	4259.9	1.1376e-07	1.14658e-08
XM_048213566.1	4356	4176.9	0	0
XM_048213567.1	2056	1876.9	0	0
XM_048213568.1	6864	6684.9	0	0
XM_048213569.1	4449	4269.9	15.2847	1.53693
XM_048213570.1	4281	4101.9	0	0
XM_048213571.1	5054	4874.9	0	0
XM_048213572.1	3421	3241.9	0	0
XM_048213573.1	7058	6878.9	0	0
XM_048213574.1	12640	12460.9	34.9799	1.20526
XM_048213575.1	3836	3656.9	0	0
XM_048213576.1	8893	8713.9	0	0
XM_048213577.1	7007	6827.9	14.4866	0.910946
XM_048213578.1	1351	1171.9	0	0
XM_048213579.1	9824	9644.9	1.56807e-05	6.98042e-07
XM_048213580.1	3402	3222.9	0	0
XM_048213581.1	4497	4317.9	29	2.88362
XM_048213582.1	4359	4179.9	0	0
XM_048213583.1	4390	4210.9	0	0
XM_048213584.1	5287	5107.9	3.61258	0.30366
XM_048213585.1	2288	2108.9	1	0.20359
XM_048213586.1	2508	2328.9	0	0
XM_048213587.1	2636	2456.9	0	0
XM_048213588.1	2522	2342.9	0	0
XM_048213589.1	4184	4004.9	0	0
XM_048213590.1	4133	3953.9	0	0
XM_048213591.1	4094	3914.9	0	0
XM_048213592.1	2507	2327.9	2.18525	0.403041
XM_048213593.1	961	781.905	0	0
XM_048213594.1	7900	7720.9	0	0
XM_048213595.1	7849	7669.9	0	0
XM_048213596.1	2993	2813.9	5.48106e-06	8.36312e-07
XM_048213597.1	2958	2778.9	67.9977	10.5059
XM_048213598.1	3114	2934.9	0	0
XM_048213599.1	2980	2800.9	0.00230828	0.000353837
XM_048213600.1	4037	3857.9	19.5553	2.17634
XM_048213601.1	4027	3847.9	0	0
XM_048213602.1	4086	3906.9	0	0
XM_048213603.1	4075	3895.9	6.44471	0.710245
XM_048213604.1	2086	1906.9	0	0
XM_048213605.1	6899	6719.9	0	0
XM_048213606.1	6581	6401.9	0	0
XM_048213607.1	2319	2139.9	0	0
XM_048213608.1	6575	6395.9	0	0
XM_048213609.1	4203	4023.9	0	0
XM_048213610.1	4935	4755.9	3.5896	0.32406
XM_048213611.1	3167	2987.9	1	0.143697
XM_048213612.1	4128	3948.9	0	0
XM_048213613.1	4132	3952.9	0	0
XM_048213614.1	2235	2055.9	0	0
XM_048213615.1	8564	8384.9	3.59708	0.18419
XM_048213616.1	8711	8531.9	0	0
XM_048213617.1	8320	8140.9	0	0
XM_048213618.1	7244	7064.9	0	0
XM_048213619.1	7776	7596.9	0	0
XM_048213620.1	7773	7593.9	0	0
XM_048213621.1	6486	6306.9	0	0
XM_048213622.1	6258	6078.9	0	0
XM_048213623.1	4191	4011.9	0	0
XM_048213624.1	4103	3923.9	0	0
XM_048213625.1	3824	3644.9	0	0
XM_048213626.1	3300	3120.9	0	0
XM_048213627.1	2088	1908.9	0	0
XM_048213628.1	3125	2945.9	0	0
XM_048213629.1	2048	1868.9	0	0
XM_048213630.1	12907	12727.9	0	0
XM_048213631.1	11964	11784.9	1	0.0364324
XM_048213632.1	6668	6488.9	138.109	9.1383
XM_048213633.1	6519	6339.9	67.0867	4.54326
XM_048213634.1	6441	6261.9	3.49164e-08	2.39407e-09
XM_048213635.1	2295	2115.9	1	0.202916
XM_048213636.1	2978	2798.9	1	0.1534
XM_048213637.1	2669	2489.9	0	0
XM_048213638.1	3965	3785.9	2.04503	0.231922
XM_048213639.1	430	251.782	1120	1909.88
XM_048213640.1	11874	11694.9	1.34207	0.0492709
XM_048213641.1	4334	4154.9	0	0
XM_048213642.1	2047	1867.9	0	0
XM_048213643.1	1463	1283.9	0	0
XM_048213644.1	1161	981.905	23.9108	10.4553
XM_048213645.1	2208	2028.9	5.73174	1.21294
XM_048213646.1	2191	2011.9	0	0
XM_048213647.1	1978	1798.9	0	0
XM_048213648.1	6381	6201.9	11.4227	0.790781
XM_048213649.1	960	780.905	0.5	0.274907
XM_048213650.1	2728	2548.9	2	0.336891
XM_048213651.1	9046	8866.9	16.1026	0.779717
XM_048213652.1	11934	11754.9	0	0
XM_048213653.1	10892	10712.9	0	0
XM_048213654.1	9069	8889.9	0	0
XM_048213655.1	8984	8804.9	0	0
XM_048213656.1	12084	11904.9	0	0
XM_048213657.1	5316	5136.9	20.9659	1.75237
XM_048213658.1	3019	2839.9	0	0
XM_048213659.1	7385	7205.9	0	0
XM_048213660.1	2669	2489.9	26.288	4.53302
XM_048213661.1	7383	7203.9	0	0
XM_048213662.1	7318	7138.9	0	0
XM_048213663.1	7201	7021.9	0	0
XM_048213664.1	7187	7007.9	0	0
XM_048213665.1	7184	7004.9	0	0
XM_048213666.1	7184	7004.9	0	0
XM_048213667.1	7186	7006.9	0	0
XM_048213668.1	7181	7001.9	0	0
XM_048213669.1	7088	6908.9	0	0
XM_048213670.1	7054	6874.9	0	0
XM_048213671.1	6956	6776.9	0	0
XM_048213672.1	6953	6773.9	0	0
XM_048213673.1	6953	6773.9	0	0
XM_048213674.1	2289	2109.9	0	0
XM_048213675.1	1237	1057.9	0	0
XM_048213676.1	2888	2708.9	0.0676061	0.0107153
XM_048213677.1	2715	2535.9	25.6415	4.34133
XM_048213678.1	2705	2525.9	7.72139	1.31248
XM_048213679.1	2702	2522.9	0	0
XM_048213680.1	1307	1127.9	3.00457	1.14373
XM_048213681.1	9787	9607.9	0	0
XM_048213682.1	9784	9604.9	0	0
XM_048213683.1	5598	5418.9	23.6918	1.87715
XM_048213684.1	1622	1442.9	0	0
XM_048213685.1	7979	7799.9	3.38629	0.186401
XM_048213686.1	7975	7795.9	6.61371	0.364244
XM_048213687.1	2554	2374.9	0	0
XM_048213688.1	2625	2445.9	6.26506	1.09976
XM_048213689.1	3601	3421.9	7.63571	0.958065
XM_048213690.1	4303	4123.9	7.1711	0.746605
XM_048213691.1	3517	3337.9	0	0
XM_048213692.1	3391	3211.9	0	0
XM_048213693.1	3254	3074.9	15.9404	2.22577
XM_048213694.1	1832	1652.9	0	0
XM_048213695.1	6132	5952.9	4	0.288499
XM_048213696.1	6333	6153.9	0	0
XM_048213697.1	2671	2491.9	0	0
XM_048213698.1	2668	2488.9	0	0
XM_048213699.1	2625	2445.9	17.7294	3.1122
XM_048213700.1	2484	2304.9	0	0
XM_048213701.1	2471	2291.9	0	0
XM_048213702.1	2444	2264.9	4.35978	0.826471
XM_048213703.1	7634	7454.9	0	0
XM_048213704.1	5906	5726.9	9	0.674739
XM_048213705.1	1824	1644.9	0	0
XM_048213706.1	3384	3204.9	0	0
XM_048213707.1	6990	6810.9	43.8527	2.76443
XM_048213708.1	3692	3512.9	0	0
XM_048213709.1	2738	2558.9	0	0
XM_048213710.1	3070	2890.9	0	0
XM_048213711.1	8605	8425.9	0	0
XM_048213712.1	8541	8361.9	0	0
XM_048213713.1	8594	8414.9	0	0
XM_048213714.1	930	750.98	7.13423	4.07879
XM_048213715.1	807	627.98	0.7076	0.483788
XM_048213716.1	2347	2167.9	0	0
XM_048213717.1	2421	2241.9	8.07196	1.54588
XM_048213718.1	2208	2028.9	0	0
XM_048213719.1	7999	7819.9	0	0
XM_048213720.1	2431	2251.9	0	0
XM_048213721.1	1350	1170.9	0.84529	0.309954
XM_048213722.1	3258	3078.9	0	0
XM_048213723.1	2350	2170.9	0	0
XM_048213724.1	2147	1967.9	15.4944	3.38053
XM_048213725.1	2497	2317.9	0	0
XM_048213726.1	2159	1979.9	0.005555	0.00120463
XM_048213727.1	3393	3213.9	0	0
XM_048213728.1	2594	2414.9	0	0
XM_048213729.1	2375	2195.9	0	0
XM_048213730.1	2365	2185.9	0	0
XM_048213731.1	2989	2809.9	43	6.57038
XM_048213732.1	2254	2074.9	0	0
XM_048213733.1	1447	1267.9	0	0
XM_048213734.1	1356	1176.9	0	0
XM_048213735.1	2169	1989.9	0	0
XM_048213736.1	4150	3970.9	0	0
XM_048213737.1	3620	3440.9	18.8504	2.35213
XM_048213738.1	3302	3122.9	20	2.7497
XM_048213739.1	2348	2168.9	1.9939	0.394707
XM_048213740.1	5578	5398.9	2	0.159051
XM_048213741.1	2096	1916.9	4.19223	0.938984
XM_048213742.1	3550	3370.9	3.36354	0.428414
XM_048213743.1	2009	1829.9	0	0
XM_048213744.1	3807	3627.9	0	0
XM_048213745.1	3668	3488.9	0.0228077	0.00280676
XM_048213746.1	3655	3475.9	2.97719	0.36775
XM_048213747.1	423	244.832	0	0
XM_048213748.1	569	389.98	1	1.10096
XM_048213749.1	2969	2789.9	0	0
XM_048213750.1	2255	2075.9	1	0.206826
XM_048213751.1	1685	1505.9	209.087	59.6134
XM_048213752.1	3167	2987.9	0	0
XM_048213753.1	5253	5073.9	0	0
XM_048213754.1	5428	5248.9	0	0
XM_048213755.1	5229	5049.9	9.63592	0.819263
XM_048213756.1	1727	1547.9	110.466	30.6408
XM_048213757.1	1614	1434.9	0	0
XM_048213758.1	1617	1437.9	91.7132	27.3852
XM_048213759.1	3531	3351.9	35.8349	4.59016
XM_048213760.1	6836	6656.9	0	0
XM_048213761.1	6834	6654.9	0	0
XM_048213762.1	6571	6391.9	0	0
XM_048213763.1	1353	1173.9	20.9346	7.65678
XM_048213764.1	4146	3966.9	0	0
XM_048213765.1	4189	4009.9	6.00291	0.642748
XM_048213766.1	7462	7282.9	52.7442	3.10945
XM_048213767.1	7384	7204.9	0	0
XM_048213768.1	7400	7220.9	5.51703e-06	3.2804e-07
XM_048213769.1	7378	7198.9	60.0331	3.58045
XM_048213770.1	7344	7164.9	1.26034	0.0755251
XM_048213771.1	7278	7098.9	0.0501592	0.0030337
XM_048213772.1	7461	7281.9	0	0
XM_048213773.1	1594	1414.9	2.96705	0.900349
XM_048213774.1	1622	1442.9	0	0
XM_048213775.1	6101	5921.9	50.3624	3.65139
XM_048213776.1	5562	5382.9	42.3644	3.37907
XM_048213777.1	5473	5293.9	0.0885925	0.00718512
XM_048213778.1	5460	5280.9	0.117459	0.0095497
XM_048213779.1	5557	5377.9	8.42957	0.672986
XM_048213780.1	4871	4691.9	0	0
XM_048213781.1	4865	4685.9	0	0
XM_048213782.1	1148	968.905	0	0
XM_048213783.1	2211	2031.9	1	0.211305
XM_048213784.1	9696	9516.9	1	0.0451147
XM_048213785.1	1737	1557.9	3.69558	1.01848
XM_048213786.1	354	178.271	0.5	1.20421
XM_048213787.1	1464	1284.9	0	0
XM_048213788.1	1388	1208.9	83.3044	29.5862
XM_048213789.1	3573	3393.9	0	0
XM_048213790.1	1533	1353.9	0	0
XM_048213791.1	424	245.832	0	0
XM_048213792.1	837	657.98	0	0
XM_048213793.1	627	447.98	0	0
XM_048213794.1	1572	1392.9	0	0
XM_048213795.1	1542	1362.9	0	0
XM_048213796.1	1287	1107.9	0	0
XM_048213797.1	1116	936.905	0	0
XM_048213798.1	3480	3300.9	0	0
XM_048213799.1	504	325.091	0	0
XM_048213800.1	2166	1986.9	11	2.377
XM_048213801.1	2475	2295.9	0	0
XM_048213802.1	2475	2295.9	0	0
XM_048213803.1	456	277.419	0	0
XM_048213804.1	1284	1104.9	0	0
XM_048213805.1	762	582.98	0	0
XM_048213806.1	1938	1758.9	0	0
XM_048213807.1	1125	945.905	0	0
XM_048213808.1	834	654.98	0	0
XM_048213809.1	834	654.98	0	0
XM_048213810.1	1239	1059.9	0.5	0.202543
XM_048213811.1	876	696.98	0	0
XM_048213812.1	876	696.98	0	0
XM_048213813.1	849	669.98	0	0
XM_048213814.1	738	558.98	0	0
XM_048213815.1	2949	2769.9	0	0
XM_048213816.1	687	507.98	0	0
XM_048213817.1	879	699.98	0	0
XM_048213818.1	2118	1938.9	0	0
XM_048213819.1	1446	1266.9	0	0
XM_048213820.1	3156	2976.9	0	0
XM_048213821.1	3486	3306.9	0	0
XM_048213822.1	3031	2851.9	0	0
XM_048213823.1	2599	2419.9	3.99632	0.709047
XM_048213824.1	2677	2497.9	0	0
XM_048213825.1	2612	2432.9	0.00367401	0.000648379
XM_048213826.1	2185	2005.9	5	1.07022
XM_048213827.1	552	373.018	0	0
XM_048213828.1	440	261.551	0	0
XM_048213829.1	2999	2819.9	0	0
XM_048213830.1	5358	5178.9	10	0.82904
XM_048213831.1	6378	6198.9	0	0
XM_048213832.1	3776	3596.9	2.3092e-08	2.75643e-09
XM_048213833.1	789	609.98	0	0
XM_048213834.1	1274	1094.9	0	0
XM_048213835.1	5030	4850.9	0	0
XM_048213836.1	5027	4847.9	25.6594	2.27251
XM_048213837.1	4985	4805.9	0	0
XM_048213838.1	4982	4802.9	0	0
XM_048213839.1	5164	4984.9	0	0
XM_048213840.1	4946	4766.9	7.21416e-05	6.49775e-06
XM_048213841.1	4901	4721.9	0	0
XM_048213842.1	5172	4992.9	12.3722	1.06392
XM_048213843.1	6656	6476.9	0	0
XM_048213844.1	6482	6302.9	48.0063	3.27017
XM_048213845.1	3274	3094.9	0	0
XM_048213846.1	11223	11043.9	0	0
XM_048213847.1	11207	11027.9	0	0
XM_048213848.1	11140	10960.9	15.0336	0.588883
XM_048213849.1	11137	10957.9	0	0
XM_048213850.1	11112	10932.9	40.245	1.58048
XM_048213851.1	11109	10929.9	84.2974	3.3114
XM_048213852.1	11077	10897.9	13.5282	0.532981
XM_048213853.1	11073	10893.9	2.051	0.0808344
XM_048213854.1	11103	10923.9	0.0834235	0.00327887
XM_048213855.1	10963	10783.9	38.4492	1.53082
XM_048213856.1	10960	10780.9	81.2313	3.23505
XM_048213857.1	3183	3003.9	11	1.57224
XM_048213858.1	3273	3093.9	0	0
XM_048213859.1	3472	3292.9	0	0
XM_048213860.1	3021	2841.9	0	0
XM_048213861.1	2561	2381.9	0	0
XM_048213862.1	3343	3163.9	4.33297	0.587998
XM_048213863.1	3517	3337.9	0	0
XM_048213864.1	2409	2229.9	0	0
XM_048213865.1	3767	3587.9	0	0
XM_048213866.1	5236	5056.9	0	0
XM_048213867.1	5196	5016.9	0	0
XM_048213868.1	5059	4879.9	7.75227	0.682073
XM_048213869.1	5208	5028.9	0	0
XM_048213870.1	5071	4891.9	0.314379	0.0275924
XM_048213871.1	8769	8589.9	0	0
XM_048213872.1	11191	11011.9	0	0
XM_048213873.1	10875	10695.9	54.9324	2.20508
XM_048213874.1	384	206.757	0	0
XM_048213875.1	384	206.757	0	0
XM_048213876.1	1577	1397.9	28.5784	8.77756
XM_048213877.1	1249	1069.9	0	0
XM_048213878.1	1742	1562.9	2918.98	801.886
XM_048213879.1	4156	3976.9	593.869	64.1149
XM_048213880.1	2188	2008.9	0	0
XM_048213881.1	1814	1634.9	73.952	19.421
XM_048213882.1	6717	6537.9	0	0
XM_048213883.1	10642	10462.9	31.0139	1.27267
XM_048213884.1	381	203.84	90.645	190.927
XM_048213885.1	590	410.98	1	1.0447
XM_048213886.1	5315	5135.9	52	4.3471
XM_048213887.1	7588	7408.9	99.2633	5.75239
XM_048213888.1	12481	12301.9	0	0
XM_048213889.1	7372	7192.9	210.579	12.5697
XM_048213890.1	3255	3075.9	0	0
XM_048213891.1	7528	7348.9	147.023	8.58967
XM_048213892.1	1624	1444.9	6	1.78289
XM_048213893.1	7460	7280.9	0	0
XM_048213894.1	5815	5635.9	49	3.7329
XM_048213895.1	14133	13953.9	7	0.215385
XM_048213896.1	7523	7343.9	186.872	10.9252
XM_048213897.1	330	156.434	0	0
XM_048213898.1	603	423.98	0	0
XM_048213899.1	939	759.905	0	0
XM_048213900.1	5850	5670.9	0	0
XM_048213901.1	297	127.649	0	0
XM_048213902.1	2012	1832.9	0	0
XM_048213903.1	306	135.147	0	0
XM_048213904.1	767	587.98	0	0
XM_048213905.1	5155	4975.9	6	0.517717
XM_048213906.1	5977	5797.9	0	0
XM_048213907.1	4295	4115.9	0	0
XM_048213908.1	4283	4103.9	0	0
XM_048213909.1	4284	4104.9	0	0
XM_048213910.1	4178	3998.9	0	0
XM_048213911.1	4089	3909.9	11.5386	1.26707
XM_048213912.1	4096	3916.9	0	0
XM_048213913.1	4079	3899.9	0	0
XM_048213914.1	4078	3898.9	0	0
XM_048213915.1	10417	10237.9	1.46137	0.061286
XM_048213916.1	21070	20890.9	0	0
XM_048213917.1	20515	20335.9	29.1701	0.615869
XM_048213918.1	20639	20459.9	0	0
XM_048213919.1	20724	20544.9	25.9591	0.542499
XM_048213920.1	11751	11571.9	0	0
XM_048213921.1	9950	9770.9	0	0
XM_048213922.1	9911	9731.9	17.094	0.754151
XM_048213923.1	10057	9877.9	33.2352	1.4446
XM_048213924.1	9908	9728.9	0	0
XM_048213925.1	10013	9833.9	113.058	4.93616
XM_048213926.1	9985	9805.9	0	0
XM_048213927.1	9978	9798.9	20.3196	0.890331
XM_048213928.1	9812	9632.9	0	0
XM_048213929.1	3251	3071.9	0	0
XM_048213930.1	4357	4177.9	0	0
XM_048213931.1	3215	3035.9	12.5522	1.77519
XM_048213932.1	4248	4068.9	0	0
XM_048213933.1	3215	3035.9	31.1721	4.40851
XM_048213934.1	3212	3032.9	0	0
XM_048213935.1	3198	3018.9	108.458	15.4251
XM_048213936.1	3162	2982.9	5.81739	0.837341
XM_048213937.1	788	608.98	0.397101	0.27997
XM_048213938.1	3509	3329.9	3	0.386815
XM_048213939.1	596	416.98	0	0
XM_048213940.1	5857	5677.9	9.85511	0.745224
XM_048213941.1	5752	5572.9	0	0
XM_048213942.1	10038	9858.9	4.14489	0.180509
XM_048213943.1	6177	5997.9	0	0
XM_048213944.1	8122	7942.9	1.09822	0.0593641
XM_048213945.1	16281	16101.9	5.54465	0.147846
XM_048213946.1	4369	4189.9	0	0
XM_048213947.1	8185	8005.9	0	0
XM_048213948.1	4557	4377.9	8.16828	0.801083
XM_048213949.1	5019	4839.9	0	0
XM_048213950.1	5161	4981.9	0	0
XM_048213951.1	2428	2248.9	0	0
XM_048213952.1	4808	4628.9	0	0
XM_048213953.1	9885	9705.9	0	0
XM_048213954.1	4894	4714.9	0	0
XM_048213955.1	2117	1937.9	1.51005	0.334559
XM_048213956.1	4414	4234.9	2.63791	0.267442
XM_048213957.1	20017	19837.9	0	0
XM_048213958.1	20095	19915.9	0	0
XM_048213959.1	7879	7699.9	0	0
XM_048213960.1	3247	3067.9	0	0
XM_048213961.1	2752	2572.9	23.8282	3.97632
XM_048213962.1	2802	2622.9	3.03796e-07	4.97294e-08
XM_048213963.1	40722	40542.9	6.77814	0.071781
XM_048213964.1	3623	3443.9	0	0
XM_048213965.1	3693	3513.9	0	0
XM_048213966.1	3722	3542.9	0	0
XM_048213967.1	3786	3606.9	0	0
XM_048213968.1	3652	3472.9	14.4619	1.78791
XM_048213969.1	3665	3485.9	0	0
XM_048213970.1	3540	3360.9	0	0
XM_048213971.1	3655	3475.9	0	0
XM_048213972.1	3897	3717.9	3.34063	0.385783
XM_048213973.1	4984	4804.9	0	0
XM_048213974.1	7209	7029.9	7	0.427526
XM_048213975.1	341	166.443	0	0
XM_048213976.1	25498	25318.9	3.36819e-08	5.7117e-10
XM_048213977.1	4948	4768.9	0	0
XM_048213978.1	5292	5112.9	0	0
XM_048213979.1	1560	1380.9	0	0
XM_048213980.1	2482	2302.9	0	0
XM_048213981.1	2507	2327.9	0	0
XM_048213982.1	2433	2253.9	0	0
XM_048213983.1	2464	2284.9	0	0
XM_048213984.1	2423	2243.9	3.8179	0.730523
XM_048213985.1	4870	4690.9	17.642	1.61475
XM_048213986.1	2463	2283.9	0	0
XM_048213987.1	5652	5472.9	0	0
XM_048213988.1	2520	2340.9	3.41871	0.627036
XM_048213989.1	2562	2382.9	0	0
XM_048213990.1	2230	2050.9	0	0
XM_048213991.1	2180	2000.9	0	0
XM_048213992.1	4741	4561.9	0	0
XM_048213993.1	12866	12686.9	0	0
XM_048213994.1	13036	12856.9	0	0
XM_048213995.1	12865	12685.9	24.5733	0.83168
XM_048213996.1	13137	12957.9	0	0
XM_048213997.1	12495	12315.9	168.427	5.87162
XM_048213998.1	4690	4510.9	24.3477	2.31744
XM_048213999.1	3162	2982.9	4.57409e-08	6.58383e-09
XM_048214000.1	5885	5705.9	3	0.225741
XM_048214001.1	5022	4842.9	0	0
XM_048214002.1	1439	1259.9	77.2035	26.3095
XM_048214003.1	1329	1149.9	0	0
XM_048214004.1	4935	4755.9	0	0
XM_048214005.1	872	692.98	0	0
XM_048214006.1	2274	2094.9	1.37198	0.281187
XM_048214007.1	1608	1428.9	1.15439	0.346867
XM_048214008.1	7571	7391.9	0	0
XM_048214009.1	968	788.905	2.42916	1.32204
XM_048214010.1	6320	6140.9	70	4.89417
XM_048214011.1	16338	16158.9	0.482201	0.0128124
XM_048214012.1	9375	9195.9	0	0
XM_048214013.1	9144	8964.9	0	0
XM_048214014.1	16230	16050.9	0.000174227	4.66046e-06
XM_048214015.1	2484	2304.9	187.066	34.8462
XM_048214016.1	4128	3948.9	0	0
XM_048214017.1	4011	3831.9	5.80645	0.650593
XM_048214018.1	20472	20292.9	9.36182	0.198075
XM_048214019.1	1586	1406.9	0	0
XM_048214020.1	16172	15992.9	0.0196242	0.00052684
XM_048214021.1	4364	4184.9	0	0
XM_048214022.1	16199	16019.9	0.00217159	5.8201e-05
XM_048214023.1	11316	11136.9	0	0
XM_048214024.1	8129	7949.9	0	0
XM_048214025.1	8126	7946.9	0	0
XM_048214026.1	8241	8061.9	0	0
XM_048214027.1	12715	12535.9	0	0
XM_048214028.1	7997	7817.9	0	0
XM_048214029.1	7967	7787.9	15.6822	0.864567
XM_048214030.1	2325	2145.9	6.07133	1.21475
XM_048214031.1	8080	7900.9	2.99224e-07	1.62604e-08
XM_048214032.1	3637	3457.9	0	0
XM_048214033.1	3452	3272.9	0	0
XM_048214034.1	12720	12540.9	0	0
XM_048214035.1	3456	3276.9	0	0
XM_048214036.1	3450	3270.9	0	0
XM_048214037.1	3454	3274.9	0	0
XM_048214038.1	7407	7227.9	0	0
XM_048214039.1	7401	7221.9	0	0
XM_048214040.1	14385	14205.9	6.87041	0.207648
XM_048214041.1	7402	7222.9	0	0
XM_048214042.1	7374	7194.9	0	0
XM_048214043.1	7305	7125.9	0	0
XM_048214044.1	7303	7123.9	0	0
XM_048214045.1	7299	7119.9	0	0
XM_048214046.1	7299	7119.9	0	0
XM_048214047.1	7284	7104.9	0.0111808	0.000675659
XM_048214048.1	7272	7092.9	0	0
XM_048214049.1	7269	7089.9	0	0
XM_048214050.1	7219	7039.9	0	0
XM_048214051.1	7213	7033.9	0	0
XM_048214052.1	7213	7033.9	0	0
XM_048214053.1	7120	6940.9	0	0
XM_048214054.1	7194	7014.9	0	0
XM_048214055.1	7188	7008.9	80.8683	4.95383
XM_048214056.1	7161	6981.9	0	0
XM_048214057.1	7113	6933.9	0	0
XM_048214058.1	7110	6930.9	0	0
XM_048214059.1	7111	6931.9	0	0
XM_048214060.1	7011	6831.9	0	0
XM_048214061.1	7005	6825.9	0	0
XM_048214062.1	6978	6798.9	0	0
XM_048214063.1	6975	6795.9	0	0
XM_048214064.1	6925	6745.9	0	0
XM_048214065.1	6919	6739.9	0	0
XM_048214066.1	6901	6721.9	0	0
XM_048214067.1	6898	6718.9	20.9094	1.33616
XM_048214068.1	6822	6642.9	0	0
XM_048214069.1	6623	6443.9	0	0
XM_048214070.1	6610	6430.9	0	0
XM_048214071.1	6511	6331.9	0	0
XM_048214072.1	2342	2162.9	0	0
XM_048214073.1	2848	2668.9	0	0
XM_048214074.1	8263	8083.9	31.4102	1.66826
XM_048214075.1	2290	2110.9	15.5145	3.1556
XM_048214076.1	3869	3689.9	0	0
XM_048214077.1	3765	3585.9	0	0
XM_048214078.1	3828	3648.9	24.6989	2.90622
XM_048214079.1	3881	3701.9	4.04127	0.468712
XM_048214080.1	3820	3640.9	26.6105	3.13803
XM_048214081.1	3888	3708.9	0.343434	0.0397568
XM_048214082.1	3878	3698.9	11.6412	1.35126
XM_048214083.1	3817	3637.9	27.4078	3.23472
XM_048214084.1	3885	3705.9	0.987316	0.114387
XM_048214085.1	3773	3593.9	21.9143	2.61803
XM_048214086.1	1871	1691.9	66.3779	16.8446
XM_048214087.1	3272	3092.9	0	0
XM_048214088.1	3285	3105.9	0	0
XM_048214089.1	3214	3034.9	0	0
XM_048214090.1	3157	2977.9	0	0
XM_048214091.1	3180	3000.9	0	0
XM_048214092.1	3063	2883.9	13	1.93542
XM_048214093.1	3030	2850.9	0	0
XM_048214094.1	4299	4119.9	0	0
XM_048214095.1	2969	2789.9	0	0
XM_048214096.1	4267	4087.9	0.00314463	0.00033028
XM_048214097.1	6751	6571.9	0	0
XM_048214098.1	6695	6515.9	0	0
XM_048214099.1	6763	6583.9	1.84446e-08	1.20282e-09
XM_048214100.1	6644	6464.9	0	0
XM_048214101.1	6754	6574.9	0.20691	0.0135115
XM_048214102.1	6724	6544.9	0	0
XM_048214103.1	6760	6580.9	161.437	10.5325
XM_048214104.1	6657	6477.9	83.52	5.53566
XM_048214105.1	6713	6533.9	2.72051e-08	1.78768e-09
XM_048214106.1	6736	6556.9	0	0
XM_048214107.1	6733	6553.9	0.141901	0.00929603
XM_048214108.1	6670	6490.9	38.4041	2.5403
XM_048214109.1	6667	6487.9	121.741	8.05646
XM_048214110.1	6643	6463.9	4.68258e-07	3.11031e-08
XM_048214111.1	6677	6497.9	0	0
XM_048214112.1	6661	6481.9	0	0
XM_048214113.1	6673	6493.9	0	0
XM_048214114.1	6702	6522.9	0	0
XM_048214115.1	6597	6417.9	4.86753e-05	3.25633e-06
XM_048214116.1	6646	6466.9	0	0
XM_048214117.1	2880	2700.9	0	0
XM_048214118.1	6629	6449.9	0	0
XM_048214119.1	6601	6421.9	0	0
XM_048214120.1	6537	6357.9	5.70317e-07	3.85137e-08
XM_048214121.1	6628	6448.9	0.454881	0.0302848
XM_048214122.1	6598	6418.9	4.60407e-07	3.0796e-08
XM_048214123.1	6634	6454.9	0.0277358	0.00184486
XM_048214124.1	6551	6371.9	321.785	21.6825
XM_048214125.1	6515	6335.9	87.3663	5.92037
XM_048214126.1	6614	6434.9	0	0
XM_048214127.1	6613	6433.9	0.0924113	0.00616685
XM_048214128.1	2859	2679.9	0	0
XM_048214129.1	6500	6320.9	17.6016	1.1956
XM_048214130.1	6583	6403.9	8.84604e-08	5.93086e-09
XM_048214131.1	6556	6376.9	0	0
XM_048214132.1	6548	6368.9	41.5165	2.79878
XM_048214133.1	6545	6365.9	134.627	9.07998
XM_048214134.1	6574	6394.9	0.0723682	0.00485878
XM_048214135.1	6517	6337.9	8.2216e-05	5.5696e-06
XM_048214136.1	6535	6355.9	0	0
XM_048214137.1	6511	6331.9	0	0
XM_048214138.1	6530	6350.9	27.3483	1.84887
XM_048214139.1	6502	6322.9	1.5767e-05	1.07064e-06
XM_048214140.1	6540	6360.9	0.705533	0.0476225
XM_048214141.1	6520	6340.9	0	0
XM_048214142.1	6496	6316.9	0	0
XM_048214143.1	6640	6460.9	92.1856	6.12609
XM_048214144.1	775	595.98	0	0
XM_048214145.1	577	397.98	0	0
XM_048214146.1	629	449.98	0	0
XM_048214147.1	6420	6240.9	0	0
XM_048214148.1	2461	2281.9	0	0
XM_048214149.1	2177	1997.9	0	0
XM_048214150.1	12125	11945.9	4.05473e-07	1.45733e-08
XM_048214151.1	9330	9150.9	0.00858423	0.000402764
XM_048214152.1	9330	9150.9	5.47313e-05	2.56794e-06
XM_048214153.1	9108	8928.9	0	0
XM_048214154.1	8212	8032.9	0	0
XM_048214155.1	8122	7942.9	0	0
XM_048214156.1	8106	7926.9	1.07231e-07	5.80806e-09
XM_048214157.1	8197	8017.9	0	0
XM_048214158.1	8264	8084.9	0.00518234	0.00027521
XM_048214159.1	8069	7889.9	4.80756e-05	2.61617e-06
XM_048214160.1	4536	4356.9	50.544	4.98086
XM_048214161.1	5889	5709.9	0	0
XM_048214162.1	8586	8406.9	2.69842e-07	1.37812e-08
XM_048214163.1	5892	5712.9	0	0
XM_048214164.1	4750	4570.9	659.542	61.9517
XM_048214165.1	6397	6217.9	0	0
XM_048214166.1	5734	5554.9	1.04528	0.080792
XM_048214167.1	4287	4107.9	0	0
XM_048214168.1	3503	3323.9	0	0
XM_048214169.1	5211	5031.9	0	0
XM_048214170.1	5286	5106.9	0	0
XM_048214171.1	5289	5109.9	0	0
XM_048214172.1	1989	1809.9	78.6201	18.6505
XM_048214173.1	2043	1863.9	0	0
XM_048214174.1	1920	1740.9	7.37987	1.82007
XM_048214175.1	2981	2801.9	69.1828	10.6013
XM_048214176.1	2026	1846.9	0	0
XM_048214177.1	6131	5951.9	0	0
XM_048214178.1	3782	3602.9	47	5.60091
XM_048214179.1	36473	36293.9	12.1936	0.144249
XM_048214180.1	5880	5700.9	0	0
XM_048214181.1	5852	5672.9	0	0
XM_048214182.1	5839	5659.9	0	0
XM_048214183.1	5808	5628.9	0	0
XM_048214184.1	5805	5625.9	0	0
XM_048214185.1	5783	5603.9	0	0
XM_048214186.1	5749	5569.9	0	0
XM_048214187.1	5573	5393.9	0	0
XM_048214188.1	5516	5336.9	0	0
XM_048214189.1	26526	26346.9	0	0
XM_048214190.1	29212	29032.9	0	0
XM_048214191.1	6726	6546.9	0	0
XM_048214192.1	6897	6717.9	0	0
XM_048214193.1	6711	6531.9	9.88099	0.649492
XM_048214194.1	2368	2188.9	1	0.196149
XM_048214195.1	35220	35040.9	9.10965	0.111619
XM_048214196.1	8472	8292.9	75.3857	3.90298
XM_048214197.1	28973	28793.9	19.2136	0.286498
XM_048214198.1	26526	26346.9	19.1258	0.311676
XM_048214199.1	3359	3179.9	0	0
XM_048214200.1	3431	3251.9	12.2505	1.61745
XM_048214201.1	4264	4084.9	0	0
XM_048214202.1	3212	3032.9	1.54373e-08	2.18538e-09
XM_048214203.1	3795	3615.9	0	0
XM_048214204.1	3185	3005.9	3.72946e-05	5.32702e-06
XM_048214205.1	3422	3242.9	12.6453	1.67421
XM_048214206.1	4255	4075.9	0	0
XM_048214207.1	2648	2468.9	0	0
XM_048214208.1	2586	2406.9	0	0
XM_048214209.1	29091	28911.9	4.73042e-08	7.02484e-10
XM_048214210.1	2464	2284.9	0	0
XM_048214211.1	2386	2206.9	10.1041	1.96575
XM_048214212.1	2193	2013.9	0	0
XM_048214213.1	2169	1989.9	0	0
XM_048214214.1	2105	1925.9	0	0
XM_048214215.1	2053	1873.9	0	0
XM_048214216.1	6966	6786.9	0	0
XM_048214217.1	12952	12772.9	0	0
XM_048214218.1	28912	28732.9	0.000183017	2.73479e-06
XM_048214219.1	12947	12767.9	0	0
XM_048214220.1	29031	28851.9	0	0
XM_048214221.1	5856	5676.9	13.0019	0.983353
XM_048214222.1	5838	5658.9	0	0
XM_048214223.1	5873	5693.9	0	0
XM_048214224.1	5890	5710.9	0.00536709	0.000403504
XM_048214225.1	5547	5367.9	0	0
XM_048214226.1	10505	10325.9	0	0
XM_048214227.1	10414	10234.9	0	0
XM_048214228.1	10365	10185.9	3.53608e-07	1.49051e-08
XM_048214229.1	10223	10043.9	31.9993	1.36789
XM_048214230.1	13640	13460.9	18	0.574132
XM_048214231.1	13356	13176.9	0	0
XM_048214232.1	13466	13286.9	0	0
XM_048214233.1	13182	13002.9	0	0
XM_048214234.1	13107	12927.9	0	0
XM_048214235.1	12789	12609.9	0	0
XM_048214236.1	12657	12477.9	0	0
XM_048214237.1	12090	11910.9	0	0
XM_048214238.1	2750	2570.9	10.6186	1.77335
XM_048214239.1	1617	1437.9	5.77779	1.72522
XM_048214240.1	3315	3135.9	0	0
XM_048214241.1	1458	1278.9	0	0
XM_048214242.1	1834	1654.9	0	0
XM_048214243.1	9319	9139.9	5.0308	0.236325
XM_048214244.1	6302	6122.9	0	0
XM_048214245.1	1938	1758.9	6.90049	1.68442
XM_048214246.1	10961	10781.9	0	0
XM_048214247.1	10079	9899.9	2.03989	0.0884688
XM_048214248.1	1861	1681.9	9.98756	2.5496
XM_048214249.1	10774	10594.9	0	0
XM_048214250.1	11596	11416.9	7.35092e-06	2.76444e-07
XM_048214251.1	11566	11386.9	0.000227799	8.58934e-06
XM_048214252.1	11408	11228.9	2.72461	0.104179
XM_048214253.1	5534	5354.9	0	0
XM_048214254.1	6324	6144.9	0	0
XM_048214255.1	6903	6723.9	0	0
XM_048214256.1	6322	6142.9	0	0
XM_048214257.1	7277	7097.9	0	0
XM_048214258.1	7173	6993.9	1.30013e-06	7.98144e-08
XM_048214259.1	6219	6039.9	0	0
XM_048214260.1	7183	7003.9	58.1397	3.56407
XM_048214261.1	4189	4009.9	0	0
XM_048214262.1	7235	7055.9	91.3248	5.55711
XM_048214263.1	4895	4715.9	0	0
XM_048214264.1	4611	4431.9	0	0
XM_048214265.1	4903	4723.9	0	0
XM_048214266.1	5129	4949.9	0	0
XM_048214267.1	4394	4214.9	17.2515	1.75733
XM_048214268.1	4361	4181.9	0	0
XM_048214269.1	4290	4110.9	0	0
XM_048214270.1	4342	4162.9	0	0
XM_048214271.1	4300	4120.9	0	0
XM_048214272.1	4281	4101.9	0	0
XM_048214273.1	4343	4163.9	0	0
XM_048214274.1	4801	4621.9	0	0
XM_048214275.1	4786	4606.9	0	0
XM_048214276.1	11281	11101.9	7.23631	0.279855
XM_048214277.1	5683	5503.9	0	0
XM_048214278.1	5654	5474.9	0	0
XM_048214279.1	2254	2074.9	38.9265	8.05492
XM_048214280.1	2950	2770.9	34.5094	5.34724
XM_048214281.1	3704	3524.9	25.3728	3.09054
XM_048214282.1	3395	3215.9	0	0
XM_048214283.1	10538	10358.9	0	0
XM_048214284.1	2449	2269.9	0	0
XM_048214285.1	10859	10679.9	0	0
XM_048214286.1	10847	10667.9	0	0
XM_048214287.1	10303	10123.9	29.6867	1.259
XM_048214288.1	10930	10750.9	0	0
XM_048214289.1	6093	5913.9	6.08053	0.441449
XM_048214290.1	3183	3003.9	0	0
XM_048214291.1	3001	2821.9	0	0
XM_048214292.1	3176	2996.9	0	0
XM_048214293.1	3938	3758.9	0	0
XM_048214294.1	525	346.091	0	0
XM_048214295.1	525	346.091	0	0
XM_048214296.1	525	346.091	0	0
XM_048214297.1	4638	4458.9	18.3663	1.7685
XM_048214298.1	4939	4759.9	0	0
XM_048214299.1	2484	2304.9	0	0
XM_048214300.1	2547	2367.9	0	0
XM_048214301.1	2484	2304.9	0	0
XM_048214302.1	5907	5727.9	0	0
XM_048214303.1	5076	4896.9	0	0
XM_048214304.1	2635	2455.9	0	0
XM_048214305.1	4404	4224.9	0	0
XM_048214306.1	4055	3875.9	0	0
XM_048214307.1	2837	2657.9	0	0
XM_048214308.1	1658	1478.9	0	0
XM_048214309.1	2024	1844.9	0	0
XM_048214310.1	2185	2005.9	0	0
XM_048214311.1	2182	2002.9	0	0
XM_048214312.1	2799	2619.9	0	0
XM_048214313.1	2346	2166.9	0	0
XM_048214314.1	2794	2614.9	0	0
XM_048214315.1	2274	2094.9	0	0
XM_048214316.1	2738	2558.9	0	0
XM_048214317.1	2980	2800.9	0	0
XM_048214318.1	10539	10359.9	0	0
XM_048214319.1	10269	10089.9	0	0
XM_048214320.1	10266	10086.9	132.448	5.6377
XM_048214321.1	10340	10160.9	0.000251416	1.06237e-05
XM_048214322.1	10334	10154.9	152.793	6.46013
XM_048214323.1	10313	10133.9	0	0
XM_048214324.1	10288	10108.9	309.757	13.1562
XM_048214325.1	10249	10069.9	0.00102398	4.36595e-05
XM_048214326.1	8901	8721.9	0	0
XM_048214327.1	4254	4074.9	0	0
XM_048214328.1	6468	6288.9	4.33011	0.295623
XM_048214329.1	4205	4025.9	0	0
XM_048214330.1	2425	2245.9	2	0.382342
XM_048214331.1	4140	3960.9	2.02349	0.219341
XM_048214332.1	2492	2312.9	0	0
XM_048214333.1	6556	6376.9	0.268855	0.0181018
XM_048214334.1	6519	6339.9	6.81776	0.461713
XM_048214335.1	6365	6185.9	53.4557	3.71026
XM_048214336.1	3648	3468.9	33.9898	4.20697
XM_048214337.1	306	135.147	0	0
XM_048214338.1	5088	4908.9	29.2518	2.55848
XM_048214339.1	5050	4870.9	44.3507	3.90935
XM_048214340.1	2807	2627.9	0	0
XM_048214341.1	1424	1244.9	0	0
XM_048214342.1	7647	7467.9	7.13052	0.409954
XM_048214343.1	2437	2257.9	0	0
XM_048214344.1	5067	4887.9	7.46483	0.655708
XM_048214345.1	4390	4210.9	0	0
XM_048214346.1	841	661.98	0	0
XM_048214347.1	4115	3935.9	97.5585	10.6423
XM_048214348.1	6209	6029.9	5.06894e-08	3.60928e-09
XM_048214349.1	6929	6749.9	76.1261	4.84227
XM_048214350.1	3362	3182.9	0	0
XM_048214351.1	3533	3353.9	0	0
XM_048214352.1	4170	3990.9	1	0.107583
XM_048214353.1	939	759.905	0	0
XM_048214354.1	7966	7786.9	0.000320111	1.76502e-05
XM_048214355.1	1640	1460.9	0	0
XM_048214356.1	930	750.98	0	0
XM_048214357.1	930	750.98	0	0
XM_048214358.1	8820	8640.9	4	0.198753
XM_048214359.1	930	750.98	0	0
XM_048214360.1	930	750.98	0	0
XM_048214361.1	6217	6037.9	14318.8	1018.2
XM_048214362.1	930	750.98	0	0
XM_048214363.1	4351	4171.9	91.0393	9.36932
XM_048214364.1	4217	4037.9	13.3	1.41419
XM_048214365.1	4367	4187.9	0.0593929	0.00608907
XM_048214366.1	4207	4027.9	29.2554	3.11846
XM_048214367.1	4204	4024.9	0	0
XM_048214368.1	4155	3975.9	2.58865e-05	2.79545e-06
XM_048214369.1	13222	13042.9	17.3459	0.571001
XM_048214370.1	2598	2418.9	0	0
XM_048214371.1	2873	2693.9	12.8709	2.05136
XM_048214372.1	5822	5642.9	8.41737	0.640453
XM_048214373.1	5821	5641.9	10.6077	0.807253
XM_048214374.1	14853	14673.9	0	0
XM_048214375.1	4322	4142.9	16.2118	1.68012
XM_048214376.1	10692	10512.9	9.40207	0.383985
XM_048214377.1	6332	6152.9	110.33	7.69884
XM_048214378.1	6293	6113.9	0.000384885	2.70288e-05
XM_048214379.1	6273	6093.9	0.0276921	0.00195107
XM_048214380.1	9443	9263.9	13.004	0.602695
XM_048214381.1	9466	9286.9	4.87644e-07	2.25447e-08
XM_048214382.1	105467	105288	98.5163	0.401738
XM_048214383.1	104966	104787	3.0221e-05	1.23827e-07
XM_048214384.1	104924	104745	92699.6	379.978
XM_048214385.1	104525	104346	0.0098241	4.04232e-05
XM_048214386.1	103937	103758	41.8789	0.173296
XM_048214387.1	103769	103590	60.5932	0.251142
XM_048214388.1	103685	103506	1121.17	4.6507
XM_048214389.1	103619	103440	943.879	3.91779
XM_048214390.1	103523	103344	34.4005	0.14292
XM_048214391.1	103517	103338	1632.08	6.78103
XM_048214392.1	103451	103272	126.673	0.526641
XM_048214393.1	103451	103272	74.8346	0.311124
XM_048214394.1	103373	103194	1202.61	5.0036
XM_048214395.1	103289	103110	265.727	1.10649
XM_048214396.1	103283	103104	109.992	0.458036
XM_048214397.1	103205	103026	35.1018	0.146284
XM_048214398.1	103121	102942	85.5698	0.356896
XM_048214399.1	103121	102942	15.6037	0.0650801
XM_048214400.1	103046	102867	538.772	2.24876
XM_048214401.1	102959	102780	53.0813	0.221741
XM_048214402.1	102950	102771	982.215	4.10346
XM_048214403.1	102887	102708	1124.2	4.69952
XM_048214404.1	102878	102699	173.253	0.724318
XM_048214405.1	102878	102699	31.0095	0.129641
XM_048214406.1	6134	5954.9	111902	8068.19
XM_048214407.1	102848	102669	65643.7	274.516
XM_048214408.1	102794	102615	477.988	1.99996
XM_048214409.1	102791	102612	429.114	1.79551
XM_048214410.1	102719	102540	361.551	1.51387
XM_048214411.1	102719	102540	65.5942	0.274654
XM_048214412.1	102719	102540	613.144	2.56734
XM_048214413.1	102716	102537	107.459	0.449963
XM_048214414.1	102632	102453	296.93	1.24435
XM_048214415.1	102557	102378	224.414	0.941146
XM_048214416.1	102548	102369	873.034	3.66165
XM_048214417.1	102476	102297	131.034	0.549966
XM_048214418.1	102476	102297	735.884	3.08859
XM_048214419.1	102392	102213	2038.44	8.5626
XM_048214420.1	102389	102210	1829.21	7.68395
XM_048214421.1	102377	102198	5726.73	24.059
XM_048214422.1	102314	102135	456.703	1.91988
XM_048214423.1	102284	102105	98977.7	416.202
XM_048214424.1	102230	102051	1267.08	5.33089
XM_048214425.1	102212	102033	13324.9	56.0707
XM_048214426.1	102146	101967	3741.29	15.7535
XM_048214427.1	102134	101955	2987.34	12.5803
XM_048214428.1	102062	101883	10398.2	43.8198
XM_048214429.1	102050	101871	8303.58	34.9968
XM_048214430.1	101732	101553	13041.1	55.1358
XM_048214431.1	101648	101469	36397.6	154.011
XM_048214432.1	101480	101301	302354	1281.49
XM_048214433.1	3261	3081.9	0	0
XM_048214434.1	3338	3158.9	0	0
XM_048214435.1	18092	17912.9	0	0
XM_048214436.1	18003	17823.9	0	0
XM_048214437.1	7808	7628.9	3	0.168839
XM_048214438.1	1599	1419.9	2.68611e-05	8.12229e-06
XM_048214439.1	1647	1467.9	0	0
XM_048214440.1	1665	1485.9	2.16426	0.625364
XM_048214441.1	1713	1533.9	0	0
XM_048214442.1	918	738.98	0	0
XM_048214443.1	918	738.98	0	0
XM_048214444.1	5187	5007.9	0	0
XM_048214445.1	2447	2267.9	0	0
XM_048214446.1	6250	6070.9	214.631	15.1793
XM_048214447.1	918	738.98	0	0
XM_048214448.1	1907	1727.9	38.4151	9.54543
XM_048214449.1	1014	834.905	0	0
XM_048214450.1	5833	5653.9	0	0
XM_048214451.1	5982	5802.9	0	0
XM_048214452.1	6391	6211.9	0	0
XM_048214453.1	6334	6154.9	0	0
XM_048214454.1	6184	6004.9	0.0275047	0.00196659
XM_048214455.1	5581	5401.9	0.000590151	4.69061e-05
XM_048214456.1	6146	5966.9	108.972	7.84113
XM_048214457.1	1962	1782.9	8.91037	2.14576
XM_048214458.1	936	756.98	0	0
XM_048214459.1	2064	1884.9	0.696833	0.158728
XM_048214460.1	5625	5445.9	0	0
XM_048214461.1	6748	6568.9	0	0
XM_048214462.1	5548	5368.9	0	0
XM_048214463.1	4101	3921.9	0	0
XM_048214464.1	6254	6074.9	46752.5	3304.3
XM_048214465.1	1851	1671.9	0	0
XM_048214466.1	2043	1863.9	155.155	35.7401
XM_048214467.1	2038	1858.9	0	0
XM_048214468.1	1512	1332.9	0	0
XM_048214469.1	6587	6407.9	0	0
XM_048214470.1	6532	6352.9	0	0
XM_048214471.1	6233	6053.9	0	0
XM_048214472.1	945	765.905	0	0
XM_048214473.1	4435	4255.9	3	0.302651
XM_048214474.1	3030	2850.9	20.499	3.08719
XM_048214475.1	7749	7569.9	0	0
XM_048214476.1	13519	13339.9	0	0
XM_048214477.1	29954	29774.9	13.7887	0.198833
XM_048214478.1	9692	9512.9	1071.1	48.3428
XM_048214479.1	1627	1447.9	0	0
XM_048214480.1	1072	892.905	0	0
XM_048214481.1	3502	3322.9	1.11158	0.143627
XM_048214482.1	1570	1390.9	0	0
XM_048214483.1	4079	3899.9	0	0
XM_048214484.1	4932	4752.9	1	0.0903346
XM_048214485.1	9504	9324.9	2	0.0920871
XM_048214486.1	4134	3954.9	22	2.38836
XM_048214487.1	26653	26473.9	173596	2815.37
XM_048214488.1	14251	14071.9	61.5218	1.87711
XM_048214489.1	14210	14030.9	50.1956	1.53601
XM_048214490.1	14227	14047.9	3.91401	0.119625
XM_048214491.1	14177	13997.9	0.0885775	0.0027169
XM_048214492.1	14116	13936.9	0.171983	0.00529824
XM_048214493.1	8848	8668.9	0	0
XM_048214494.1	8812	8632.9	0	0
XM_048214495.1	8809	8629.9	0	0
XM_048214496.1	6592	6412.9	23	1.53988
XM_048214497.1	6585	6405.9	0	0
XM_048214498.1	2484	2304.9	0	0
XM_048214499.1	1247	1067.9	0	0
XM_048214500.1	8070	7890.9	0.518944	0.0282362
XM_048214501.1	10329	10149.9	0	0
XM_048214502.1	8008	7828.9	0	0
XM_048214503.1	7987	7807.9	0	0
XM_048214504.1	8521	8341.9	0	0
XM_048214505.1	7963	7783.9	1.61534	0.0891005
XM_048214506.1	7996	7816.9	129.318	7.10292
XM_048214507.1	7939	7759.9	0	0
XM_048214508.1	7972	7792.9	0	0
XM_048214509.1	1415	1235.9	0	0
XM_048214510.1	7960	7780.9	42.8962	2.36702
XM_048214511.1	9858	9678.9	0	0
XM_048214512.1	7936	7756.9	0	0
XM_048214513.1	7894	7714.9	0	0
XM_048214514.1	7914	7734.9	0.00067858	3.76669e-05
XM_048214515.1	7874	7694.9	8.4375e-08	4.70787e-09
XM_048214516.1	7855	7675.9	102.099	5.71093
XM_048214517.1	9399	9219.9	5.86625	0.273179
XM_048214518.1	8385	8205.9	0	0
XM_048214519.1	8389	8209.9	0	0
XM_048214520.1	7831	7651.9	0	0
XM_048214521.1	7828	7648.9	0	0
XM_048214522.1	7815	7635.9	0	0
XM_048214523.1	3639	3459.9	0	0
XM_048214524.1	7807	7627.9	0.00198623	0.000111799
XM_048214525.1	7804	7624.9	85.627	4.82158
XM_048214526.1	7783	7603.9	0	0
XM_048214527.1	3999	3819.9	19	2.13557
XM_048214528.1	873	693.98	2	1.23736
XM_048214529.1	1843	1663.9	2	0.516078
XM_048214530.1	1446	1266.9	2	0.677797
XM_048214531.1	9530	9350.9	19.3113	0.886687
XM_048214532.1	9681	9501.9	0	0
XM_048214533.1	9554	9374.9	0	0
XM_048214534.1	10199	10019.9	8.68865	0.372308
XM_048214535.1	9571	9391.9	0	0
XM_048214536.1	9288	9108.9	0	0
XM_048214537.1	9266	9086.9	8.7478e-05	4.13329e-06
XM_048214538.1	9086	8906.9	0	0
XM_048214539.1	9404	9224.9	0	0
XM_048214540.1	1270	1090.9	0	0
XM_048214541.1	5812	5632.9	0	0
XM_048214542.1	5215	5035.9	0	0
XM_048214543.1	4738	4558.9	0	0
XM_048214544.1	4721	4541.9	0	0
XM_048214545.1	4697	4517.9	0	0
XM_048214546.1	4592	4412.9	11.7398	1.14222
XM_048214547.1	4571	4391.9	0	0
XM_048214548.1	4531	4351.9	0	0
XM_048214549.1	4469	4289.9	0	0
XM_048214550.1	4465	4285.9	0	0
XM_048214551.1	4441	4261.9	0	0
XM_048214552.1	4388	4208.9	0	0
XM_048214553.1	4721	4541.9	10.6265	1.00454
XM_048214554.1	4334	4154.9	8.44857e-06	8.73043e-07
XM_048214555.1	10618	10438.9	0	0
XM_048214556.1	7874	7694.9	0	0
XM_048214557.1	7739	7559.9	0	0
XM_048214558.1	7625	7445.9	0	0
XM_048214559.1	2120	1940.9	10.0047	2.21315
XM_048214560.1	8168	7988.9	0	0
XM_048214561.1	7795	7615.9	0	0
XM_048214562.1	4512	4332.9	0	0
XM_048214563.1	5782	5602.9	0.0634808	0.00486455
XM_048214564.1	20199	20019.9	8.86774	0.19018
XM_048214565.1	13692	13512.9	0.0727036	0.00231005
XM_048214566.1	13641	13461.9	10.1072	0.322357
XM_048214567.1	3604	3424.9	0	0
XM_048214568.1	3772	3592.9	0	0
XM_048214569.1	2571	2391.9	8.47492	1.52127
XM_048214570.1	4073	3893.9	0	0
XM_048214571.1	3683	3503.9	22.4462	2.75045
XM_048214572.1	3613	3433.9	14.7358	1.84247
XM_048214573.1	3499	3319.9	0	0
XM_048214574.1	3428	3248.9	0	0
XM_048214575.1	2574	2394.9	4.18338	0.749984
XM_048214576.1	3539	3359.9	1.28795e-06	1.64583e-07
XM_048214577.1	3302	3122.9	0	0
XM_048214578.1	3010	2830.9	0	0
XM_048214579.1	2820	2640.9	107.108	17.4133
XM_048214580.1	2775	2595.9	294.93	48.7803
XM_048214581.1	2736	2556.9	0	0
XM_048214582.1	2713	2533.9	0	0
XM_048214583.1	2641	2461.9	0	0
XM_048214584.1	2815	2635.9	0	0
XM_048214585.1	10816	10636.9	21.1902	0.855328
XM_048214586.1	10874	10694.9	3.93606e-08	1.58015e-09
XM_048214587.1	10798	10618.9	0	0
XM_048214588.1	10779	10599.9	0.0126667	0.000513067
XM_048214589.1	10647	10467.9	80.4363	3.29918
XM_048214590.1	10941	10761.9	0	0
XM_048214591.1	10611	10431.9	0.038226	0.00157329
XM_048214592.1	2073	1893.9	0	0
XM_048214593.1	2284	2104.9	0	0
XM_048214594.1	3228	3048.9	0	0
XM_048214595.1	6933	6753.9	0	0
XM_048214596.1	7582	7402.9	0	0
XM_048214597.1	7475	7295.9	91.9542	5.41135
XM_048214598.1	7143	6963.9	0	0
XM_048214599.1	1726	1546.9	0	0
XM_048214600.1	1632	1452.9	0	0
XM_048214601.1	1581	1401.9	0	0
XM_048214602.1	1560	1380.9	0	0
XM_048214603.1	1471	1291.9	8.56312	2.84587
XM_048214604.1	1381	1201.9	2.30206	0.822356
XM_048214605.1	1284	1104.9	11.0442	4.29163
XM_048214606.1	1236	1056.9	1.86629	0.758151
XM_048214607.1	5505	5325.9	113.862	9.17906
XM_048214608.1	7895	7715.9	0	0
XM_048214609.1	2476	2296.9	0	0
XM_048214610.1	11414	11234.9	0	0
XM_048214611.1	11260	11080.9	0	0
XM_048214612.1	11655	11475.9	3.40212	0.127285
XM_048214613.1	11254	11074.9	0	0
XM_048214614.1	11762	11582.9	0	0
XM_048214615.1	924	744.98	0	0
XM_048214616.1	936	756.98	0	0
XM_048214617.1	6054	5874.9	0	0
XM_048214618.1	933	753.98	0	0
XM_048214619.1	840	660.98	7	4.54698
XM_048214620.1	1733	1553.9	0	0
XM_048214621.1	1663	1483.9	0	0
XM_048214622.1	2101	1921.9	0	0
XM_048214623.1	2391	2211.9	0	0
XM_048214624.1	2208	2028.9	11.6281	2.46072
XM_048214625.1	2027	1847.9	0	0
XM_048214626.1	2026	1846.9	7.34687	1.70793
XM_048214627.1	1753	1573.9	0	0
XM_048214628.1	1893	1713.9	0	0
XM_048214629.1	843	663.98	0.913718	0.590841
XM_048214630.1	729	549.98	0	0
XM_048214631.1	699	519.98	1.46704	1.21135
XM_048214632.1	647	467.98	0	0
XM_048214633.1	999	819.905	0	0
XM_048214634.1	761	581.98	16.8559	12.4353
XM_048214635.1	792	612.98	0	0
XM_048214636.1	506	327.091	0	0
XM_048214637.1	9187	9007.9	5.68613	0.271023
XM_048214638.1	1616	1436.9	109.485	32.7145
XM_048214639.1	7267	7087.9	0	0
XM_048214640.1	937	757.905	0	0
XM_048214641.1	13312	13132.9	0	0
XM_048214642.1	858	678.98	0	0
XM_048214643.1	4143	3963.9	0	0
XM_048214644.1	1038	858.905	0	0
XM_048214645.1	704	524.98	0	0
XM_048214646.1	405	227.259	0	0
XM_048214647.1	5770	5590.9	0	0
XM_048214648.1	4679	4499.9	0	0
XM_048214649.1	5777	5597.9	0	0
XM_048214650.1	5423	5243.9	0.478753	0.0391986
XM_048214651.1	5417	5237.9	2.13282	0.174828
XM_048214652.1	3191	3011.9	0	0
XM_048214653.1	2947	2767.9	0	0
XM_048214654.1	2954	2774.9	0	0
XM_048214655.1	13090	12910.9	27.5213	0.91522
XM_048214656.1	4001	3821.9	0	0
XM_048214657.1	3757	3577.9	0	0
XM_048214658.1	3764	3584.9	0	0
XM_048214659.1	2793	2613.9	30.3826	4.99056
XM_048214660.1	3603	3423.9	3.21216	0.402799
XM_048214661.1	5697	5517.9	0	0
XM_048214662.1	10022	9842.9	9.12492	0.398033
XM_048214663.1	2956	2776.9	0	0
XM_048214664.1	2026	1846.9	0	0
XM_048214665.1	2316	2136.9	0	0
XM_048214666.1	1655	1475.9	22.7617	6.62156
XM_048214667.1	1952	1772.9	0	0
XM_048214668.1	4072	3892.9	0	0
XM_048214669.1	3992	3812.9	0	0
XM_048214670.1	3925	3745.9	0	0
XM_048214671.1	3360	3180.9	0	0
XM_048214672.1	3183	3003.9	0	0
XM_048214673.1	3804	3624.9	0	0
XM_048214674.1	3033	2853.9	0	0
XM_048214675.1	4023	3843.9	0	0
XM_048214676.1	2773	2593.9	0	0
XM_048214677.1	3855	3675.9	0	0
XM_048214678.1	1852	1672.9	0	0
XM_048214679.1	3831	3651.9	17.6629	2.07662
XM_048214680.1	2339	2159.9	0	0
XM_048214681.1	2318	2138.9	0	0
XM_048214682.1	2320	2140.9	0	0
XM_048214683.1	2308	2128.9	0	0
XM_048214684.1	2300	2120.9	0	0
XM_048214685.1	2007	1827.9	0	0
XM_048214686.1	9247	9067.9	17.7516	0.84051
XM_048214687.1	5812	5632.9	4.01058	0.305695
XM_048214688.1	1845	1665.9	0	0
XM_048214689.1	1608	1428.9	0	0
XM_048214690.1	1594	1414.9	0	0
XM_048214691.1	1941	1761.9	0	0
XM_048214692.1	1126	946.905	0	0
XM_048214693.1	1077	897.905	0	0
XM_048214694.1	4370	4190.9	0	0
XM_048214695.1	3904	3724.9	0	0
XM_048214696.1	3903	3723.9	0	0
XM_048214697.1	1541	1361.9	0	0
XM_048214698.1	1234	1054.9	9.18058	3.73655
XM_048214699.1	4276	4096.9	4.09083	0.428715
XM_048214700.1	3983	3803.9	4.70328e-08	5.30865e-09
XM_048214701.1	465	286.306	0	0
XM_048214702.1	817	637.98	0	0
XM_048214703.1	579	399.98	14.4444	15.5051
XM_048214704.1	3363	3183.9	5.31642	0.716924
XM_048214705.1	462	283.362	0	0
XM_048214706.1	1252	1072.9	0	0
XM_048214707.1	1172	992.905	0	0
XM_048214708.1	658	478.98	0	0
XM_048214709.1	390	212.589	5	10.0982
XM_048214710.1	4726	4546.9	0	0
XM_048214711.1	7282	7102.9	0	0
XM_048214712.1	1673	1493.9	5.54998	1.59508
XM_048214713.1	3125	2945.9	0	0
XM_048214714.1	384	206.757	0	0
XM_048214715.1	954	774.905	0	0
XM_048214716.1	2238	2058.9	0	0
XM_048214717.1	785	605.98	0	0
XM_048214718.1	5632	5452.9	0	0
XM_048214719.1	2629	2449.9	0	0
XM_048214720.1	2634	2454.9	0	0
XM_048214721.1	2539	2359.9	0	0
XM_048214722.1	2841	2661.9	0	0
XM_048214723.1	2505	2325.9	87	16.0598
XM_048214724.1	8723	8543.9	0	0
XM_048214725.1	5416	5236.9	0	0
XM_048214726.1	5335	5155.9	0	0
XM_048214727.1	5275	5095.9	0	0
XM_048214728.1	5334	5154.9	0	0
XM_048214729.1	5299	5119.9	0	0
XM_048214730.1	5227	5047.9	0	0
XM_048214731.1	5272	5092.9	0	0
XM_048214732.1	5257	5077.9	0	0
XM_048214733.1	5180	5000.9	30	2.57565
XM_048214734.1	4001	3821.9	0	0
XM_048214735.1	9518	9338.9	2	0.0919491
XM_048214736.1	2316	2136.9	15.7197	3.15845
XM_048214737.1	1402	1222.9	6.92866	2.4326
XM_048214738.1	6885	6705.9	0	0
XM_048214739.1	7348	7168.9	10.7531	0.644014
XM_048214740.1	3596	3416.9	6.48409	0.814759
XM_048214741.1	1901	1721.9	0	0
XM_048214742.1	1969	1789.9	0	0
XM_048214743.1	2814	2634.9	2.36517	0.385399
XM_048214744.1	4908	4728.9	1.45465	0.132072
XM_048214745.1	7801	7621.9	130.862	7.3716
XM_048214746.1	7823	7643.9	0.000374454	2.10328e-05
XM_048214747.1	7702	7522.9	192.213	10.9701
XM_048214748.1	7746	7566.9	0	0
XM_048214749.1	7850	7670.9	0	0
XM_048214750.1	7845	7665.9	0	0
XM_048214751.1	7753	7573.9	0.00110717	6.27634e-05
XM_048214752.1	7746	7566.9	0	0
XM_048214753.1	1504	1324.9	4	1.29625
XM_048214754.1	7620	7440.9	14.4771	0.835349
XM_048214755.1	3265	3085.9	2.41663	0.336234
XM_048214756.1	3261	3081.9	0	0
XM_048214757.1	3449	3269.9	0	0
XM_048214758.1	1342	1162.9	0	0
XM_048214759.1	2448	2268.9	0	0
XM_048214760.1	2546	2366.9	0	0
XM_048214761.1	4090	3910.9	0	0
XM_048214762.1	3826	3646.9	0	0
XM_048214763.1	6066	5886.9	0	0
XM_048214764.1	11856	11676.9	1.96927	0.0724086
XM_048214765.1	11772	11592.9	0	0
XM_048214766.1	10614	10434.9	210.501	8.66124
XM_048214767.1	9620	9440.9	0	0
XM_048214768.1	8592	8412.9	0	0
XM_048214769.1	8481	8301.9	0	0
XM_048214770.1	8514	8334.9	9.81392	0.50554
XM_048214771.1	7882	7702.9	0	0
XM_048214772.1	6461	6281.9	0	0
XM_048214773.1	9286	9106.9	0	0
XM_048214774.1	7086	6906.9	2.48629	0.154554
XM_048214775.1	3995	3815.9	0	0
XM_048214776.1	6469	6289.9	0	0
XM_048214777.1	12968	12788.9	0	0
XM_048214778.1	2745	2565.9	0	0
XM_048214779.1	2724	2544.9	0	0
XM_048214780.1	3153	2973.9	0.293607	0.042389
XM_048214781.1	3151	2971.9	0.706393	0.102053
XM_048214782.1	2505	2325.9	0	0
XM_048214783.1	2109	1929.9	0	0
XM_048214784.1	2106	1926.9	0	0
XM_048214785.1	2354	2174.9	0	0
XM_048214786.1	23740	23560.9	0	0
XM_048214787.1	4000	3820.9	0	0
XM_048214788.1	20774	20594.9	0	0
XM_048214789.1	21143	20963.9	0.232774	0.00476733
XM_048214790.1	23491	23311.9	0	0
XM_048214791.1	20814	20634.9	0	0
XM_048214792.1	23530	23350.9	0	0
XM_048214793.1	9138	8958.9	0	0
XM_048214794.1	20825	20645.9	0	0
XM_048214795.1	21088	20908.9	0	0
XM_048214796.1	21198	21018.9	0	0
XM_048214797.1	20937	20757.9	0	0
XM_048214798.1	20939	20759.9	0	0
XM_048214799.1	20986	20806.9	32.6659	0.674064
XM_048214800.1	21059	20879.9	59.5581	1.22469
XM_048214801.1	24619	24439.9	10.0345	0.176283
XM_048214802.1	27697	27517.9	6.92348	0.108025
XM_048214803.1	20809	20629.9	0	0
XM_048214804.1	20839	20659.9	0	0
XM_048214805.1	20690	20510.9	0	0
XM_048214806.1	20813	20633.9	0	0
XM_048214807.1	23404	23224.9	0	0
XM_048214808.1	20858	20678.9	1.39424	0.0289483
XM_048214809.1	20783	20603.9	0	0
XM_048214810.1	20811	20631.9	0	0
XM_048214811.1	21085	20905.9	0	0
XM_048214812.1	23650	23470.9	0	0
XM_048214813.1	20836	20656.9	0	0
XM_048214814.1	8787	8607.9	0	0
XM_048214815.1	13072	12892.9	55.1303	1.83592
XM_048214816.1	20508	20328.9	21.8708	0.461917
XM_048214817.1	17537	17357.9	0	0
XM_048214818.1	7731	7551.9	0	0
XM_048214819.1	7731	7551.9	8.05042	0.457694
XM_048214820.1	3770	3590.9	0	0
XM_048214821.1	10604	10424.9	133.676	5.50547
XM_048214822.1	3838	3658.9	0	0
XM_048214823.1	3725	3545.9	76.029	9.20589
XM_048214824.1	10538	10358.9	0.343851	0.0142518
XM_048214825.1	10684	10504.9	0.000123664	5.05433e-06
XM_048214826.1	3217	3037.9	0	0
XM_048214827.1	3445	3265.9	38.308	5.03615
XM_048214828.1	5446	5266.9	2.72806	0.222388
XM_048214829.1	4512	4332.9	23.532	2.33181
XM_048214830.1	3566	3386.9	128.394	16.2763
XM_048214831.1	3643	3463.9	0	0
XM_048214832.1	4199	4019.9	0	0
XM_048214833.1	4268	4088.9	0	0
XM_048214834.1	4102	3922.9	0	0
XM_048214835.1	9653	9473.9	23.8257	1.07977
XM_048214836.1	9750	9570.9	37.0892	1.66383
XM_048214837.1	9693	9513.9	8.163e-05	3.68387e-06
XM_048214838.1	9495	9315.9	172.266	7.93942
XM_048214839.1	9592	9412.9	0	0
XM_048214840.1	9689	9509.9	111.359	5.0276
XM_048214841.1	9550	9370.9	0	0
XM_048214842.1	9552	9372.9	95.987	4.39695
XM_048214843.1	9491	9311.9	0	0
XM_048214844.1	9514	9334.9	5.01093e-05	2.30474e-06
XM_048214845.1	3176	2996.9	0	0
XM_048214846.1	9758	9578.9	0	0
XM_048214847.1	9446	9266.9	7.64044e-05	3.53995e-06
XM_048214848.1	9463	9283.9	0	0
XM_048214849.1	9208	9028.9	0	0
XM_048214850.1	9027	8847.9	49	2.37777
XM_048214851.1	8960	8780.9	30.265	1.47984
XM_048214852.1	3459	3279.9	11.9902	1.56957
XM_048214853.1	10615	10435.9	15.1451	0.623096
XM_048214854.1	2980	2800.9	4.24023	0.649987
XM_048214855.1	3079	2899.9	4.99417	0.739422
XM_048214856.1	3940	3760.9	1.71895	0.196238
XM_048214857.1	1769	1589.9	91.2869	24.6519
XM_048214858.1	5623	5443.9	0	0
XM_048214859.1	5596	5416.9	0	0
XM_048214860.1	5982	5802.9	0	0
XM_048214861.1	6074	5894.9	0	0
XM_048214862.1	5685	5505.9	0	0
XM_048214863.1	5428	5248.9	0	0
XM_048214864.1	5212	5032.9	65.0651	5.55063
XM_048214865.1	5790	5610.9	0	0
XM_048214866.1	2244	2064.9	0	0
XM_048214867.1	27316	27136.9	42.0466	0.665248
XM_048214868.1	1351	1171.9	3.80959	1.39572
XM_048214869.1	1468	1288.9	0	0
XM_048214870.1	648	468.98	34.6297	31.7036
XM_048214871.1	643	463.98	0	0
XM_048214872.1	9993	9813.9	5.95438	0.2605
XM_048214873.1	10262	10082.9	1	0.0425822
XM_048214874.1	10204	10024.9	8	0.342628
XM_048214875.1	7352	7172.9	16.9496	1.01456
XM_048214876.1	1553	1373.9	24.6333	7.69802
XM_048214877.1	7346	7166.9	0	0
XM_048214878.1	10346	10166.9	0	0
XM_048214879.1	2795	2615.9	0	0
XM_048214880.1	1312	1132.9	54.7297	20.7416
XM_048214881.1	2661	2481.9	0	0
XM_048214882.1	2746	2566.9	0	0
XM_048214883.1	7928	7748.9	6.23091	0.345243
XM_048214884.1	3068	2888.9	6.94024	1.03147
XM_048214885.1	1301	1121.9	0.368715	0.141107
XM_048214886.1	9801	9621.9	0	0
XM_048214887.1	10151	9971.9	0	0
XM_048214888.1	9932	9752.9	2.19638	0.096691
XM_048214889.1	1057	877.905	36.7627	17.9793
XM_048214890.1	5829	5649.9	0	0
XM_048214891.1	2274	2094.9	0	0
XM_048214892.1	1865	1685.9	1	0.254672
XM_048214893.1	2559	2379.9	0	0
XM_048214894.1	4091	3911.9	0	0
XM_048214895.1	2922	2742.9	0	0
XM_048214896.1	2785	2605.9	0	0
XM_048214897.1	5041	4861.9	0	0
XM_048214898.1	4960	4780.9	0	0
XM_048214899.1	351	175.486	0	0
XM_048214900.1	1005	825.905	0	0
XM_048214901.1	7217	7037.9	0	0
XM_048214902.1	7054	6874.9	0.947884	0.0591973
XM_048214903.1	7051	6871.9	7.35987	0.45984
XM_048214904.1	546	367.056	0	0
XM_048214905.1	6782	6602.9	29.6515	1.92808
XM_048214906.1	4368	4188.9	7	0.717482
XM_048214907.1	5638	5458.9	0	0
XM_048214908.1	1305	1125.9	0	0
XM_048214909.1	9274	9094.9	0	0
XM_048214910.1	3383	3203.9	0	0
XM_048214911.1	9265	9085.9	0	0
XM_048214912.1	6494	6314.9	0	0
XM_048214913.1	15532	15352.9	0	0
XM_048214914.1	15532	15352.9	0	0
XM_048214915.1	15523	15343.9	0	0
XM_048214916.1	9091	8911.9	0	0
XM_048214917.1	5460	5280.9	0	0
XM_048214918.1	6023	5843.9	0	0
XM_048214919.1	5378	5198.9	0	0
XM_048214920.1	15441	15261.9	0	0
XM_048214921.1	15258	15078.9	0	0
XM_048214922.1	5710	5530.9	85.8117	6.66138
XM_048214923.1	5459	5279.9	0.623142	0.0506727
XM_048214924.1	5373	5193.9	0	0
XM_048214925.1	5397	5217.9	0	0
XM_048214926.1	5328	5148.9	0	0
XM_048214927.1	4998	4818.9	0.00227361	0.000202573
XM_048214928.1	4771	4591.9	90.2319	8.43686
XM_048214929.1	2173	1993.9	0	0
XM_048214930.1	10374	10194.9	2.09973	0.0884289
XM_048214931.1	2008	1828.9	0	0
XM_048214932.1	2545	2365.9	0	0
XM_048214933.1	2581	2401.9	0	0
XM_048214934.1	2416	2236.9	0	0
XM_048214935.1	2404	2224.9	0	0
XM_048214936.1	2862	2682.9	0	0
XM_048214937.1	2801	2621.9	0	0
XM_048214938.1	4084	3904.9	0	0
XM_048214939.1	3681	3501.9	0	0
XM_048214940.1	4512	4332.9	0	0
XM_048214941.1	2155	1975.9	0	0
XM_048214942.1	2898	2718.9	0	0
XM_048214943.1	2247	2067.9	3.86136e-06	8.0172e-07
XM_048214944.1	2188	2008.9	0	0
XM_048214945.1	2403	2223.9	32	6.17799
XM_048214946.1	3534	3354.9	0	0
XM_048214947.1	1321	1141.9	0	0
XM_048214948.1	4097	3917.9	16.5366	1.8122
XM_048214949.1	6622	6442.9	0	0
XM_048214950.1	1927	1747.9	0	0
XM_048214951.1	7696	7516.9	1.18644	0.0677673
XM_048214952.1	3431	3251.9	0	0
XM_048214953.1	4779	4599.9	0	0
XM_048214954.1	4743	4563.9	0	0
XM_048214955.1	3396	3216.9	0	0
XM_048214956.1	3505	3325.9	0	0
XM_048214957.1	4860	4680.9	0	0
XM_048214958.1	4556	4376.9	0	0
XM_048214959.1	9645	9465.9	0	0
XM_048214960.1	9798	9618.9	1.00974e-08	4.50708e-10
XM_048214961.1	9498	9318.9	0	0
XM_048214962.1	9381	9201.9	0	0
XM_048214963.1	9191	9011.9	0	0
XM_048214964.1	9144	8964.9	0	0
XM_048214965.1	9130	8950.9	0	0
XM_048214966.1	9325	9145.9	0	0
XM_048214967.1	9317	9137.9	0	0
XM_048214968.1	9262	9082.9	144.36	6.82392
XM_048214969.1	6001	5821.9	0	0
XM_048214970.1	1830	1650.9	20.3113	5.28237
XM_048214971.1	1863	1683.9	0	0
XM_048214972.1	8849	8669.9	3.94013	0.195124
XM_048214973.1	1468	1288.9	0	0
XM_048214974.1	7831	7651.9	0	0
XM_048214975.1	1556	1376.9	0	0
XM_048214976.1	3055	2875.9	0	0
XM_048214977.1	2922	2742.9	1	0.156532
XM_048214978.1	4260	4080.9	0	0
XM_048214979.1	3462	3282.9	0	0
XM_048214980.1	3035	2855.9	3	0.451014
XM_048214981.1	4496	4316.9	0	0
XM_048214982.1	7274	7094.9	0	0
XM_048214983.1	4802	4622.9	0	0
XM_048214984.1	2038	1858.9	0	0
XM_048214985.1	2056	1876.9	0	0
XM_048214986.1	3517	3337.9	0	0
XM_048214987.1	3523	3343.9	0	0
XM_048214988.1	4256	4076.9	2.46182	0.259262
XM_048214989.1	7482	7302.9	67.1384	3.9472
XM_048214990.1	4072	3892.9	0	0
XM_048214991.1	12494	12314.9	0	0
XM_048214992.1	22080	21900.9	0	0
XM_048214993.1	2702	2522.9	0	0
XM_048214994.1	2655	2475.9	0	0
XM_048214995.1	2882	2702.9	1	0.158848
XM_048214996.1	8842	8662.9	0	0
XM_048214997.1	2863	2683.9	8.56584	1.3703
XM_048214998.1	4209	4029.9	1.56568	0.16681
XM_048214999.1	413	235.073	3.93353	7.18445
XM_048215000.1	3601	3421.9	0	0
XM_048215001.1	2290	2110.9	0	0
XM_048215002.1	2197	2017.9	1	0.212771
XM_048215003.1	4994	4814.9	1.07884e-06	9.62017e-08
XM_048215004.1	4995	4815.9	0	0
XM_048215005.1	4985	4805.9	0	0
XM_048215006.1	1533	1353.9	0	0
XM_048215007.1	5980	5800.9	7.06935	0.523236
XM_048215008.1	3448	3268.9	12	1.57613
XM_048215009.1	3362	3182.9	0	0
XM_048215010.1	3738	3558.9	0	0
XM_048215011.1	5451	5271.9	0	0
XM_048215012.1	7043	6863.9	7.12985e-07	4.45988e-08
XM_048215013.1	8902	8722.9	0	0
XM_048215014.1	6921	6741.9	0	0
XM_048215015.1	6819	6639.9	0	0
XM_048215016.1	1246	1066.9	0	0
XM_048215017.1	1201	1021.9	0	0
XM_048215018.1	1302	1122.9	22.1326	8.4626
XM_048215019.1	767	587.98	0	0
XM_048215020.1	989	809.905	0	0
XM_048215021.1	25716	25536.9	0	0
XM_048215022.1	25622	25442.9	0	0
XM_048215023.1	25734	25554.9	0	0
XM_048215024.1	25823	25643.9	0	0
XM_048215025.1	25701	25521.9	0.000427852	7.19771e-06
XM_048215026.1	25616	25436.9	0.000301754	5.09334e-06
XM_048215027.1	25673	25493.9	0.0858789	0.00144632
XM_048215028.1	25618	25438.9	0.000272329	4.5963e-06
XM_048215029.1	25638	25458.9	0	0
XM_048215030.1	50010	49830.9	7.34875e-08	6.33181e-10
XM_048215031.1	25607	25427.9	0.0527918	0.000891393
XM_048215032.1	1906	1726.9	0	0
XM_048215033.1	25608	25428.9	0	0
XM_048215034.1	25696	25516.9	35.5585	0.598313
XM_048215035.1	49794	49614.9	0.137197	0.00118726
XM_048215036.1	49965	49785.9	5.26273	0.0453856
XM_048215037.1	25522	25342.9	0.0378379	0.000641038
XM_048215038.1	25525	25345.9	0.032422	0.00054922
XM_048215039.1	49879	49699.9	0.163463	0.00141214
XM_048215040.1	49849	49669.9	2.6579	0.0229752
XM_048215041.1	25641	25461.9	0	0
XM_048215042.1	49910	49730.9	1.01091e-06	8.72767e-09
XM_048215043.1	25610	25430.9	6.56554	0.110846
XM_048215044.1	25508	25328.9	8.5793	0.145428
XM_048215045.1	25539	25359.9	0	0
XM_048215046.1	25423	25243.9	6.25521	0.10639
XM_048215047.1	25551	25371.9	44.934	0.760389
XM_048215048.1	30820	30640.9	0	0
XM_048215049.1	2273	2093.9	0	0
XM_048215050.1	34252	34072.9	0	0
XM_048215051.1	81053	80873.9	0	0
XM_048215052.1	25639	25459.9	270.586	4.56312
XM_048215053.1	25813	25633.9	51.1944	0.857475
XM_048215054.1	50200	50020.9	4.83042e-05	4.14617e-07
XM_048215055.1	81128	80948.9	49.551	0.262818
XM_048215056.1	1154	974.905	0	0
XM_048215057.1	1100	920.905	0	0
XM_048215058.1	1058	878.905	0	0
XM_048215059.1	4071	3891.9	214	23.6083
XM_048215060.1	1139	959.905	0	0
XM_048215061.1	2304	2124.9	0	0
XM_048215062.1	1358	1178.9	0	0
XM_048215063.1	3010	2830.9	0	0
XM_048215064.1	1470	1290.9	0	0
XM_048215065.1	991	811.905	0	0
XM_048215066.1	1230	1050.9	0	0
XM_048215067.1	2943	2763.9	0	0
XM_048215068.1	3592	3412.9	1	0.125802
XM_048215069.1	948	768.905	0	0
XM_048215070.1	975	795.905	0	0
XM_048215071.1	999	819.905	0	0
XM_048215072.1	975	795.905	0	0
XM_048215073.1	975	795.905	0	0
XM_048215074.1	1095	915.905	0	0
XM_048215075.1	216	68.2098	0	0
XM_048215076.1	225	74.0685	0	0
XM_048215077.1	252	92.3911	0	0
XM_048215078.1	824	644.98	0	0
XM_048215079.1	366	189.55	0	0
XM_048215080.1	294	125.184	0	0
XM_048215081.1	384	206.757	0	0
XM_048215082.1	708	528.98	0	0
XM_048215083.1	891	711.98	0	0
XM_048215084.1	939	759.905	0	0
XM_048215085.1	995	815.905	0	0
XM_048215086.1	1022	842.905	0	0
XM_048215087.1	6003	5823.9	0	0
XM_048215088.1	1064	884.905	0	0
XM_048215089.1	3812	3632.9	0	0
XM_048215090.1	3635	3455.9	0	0
XM_048215091.1	3494	3314.9	8	1.03617
XM_048215092.1	3475	3295.9	0	0
XM_048215093.1	2434	2254.9	0	0
XM_048215094.1	1878	1698.9	0	0
XM_048215095.1	2842	2662.9	0	0
XM_048215096.1	2901	2721.9	0	0
XM_048215097.1	2541	2361.9	1	0.181782
XM_048215098.1	2121	1941.9	54.2796	12.0011
XM_048215099.1	15452	15272.9	14.7699	0.415213
XM_048215100.1	5540	5360.9	0	0
XM_048215101.1	1166	986.905	0	0
XM_048215102.1	1225	1045.9	0	0
XM_048215103.1	1406	1226.9	0	0
XM_048215104.1	1133	953.905	0	0
XM_048215105.1	4198	4018.9	0	0
XM_048215106.1	4151	3971.9	0	0
XM_048215107.1	4116	3936.9	0	0
XM_048215108.1	3297	3117.9	0	0
XM_048215109.1	4068	3888.9	0	0
XM_048215110.1	3207	3027.9	0	0
XM_048215111.1	3158	2978.9	0	0
XM_048215112.1	2309	2129.9	0	0
XM_048215113.1	2305	2125.9	0	0
XM_048215114.1	930	750.98	0	0
XM_048215115.1	7145	6965.9	0	0
XM_048215116.1	7147	6967.9	63.182	3.89318
XM_048215117.1	1030	850.905	0	0
XM_048215118.1	2657	2477.9	5.4777	0.949133
XM_048215119.1	15032	14852.9	4.47214	0.129276
XM_048215120.1	3360	3180.9	0	0
XM_048215121.1	2046	1866.9	0	0
XM_048215122.1	8792	8612.9	0	0
XM_048215123.1	6034	5854.9	0	0
XM_048215124.1	3790	3610.9	18.2106	2.16532
XM_048215125.1	1459	1279.9	0	0
XM_048215126.1	2886	2706.9	0	0
XM_048215127.1	6258	6078.9	0	0
XM_048215128.1	2832	2652.9	0	0
XM_048215129.1	4616	4436.9	0	0
XM_048215130.1	2946	2766.9	0	0
XM_048215131.1	2901	2721.9	0	0
XM_048215132.1	6201	6021.9	0	0
XM_048215133.1	2801	2621.9	0	0
XM_048215134.1	2844	2664.9	0	0
XM_048215135.1	2031	1851.9	0	0
XM_048215136.1	1905	1725.9	0	0
XM_048215137.1	1974	1794.9	0	0
XM_048215138.1	4701	4521.9	0	0
XM_048215139.1	1735	1555.9	0	0
XM_048215140.1	1620	1440.9	0	0
XM_048215141.1	4671	4491.9	0	0
XM_048215142.1	6765	6585.9	2.67829	0.174604
XM_048215143.1	7545	7365.9	0	0
XM_048215144.1	4823	4643.9	0	0
XM_048215145.1	930	750.98	0	0
XM_048215146.1	796	616.98	0	0
XM_048215147.1	1713	1533.9	0	0
XM_048215148.1	7774	7594.9	0	0
XM_048215149.1	3774	3594.9	0	0
XM_048215150.1	3744	3564.9	0	0
XM_048215151.1	3741	3561.9	0	0
XM_048215152.1	3732	3552.9	0	0
XM_048215153.1	3729	3549.9	0	0
XM_048215154.1	5853	5673.9	93	7.03743
XM_048215155.1	5949	5769.9	2.88049e-08	2.14344e-09
XM_048215156.1	2833	2653.9	16	2.5885
XM_048215157.1	927	747.98	0	0
XM_048215158.1	909	729.98	0	0
XM_048215159.1	1111	931.905	0	0
XM_048215160.1	4418	4238.9	1	0.101288
XM_048215161.1	11653	11473.9	0	0
XM_048215162.1	5018	4838.9	6	0.532375
XM_048215163.1	4348	4168.9	7.30159	0.751984
XM_048215164.1	4138	3958.9	0	0
XM_048215165.1	4514	4334.9	10.0088	0.991327
XM_048215166.1	4057	3877.9	0	0
XM_048215167.1	4105	3925.9	72.9636	7.97958
XM_048215168.1	4083	3903.9	0	0
XM_048215169.1	4065	3885.9	0	0
XM_048215170.1	5652	5472.9	0	0
XM_048215171.1	5619	5439.9	0	0
XM_048215172.1	5690	5510.9	0	0
XM_048215173.1	5234	5054.9	0	0
XM_048215174.1	5212	5032.9	0	0
XM_048215175.1	5208	5028.9	0	0
XM_048215176.1	5240	5060.9	0	0
XM_048215177.1	5188	5008.9	0	0
XM_048215178.1	5302	5122.9	0	0
XM_048215179.1	4857	4677.9	8.64166	0.793158
XM_048215180.1	4868	4688.9	0	0
XM_048215181.1	4224	4044.9	6.86804	0.729017
XM_048215182.1	7418	7238.9	0.00397174	0.00023557
XM_048215183.1	7565	7385.9	0	0
XM_048215184.1	7366	7186.9	237.658	14.1979
XM_048215185.1	16443	16263.9	6.18111	0.163176
XM_048215186.1	7522	7342.9	0	0
XM_048215187.1	10240	10060.9	3.47831	0.148438
XM_048215188.1	9282	9102.9	23.8369	1.1243
XM_048215189.1	7008	6828.9	4.96928	0.312432
XM_048215190.1	3712	3532.9	24.8773	3.02333
XM_048215191.1	4580	4400.9	81.1227	7.91432
XM_048215192.1	3912	3732.9	0	0
XM_048215193.1	3814	3634.9	0	0
XM_048215194.1	1104	924.905	0	0
XM_048215195.1	1299	1119.9	0	0
XM_048215196.1	700	520.98	0	0
XM_048215197.1	7655	7475.9	29.2926	1.68231
XM_048215198.1	7410	7230.9	3.28825	0.195247
XM_048215199.1	7433	7253.9	0.0521313	0.0030856
XM_048215200.1	7402	7222.9	13.9427	0.828798
XM_048215201.1	7526	7346.9	0	0
XM_048215202.1	7511	7331.9	0.424344	0.0248493
XM_048215203.1	7499	7319.9	0	0
XM_048215204.1	7475	7295.9	0	0
XM_048215205.1	7454	7274.9	0	0
XM_048215206.1	7370	7190.9	0	0
XM_048215207.1	7346	7166.9	0	0
XM_048215208.1	7325	7145.9	0	0
XM_048215209.1	7313	7133.9	0	0
XM_048215210.1	7229	7049.9	0	0
XM_048215211.1	7184	7004.9	0	0
XM_048215212.1	12608	12428.9	0	0
XM_048215213.1	12586	12406.9	8.24829e-07	2.85439e-08
XM_048215214.1	12541	12361.9	0	0
XM_048215215.1	12476	12296.9	3.08644e-08	1.07765e-09
XM_048215216.1	12464	12284.9	37.8513	1.32289
XM_048215217.1	12463	12283.9	0	0
XM_048215218.1	12433	12253.9	0	0
XM_048215219.1	12525	12345.9	0	0
XM_048215220.1	12350	12170.9	0	0
XM_048215221.1	12349	12169.9	0	0
XM_048215222.1	12336	12156.9	0	0
XM_048215223.1	12222	12042.9	1.03523e-08	3.6908e-10
XM_048215224.1	12065	11885.9	0	0
XM_048215225.1	3941	3761.9	162.302	18.5238
XM_048215226.1	930	750.98	0	0
XM_048215227.1	930	750.98	0	0
XM_048215228.1	4805	4625.9	62	5.75451
XM_048215229.1	7592	7412.9	0	0
XM_048215230.1	7428	7248.9	0	0
XM_048215231.1	2490	2310.9	0	0
XM_048215232.1	2815	2635.9	35.4821	5.77954
XM_048215233.1	4388	4208.9	21.5315	2.19644
XM_048215234.1	7561	7381.9	0	0
XM_048215235.1	7557	7377.9	0	0
XM_048215236.1	7576	7396.9	0	0
XM_048215237.1	6265	6085.9	0	0
XM_048215238.1	2985	2805.9	0	0
XM_048215239.1	7366	7186.9	0	0
XM_048215240.1	7348	7168.9	0	0
XM_048215241.1	7345	7165.9	0	0
XM_048215242.1	7342	7162.9	0	0
XM_048215243.1	6193	6013.9	0	0
XM_048215244.1	7306	7126.9	0	0
XM_048215245.1	7288	7108.9	0	0
XM_048215246.1	7267	7087.9	0	0
XM_048215247.1	6127	5947.9	0	0
XM_048215248.1	7246	7066.9	0	0
XM_048215249.1	7231	7051.9	0	0
XM_048215250.1	7219	7039.9	0	0
XM_048215251.1	7207	7027.9	0	0
XM_048215252.1	7207	7027.9	0	0
XM_048215253.1	7198	7018.9	0	0
XM_048215254.1	7198	7018.9	0	0
XM_048215255.1	7192	7012.9	0	0
XM_048215256.1	7180	7000.9	0	0
XM_048215257.1	7159	6979.9	0	0
XM_048215258.1	6019	5839.9	2.10208e-05	1.54546e-06
XM_048215259.1	6019	5839.9	2.10208e-05	1.54546e-06
XM_048215260.1	7147	6967.9	0	0
XM_048215261.1	7102	6922.9	1.62856e-05	1.01002e-06
XM_048215262.1	7099	6919.9	2.8672e-05	1.77898e-06
XM_048215263.1	5959	5779.9	14.9859	1.11321
XM_048215264.1	7066	6886.9	0	0
XM_048215265.1	7063	6883.9	24.2706	1.51376
XM_048215266.1	7033	6853.9	7.74346	0.485077
XM_048215267.1	1194	1014.9	0	0
XM_048215268.1	1256	1076.9	0	0
XM_048215269.1	5784	5604.9	74.0246	5.6705
XM_048215270.1	15738	15558.9	14.9678	0.413041
XM_048215271.1	15587	15407.9	0	0
XM_048215272.1	26999	26819.9	0	0
XM_048215273.1	26827	26647.9	0	0
XM_048215274.1	26853	26673.9	0	0
XM_048215275.1	26792	26612.9	4.12975	0.0666262
XM_048215276.1	15737	15557.9	51.0069	1.40764
XM_048215277.1	17912	17732.9	98.8531	2.39345
XM_048215278.1	12812	12632.9	1.09056	0.0370647
XM_048215279.1	22781	22601.9	35.844	0.680902
XM_048215280.1	22693	22513.9	42.5815	0.812052
XM_048215281.1	4355	4175.9	59.237	6.09054
XM_048215282.1	3108	2928.9	6	0.879548
XM_048215283.1	11382	11202.9	7.08141e-08	2.71395e-09
XM_048215284.1	859	679.98	92	58.0905
XM_048215285.1	12986	12806.9	26.9391	0.903134
XM_048215286.1	2867	2687.9	0	0
XM_048215287.1	2768	2588.9	0.62975	0.10444
XM_048215288.1	4417	4237.9	0	0
XM_048215289.1	5107	4927.9	0	0
XM_048215290.1	5085	4905.9	0	0
XM_048215291.1	5033	4853.9	24.5109	2.16811
XM_048215292.1	4352	4172.9	0	0
XM_048215293.1	401	223.304	519.998	999.813
XM_048215294.1	8584	8404.9	86.8015	4.43412
XM_048215295.1	738	558.98	0	0
XM_048215296.1	9372	9192.9	0	0
XM_048215297.1	5260	5080.9	10.2754	0.8683
XM_048215298.1	957	777.905	0	0
XM_048215299.1	936	756.98	0	0
XM_048215300.1	1492	1312.9	0	0
XM_048215301.1	1038	858.905	0	0
XM_048215302.1	936	756.98	0	0
XM_048215303.1	1490	1310.9	0	0
XM_048215304.1	939	759.905	0	0
XM_048215305.1	939	759.905	0	0
XM_048215306.1	2687	2507.9	0	0
XM_048215307.1	1500	1320.9	0	0
XM_048215308.1	954	774.905	0	0
XM_048215309.1	1695	1515.9	0	0
XM_048215310.1	417	238.977	0	0
XM_048215311.1	1483	1303.9	0	0
XM_048215312.1	951	771.905	0	0
XM_048215313.1	933	753.98	0	0
XM_048215314.1	990	810.905	0	0
XM_048215315.1	939	759.905	0	0
XM_048215316.1	933	753.98	0	0
XM_048215317.1	939	759.905	0	0
XM_048215318.1	4292	4112.9	0	0
XM_048215319.1	828	648.98	0	0
XM_048215320.1	2307	2127.9	48.5266	9.79132
XM_048215321.1	1355	1175.9	0	0
XM_048215322.1	1362	1182.9	0	0
XM_048215323.1	1719	1539.9	7.0302	1.96014
XM_048215324.1	3715	3535.9	53.7302	6.52427
XM_048215325.1	3665	3485.9	128.948	15.8823
XM_048215326.1	2747	2567.9	0	0
XM_048215327.1	3406	3226.9	0	0
XM_048215328.1	3215	3035.9	0	0
XM_048215329.1	960	780.905	0	0
XM_048215330.1	3207	3027.9	0	0
XM_048215331.1	1509	1329.9	0	0
XM_048215332.1	1509	1329.9	0	0
XM_048215333.1	1506	1326.9	0	0
XM_048215334.1	273	108.399	0	0
XM_048215335.1	1307	1127.9	0	0
XM_048215336.1	3140	2960.9	0	0
XM_048215337.1	1860	1680.9	1.40415	0.358661
XM_048215338.1	6359	6179.9	4.65712	0.323555
XM_048215339.1	10317	10137.9	0	0
XM_048215340.1	10320	10140.9	0	0
XM_048215341.1	9125	8945.9	0	0
XM_048215342.1	7373	7193.9	1.75226	0.104579
XM_048215343.1	5954	5774.9	16.9978	1.26375
XM_048215344.1	7022	6842.9	6.41856	0.402727
XM_048215345.1	4259	4079.9	0	0
XM_048215346.1	1051	871.905	0.468344	0.230626
XM_048215347.1	1013	833.905	0.688159	0.354312
XM_048215348.1	1431	1251.9	0	0
XM_048215349.1	1437	1257.9	0	0
XM_048215350.1	1009	829.905	0	0
XM_048215351.1	886	706.98	5	3.03652
XM_048215352.1	943	763.905	1	0.562049
XM_048215353.1	1056	876.905	1	0.489622
XM_048215354.1	2151	1971.9	0	0
XM_048215355.1	6832	6652.9	0	0
XM_048215356.1	2685	2505.9	0	0
XM_048215357.1	392	214.567	0	0
XM_048215358.1	618	438.98	0	0
XM_048215359.1	847	667.98	615.307	395.495
XM_048215360.1	4175	3995.9	13.3611	1.43563
XM_048215361.1	945	765.905	0	0
XM_048215362.1	924	744.98	0	0
XM_048215363.1	1038	858.905	0	0
XM_048215364.1	942	762.905	0	0
XM_048215365.1	846	666.98	0	0
XM_048215366.1	936	756.98	0	0
XM_048215367.1	990	810.905	0	0
XM_048215368.1	1005	825.905	0	0
XM_048215369.1	1149	969.905	0	0
XM_048215370.1	2076	1896.9	0	0
XM_048215371.1	4460	4280.9	6.96058	0.698109
XM_048215372.1	1179	999.905	0	0
XM_048215373.1	2529	2349.9	47.0325	8.59332
XM_048215374.1	1548	1368.9	0	0
XM_048215375.1	1202	1022.9	20.0484	8.41508
XM_048215376.1	1821	1641.9	0	0
XM_048215377.1	1893	1713.9	0	0
XM_048215378.1	19557	19377.9	7.20555	0.159652
XM_048215379.1	4176	3996.9	0	0
XM_048215380.1	1117	937.905	14.47	6.62406
XM_048215381.1	4172	3992.9	0	0
XM_048215382.1	1076	896.905	2.72683	1.30534
XM_048215383.1	1571	1391.9	13.3821	4.12788
XM_048215384.1	1093	913.905	0	0
XM_048215385.1	5372	5192.9	0	0
XM_048215386.1	5156	4976.9	0	0
XM_048215387.1	5050	4870.9	0	0
XM_048215388.1	4852	4672.9	0	0
XM_048215389.1	5047	4867.9	0	0
XM_048215390.1	3691	3511.9	0	0
XM_048215391.1	4849	4669.9	0	0
XM_048215392.1	4988	4808.9	0	0
XM_048215393.1	2938	2758.9	0	0
XM_048215394.1	4985	4805.9	0	0
XM_048215395.1	2952	2772.9	0	0
XM_048215396.1	3668	3488.9	0	0
XM_048215397.1	3177	2997.9	0	0
XM_048215398.1	2905	2725.9	0	0
XM_048215399.1	1744	1564.9	0	0
XM_048215400.1	2714	2534.9	0	0
XM_048215401.1	847	667.98	0	0
XM_048215402.1	1913	1733.9	0	0
XM_048215403.1	577	397.98	0	0
XM_048215404.1	1893	1713.9	0	0
XM_048215405.1	1561	1381.9	0	0
XM_048215406.1	907	727.98	0	0
XM_048215407.1	5454	5274.9	0	0
XM_048215408.1	5621	5441.9	0	0
XM_048215409.1	8925	8745.9	0	0
XM_048215410.1	8922	8742.9	0	0
XM_048215411.1	8898	8718.9	10.0744	0.496103
XM_048215412.1	8834	8654.9	0	0
XM_048215413.1	8846	8666.9	0	0
XM_048215414.1	8844	8664.9	0	0
XM_048215415.1	8739	8559.9	0	0
XM_048215416.1	8688	8508.9	0	0
XM_048215417.1	8736	8556.9	0	0
XM_048215418.1	8660	8480.9	0	0
XM_048215419.1	8658	8478.9	0	0
XM_048215420.1	8299	8119.9	915.762	48.4223
XM_048215421.1	8296	8116.9	222.846	11.7877
XM_048215422.1	8296	8116.9	0.741608	0.0392281
XM_048215423.1	8220	8040.9	8.16193	0.435814
XM_048215424.1	8113	7933.9	49.5642	2.68222
XM_048215425.1	8217	8037.9	1.93634	0.103431
XM_048215426.1	8110	7930.9	11.6085	0.628446
XM_048215427.1	8034	7854.9	0.377375	0.0206275
XM_048215428.1	3982	3802.9	0	0
XM_048215429.1	8562	8382.9	0.00129304	6.62266e-05
XM_048215430.1	19493	19313.9	0	0
XM_048215431.1	1739	1559.9	0	0
XM_048215432.1	1573	1393.9	0	0
XM_048215433.1	649	469.98	0	0
XM_048215434.1	1080	900.905	0	0
XM_048215435.1	816	636.98	0	0
XM_048215436.1	834	654.98	0	0
XM_048215437.1	1239	1059.9	0.5	0.202543
XM_048215438.1	834	654.98	0	0
XM_048215439.1	834	654.98	0	0
XM_048215440.1	4487	4307.9	0	0
XM_048215441.1	834	654.98	0	0
XM_048215442.1	999	819.905	0	0
XM_048215443.1	834	654.98	0	0
XM_048215444.1	3408	3228.9	0	0
XM_048215445.1	12548	12368.9	0	0
XM_048215446.1	669	489.98	1	0.876264
XM_048215447.1	5397	5217.9	172.673	14.2083
XM_048215448.1	2988	2808.9	0	0
XM_048215449.1	2836	2656.9	0	0
XM_048215450.1	2800	2620.9	0	0
XM_048215451.1	2724	2544.9	0	0
XM_048215452.1	2721	2541.9	0	0
XM_048215453.1	2751	2571.9	0	0
XM_048215454.1	2698	2518.9	9.02393	1.53815
XM_048215455.1	2626	2446.9	6.57235	1.15323
XM_048215456.1	2599	2419.9	0	0
XM_048215457.1	2596	2416.9	0	0
XM_048215458.1	2713	2533.9	0	0
XM_048215459.1	2566	2386.9	0	0
XM_048215460.1	2620	2440.9	0	0
XM_048215461.1	2650	2470.9	0	0
XM_048215462.1	2617	2437.9	0	0
XM_048215463.1	2593	2413.9	0	0
XM_048215464.1	2498	2318.9	0	0
XM_048215465.1	2593	2413.9	0	0
XM_048215466.1	2495	2315.9	0	0
XM_048215467.1	2655	2475.9	0	0
XM_048215468.1	2405	2225.9	0	0
XM_048215469.1	1812	1632.9	0	0
XM_048215470.1	2782	2602.9	0	0
XM_048215471.1	2537	2357.9	0	0
XM_048215472.1	2522	2342.9	0	0
XM_048215473.1	1408	1228.9	0	0
XM_048215474.1	1417	1237.9	0	0
XM_048215475.1	3727	3547.9	0	0
XM_048215476.1	3681	3501.9	0	0
XM_048215477.1	3547	3367.9	13.7796	1.75667
XM_048215478.1	3724	3544.9	0	0
XM_048215479.1	3525	3345.9	0	0
XM_048215480.1	3694	3514.9	0	0
XM_048215481.1	3737	3557.9	0	0
XM_048215482.1	3746	3566.9	11.5588	1.39134
XM_048215483.1	3530	3350.9	0	0
XM_048215484.1	6182	6002.9	0	0
XM_048215485.1	6191	6011.9	0	0
XM_048215486.1	6094	5914.9	0	0
XM_048215487.1	6179	5999.9	0	0
XM_048215488.1	6255	6075.9	0	0
XM_048215489.1	4689	4509.9	0	0
XM_048215490.1	4592	4412.9	0	0
XM_048215491.1	1145	965.905	0	0
XM_048215492.1	1807	1627.9	6.63791	1.75072
XM_048215493.1	2219	2039.9	0	0
XM_048215494.1	5046	4866.9	0	0
XM_048215495.1	6635	6455.9	27.0556	1.79934
XM_048215496.1	6444	6264.9	21.8875	1.50001
XM_048215497.1	6598	6418.9	14.5807	0.975285
XM_048215498.1	6304	6124.9	0	0
XM_048215499.1	17747	17567.9	34.662	0.847124
XM_048215500.1	2970	2790.9	0	0
XM_048215501.1	2759	2579.9	17.8296	2.96723
XM_048215502.1	2388	2208.9	9.65156	1.87601
XM_048215503.1	11191	11011.9	39.5043	1.54027
XM_048215504.1	11182	11002.9	0	0
XM_048215505.1	11128	10948.9	5.18727e-06	2.03414e-07
XM_048215506.1	11113	10933.9	0	0
XM_048215507.1	10446	10266.9	55.4955	2.32077
XM_048215508.1	10431	10251.9	0.000153564	6.43131e-06
XM_048215509.1	2969	2789.9	10.3328	1.59016
XM_048215510.1	3348	3168.9	0	0
XM_048215511.1	3294	3114.9	0	0
XM_048215512.1	3283	3103.9	7.65189	1.05846
XM_048215513.1	3049	2869.9	217.444	32.5306
XM_048215514.1	3215	3035.9	0	0
XM_048215515.1	3814	3634.9	0	0
XM_048215516.1	3150	2970.9	19.8563	2.86962
XM_048215517.1	3068	2888.9	28.7188	4.26821
XM_048215518.1	4571	4391.9	0	0
XM_048215519.1	6168	5988.9	28.2321	2.024
XM_048215520.1	10152	9972.9	0	0
XM_048215521.1	818	638.98	54.4028	36.5551
XM_048215522.1	2084	1904.9	0	0
XM_048215523.1	6579	6399.9	11.3625	0.76228
XM_048215524.1	2273	2093.9	1.32577	0.271848
XM_048215525.1	2687	2507.9	0	0
XM_048215526.1	6832	6652.9	0	0
XM_048215527.1	2747	2567.9	0	0
XM_048215528.1	2592	2412.9	75.5828	13.4492
XM_048215529.1	2680	2500.9	0	0
XM_048215530.1	6561	6381.9	0.805671	0.0542027
XM_048215531.1	10338	10158.9	55.4779	2.34469
XM_048215532.1	6446	6266.9	1.20528	0.082575
XM_048215533.1	6532	6352.9	0.475086	0.032108
XM_048215534.1	10560	10380.9	0	0
XM_048215535.1	10384	10204.9	0.00105705	4.44735e-05
XM_048215536.1	4809	4629.9	9.72563	0.901902
XM_048215537.1	3390	3210.9	15.437	2.06418
XM_048215538.1	3619	3439.9	374.377	46.7279
XM_048215539.1	11388	11208.9	3.73078e-06	1.42906e-07
XM_048215540.1	11252	11072.9	70.9301	2.75031
XM_048215541.1	7201	7021.9	0	0
XM_048215542.1	6727	6547.9	2	0.131142
XM_048215543.1	1048	868.905	0	0
XM_048215544.1	4943	4763.9	21.9796	1.98093
XM_048215545.1	5109	4929.9	0.0060105	0.000523462
XM_048215546.1	5007	4827.9	6.008e-07	5.34299e-08
XM_048215547.1	6496	6316.9	25.6977	1.74664
XM_048215548.1	4884	4704.9	104.543	9.54024
XM_048215549.1	4749	4569.9	108.471	10.1911
XM_048215550.1	2455	2275.9	0	0
XM_048215551.1	1933	1753.9	42.8952	10.5007
XM_048215552.1	10665	10485.9	0.0187861	0.000769209
XM_048215553.1	2882	2702.9	0	0
XM_048215554.1	3946	3766.9	2.08744e-06	2.37926e-07
XM_048215555.1	2933	2753.9	0	0
XM_048215556.1	2936	2756.9	0	0
XM_048215557.1	3267	3087.9	0	0
XM_048215558.1	3158	2978.9	0	0
XM_048215559.1	17440	17260.9	0.149095	0.00370863
XM_048215560.1	17691	17511.9	7.79783	0.191185
XM_048215561.1	7083	6903.9	13.7471	0.85493
XM_048215562.1	6853	6673.9	7.50371	0.482736
XM_048215563.1	7032	6852.9	0	0
XM_048215564.1	153	37.0815	0	0
XM_048215565.1	2604	2424.9	0	0
XM_048215566.1	1458	1278.9	0	0
XM_048215567.1	1928	1748.9	0	0
XM_048215568.1	1521	1341.9	0	0
XM_048215569.1	1050	870.905	0	0
XM_048215570.1	1002	822.905	0	0
XM_048215571.1	2647	2467.9	10	1.73974
XM_048215572.1	1635	1455.9	0	0
XM_048215573.1	728	548.98	0	0
XM_048215574.1	3194	3014.9	1	0.14241
XM_048215575.1	1203	1023.9	131	54.932
XM_048215576.1	3951	3771.9	2	0.227658
XM_048215577.1	1711	1531.9	4	1.12109
XM_048215578.1	755	575.98	0	0
XM_048215579.1	1176	996.905	0	0
XM_048215580.1	11252	11072.9	0.154695	0.00599829
XM_048215581.1	11050	10870.9	10.6841	0.421973
XM_048215582.1	1202	1022.9	4.7589	1.99749
XM_048215583.1	5260	5080.9	0	0
XM_048215584.1	1761	1581.9	0	0
XM_048215585.1	18992	18812.9	14.4604	0.330019
XM_048215586.1	6603	6423.9	33.4388	2.23494
XM_048215587.1	6841	6661.9	0	0
XM_048215588.1	6600	6420.9	0.00817659	0.000546751
XM_048215589.1	6574	6394.9	15.773	1.05899
XM_048215590.1	6572	6392.9	23.7243	1.59334
XM_048215591.1	6570	6390.9	0.00452996	0.00030433
XM_048215592.1	6523	6343.9	15.3234	1.03708
XM_048215593.1	6516	6336.9	64.7245	4.38536
XM_048215594.1	6181	6001.9	0	0
XM_048215595.1	5410	5230.9	4.32086e-06	3.54655e-07
XM_048215596.1	5405	5225.9	0	0
XM_048215597.1	5380	5200.9	2.00583e-06	1.65588e-07
XM_048215598.1	6556	6376.9	9	0.605963
XM_048215599.1	2974	2794.9	0	0
XM_048215600.1	9718	9538.9	0	0
XM_048215601.1	10515	10335.9	0	0
XM_048215602.1	10064	9884.9	0	0
XM_048215603.1	2385	2205.9	0	0
XM_048215604.1	10055	9875.9	0	0
XM_048215605.1	6231	6051.9	0	0
XM_048215606.1	906	726.98	0	0
XM_048215607.1	1024	844.905	0	0
XM_048215608.1	5176	4996.9	0	0
XM_048215609.1	4697	4517.9	0	0
XM_048215610.1	992	812.905	0	0
XM_048215611.1	854	674.98	1.44887	0.921617
XM_048215612.1	5897	5717.9	0	0
XM_048215613.1	2224	2044.9	0	0
XM_048215614.1	2106	1926.9	0	0
XM_048215615.1	2172	1992.9	0	0
XM_048215616.1	2054	1874.9	0	0
XM_048215617.1	1544	1364.9	3.41686	1.07483
XM_048215618.1	745	565.98	0.615553	0.466958
XM_048215619.1	2446	2266.9	0	0
XM_048215620.1	9499	9319.9	10.1487	0.467534
XM_048215621.1	9488	9308.9	0	0
XM_048215622.1	14215	14035.9	38.6894	1.18349
XM_048215623.1	2285	2105.9	75.9314	15.4809
XM_048215624.1	3052	2872.9	0	0
XM_048215625.1	2451	2271.9	0	0
XM_048215626.1	2381	2201.9	0	0
XM_048215627.1	1259	1079.9	0	0
XM_048215628.1	2372	2192.9	0	0
XM_048215629.1	8032	7852.9	0	0
XM_048215630.1	7967	7787.9	0	0
XM_048215631.1	10643	10463.9	0	0
XM_048215632.1	8163	7983.9	0	0
XM_048215633.1	8009	7829.9	0.00191861	0.000105207
XM_048215634.1	10603	10423.9	0	0
XM_048215635.1	2951	2771.9	0	0
XM_048215636.1	2563	2383.9	1.09219e-05	1.96708e-06
XM_048215637.1	2545	2365.9	0	0
XM_048215638.1	18231	18051.9	1.89328e-08	4.50304e-10
XM_048215639.1	18222	18042.9	3.46817e-08	8.25292e-10
XM_048215640.1	18212	18032.9	5.2572	0.125171
XM_048215641.1	18203	18023.9	9.64523	0.229761
XM_048215642.1	18102	17922.9	40.0961	0.960522
XM_048215643.1	18442	18262.9	1.58521e-07	3.72676e-09
XM_048215644.1	18093	17913.9	73.3407	1.75779
XM_048215645.1	19341	19161.9	95.8858	2.14847
XM_048215646.1	18415	18235.9	57.7749	1.36027
XM_048215647.1	18070	17890.9	0	0
XM_048215648.1	18042	17862.9	4.41528e-05	1.06125e-06
XM_048215649.1	1344	1164.9	0	0
XM_048215650.1	3909	3729.9	0	0
XM_048215651.1	3779	3599.9	0	0
XM_048215652.1	3994	3814.9	0	0
XM_048215653.1	3954	3774.9	74.6404	8.48949
XM_048215654.1	3948	3768.9	2.76448e-06	3.14928e-07
XM_048215655.1	2527	2347.9	73.5671	13.4529
XM_048215656.1	3402	3222.9	3.43289	0.457326
XM_048215657.1	10939	10759.9	64.5151	2.57434
XM_048215658.1	6305	6125.9	6.82576	0.478403
XM_048215659.1	5095	4915.9	0	0
XM_048215660.1	3017	2837.9	19.738	2.9862
XM_048215661.1	1374	1194.9	8.16765	2.93479
XM_048215662.1	3331	3151.9	0	0
XM_048215663.1	4179	3999.9	0	0
XM_048215664.1	3597	3417.9	6	0.753711
XM_048215665.1	3220	3040.9	0	0
XM_048215666.1	3163	2983.9	0	0
XM_048215667.1	4424	4244.9	22.589	2.28477
XM_048215668.1	4588	4408.9	0	0
XM_048215669.1	16023	15843.9	0.025262	0.000684572
XM_048215670.1	15810	15630.9	10.034	0.275614
XM_048215671.1	15798	15618.9	137.242	3.77267
XM_048215672.1	15642	15462.9	0.000105199	2.92102e-06
XM_048215673.1	15633	15453.9	0	0
XM_048215674.1	2100	1920.9	54.6792	12.2217
XM_048215675.1	5188	5008.9	4.74404	0.406648
XM_048215676.1	1323	1143.9	10.6073	3.98134
XM_048215677.1	13579	13399.9	15.5363	0.497806
XM_048215678.1	6847	6667.9	0	0
XM_048215679.1	7411	7231.9	0	0
XM_048215680.1	6832	6652.9	0.0191566	0.00123629
XM_048215681.1	7386	7206.9	0	0
XM_048215682.1	6811	6631.9	0	0
XM_048215683.1	6790	6610.9	74.4045	4.83228
XM_048215684.1	7351	7171.9	10.8445	0.649216
XM_048215685.1	7352	7172.9	0	0
XM_048215686.1	6778	6598.9	5.09027e-06	3.31194e-07
XM_048215687.1	7332	7152.9	0	0
XM_048215688.1	6754	6574.9	1.04001e-05	6.7914e-07
XM_048215689.1	7308	7128.9	0	0
XM_048215690.1	7297	7117.9	0.00544656	0.000328536
XM_048215691.1	5996	5816.9	0	0
XM_048215692.1	4752	4572.9	4.96767	0.466417
XM_048215693.1	3140	2960.9	1	0.145007
XM_048215694.1	1117	937.905	12600.2	5768.09
XM_048215695.1	3403	3223.9	0	0
XM_048215696.1	2990	2810.9	120.08	18.3416
XM_048215697.1	1232	1052.9	0	0
XM_048215698.1	993	813.905	2.04921	1.081
XM_048215699.1	875	695.98	0	0
XM_048215700.1	1023	843.905	5.38511	2.73977
XM_048215701.1	10011	9831.9	44.7259	1.95315
XM_048215702.1	7972	7792.9	1.526e-06	8.40756e-08
XM_048215703.1	4113	3933.9	0	0
XM_048215704.1	4037	3857.9	2.38875	0.265847
XM_048215705.1	4018	3838.9	0	0
XM_048215706.1	3827	3647.9	0	0
XM_048215707.1	5327	5147.9	11.9719	0.998493
XM_048215708.1	8572	8392.9	0	0
XM_048215709.1	3571	3391.9	15.66	1.98227
XM_048215710.1	2213	2033.9	0	0
XM_048215711.1	1528	1348.9	16	5.09275
XM_048215712.1	2214	2034.9	0	0
XM_048215713.1	2166	1986.9	0	0
XM_048215714.1	2028	1848.9	2	0.464439
XM_048215715.1	6108	5928.9	441.784	31.9926
XM_048215716.1	5938	5758.9	0.00296778	0.000221261
XM_048215717.1	2010	1830.9	0	0
XM_048215718.1	7968	7788.9	82.0724	4.52412
XM_048215719.1	3498	3318.9	11	1.42302
XM_048215720.1	1904	1724.9	0	0
XM_048215721.1	1196	1016.9	9.53581	4.02616
XM_048215722.1	1519	1339.9	0	0
XM_048215723.1	15071	14891.9	39	1.12442
XM_048215724.1	9113	8933.9	0	0
XM_048215725.1	3500	3320.9	2.99999	0.387862
XM_048215726.1	3939	3759.9	49.0893	5.60562
XM_048215727.1	2565	2385.9	13	2.3394
XM_048215728.1	1262	1082.9	0	0
XM_048215729.1	1867	1687.9	0	0
XM_048215730.1	1341	1161.9	0	0
XM_048215731.1	1196	1016.9	0	0
XM_048215732.1	1266	1086.9	0	0
XM_048215733.1	2284	2104.9	2	0.407954
XM_048215734.1	760	580.98	0	0
XM_048215735.1	2737	2557.9	0	0
XM_048215736.1	1664	1484.9	0	0
XM_048215737.1	1519	1339.9	5.1483	1.64969
XM_048215738.1	2317	2137.9	14.9679	3.00599
XM_048215739.1	1386	1206.9	4.10011	1.4586
XM_048215740.1	742	562.98	0	0
XM_048215741.1	14057	13877.9	95	2.93909
XM_048215742.1	4859	4679.9	0	0
XM_048215743.1	5279	5099.9	32.8231	2.76332
XM_048215744.1	5112	4932.9	30.817	2.68226
XM_048215745.1	4881	4701.9	19.7889	1.80701
XM_048215746.1	4691	4511.9	0.00261917	0.00024924
XM_048215747.1	4554	4374.9	0	0
XM_048215748.1	5055	4875.9	0	0
XM_048215749.1	4419	4239.9	29.4456	2.98179
XM_048215750.1	4997	4817.9	0	0
XM_048215751.1	4339	4159.9	0.0770502	0.0079525
XM_048215752.1	5001	4821.9	0.00135862	0.000120975
XM_048215753.1	29706	29526.9	24.8943	0.361989
XM_048215754.1	4287	4107.9	38.4834	4.02222
XM_048215755.1	7932	7752.9	36.744	2.03486
XM_048215756.1	7783	7603.9	0.0063272	0.000357263
XM_048215757.1	6129	5949.9	24.9997	1.80401
XM_048215758.1	883	703.98	0	0
XM_048215759.1	883	703.98	1.00706e-06	6.14196e-07
XM_048215760.1	969	789.905	0	0
XM_048215761.1	3749	3569.9	0	0
XM_048215762.1	700	520.98	6.91118	5.69567
XM_048215763.1	1033	853.905	0	0
XM_048215764.1	3133	2953.9	0	0
XM_048215765.1	1187	1007.9	0	0
XM_048215766.1	1073	893.905	0	0
XM_048215767.1	883	703.98	1.00706e-06	6.14196e-07
XM_048215768.1	876	696.98	0.464257	0.28599
XM_048215769.1	1872	1692.9	1	0.253619
XM_048215770.1	1116	936.905	0	0
XM_048215771.1	1135	955.905	0	0
XM_048215772.1	915	735.98	0	0
XM_048215773.1	969	789.905	1	0.543549
XM_048215774.1	1008	828.905	0	0
XM_048215775.1	1005	825.905	0	0
XM_048215776.1	1083	903.905	1	0.474997
XM_048215777.1	960	780.905	0	0
XM_048215778.1	4127	3947.9	16.7732	1.82416
XM_048215779.1	954	774.905	0	0
XM_048215780.1	1032	852.905	0	0
XM_048215781.1	924	744.98	0	0
XM_048215782.1	927	747.98	0	0
XM_048215783.1	924	744.98	0	0
XM_048215784.1	942	762.905	0	0
XM_048215785.1	927	747.98	0	0
XM_048215786.1	936	756.98	0	0
XM_048215787.1	948	768.905	0	0
XM_048215788.1	960	780.905	0	0
XM_048215789.1	4216	4036.9	0	0
XM_048215790.1	456	277.419	0	0
XM_048215791.1	1743	1563.9	0	0
XM_048215792.1	426	247.808	0	0
XM_048215793.1	14482	14302.9	9.29763	0.279101
XM_048215794.1	14386	14206.9	0	0
XM_048215795.1	14246	14066.9	0.00283331	8.64787e-05
XM_048215796.1	1468	1288.9	0	0
XM_048215797.1	1353	1173.9	0	0
XM_048215798.1	273	108.399	0	0
XM_048215799.1	729	549.98	0	0
XM_048215800.1	4977	4797.9	13.7483	1.2303
XM_048215801.1	5054	4874.9	1.80959	0.159378
XM_048215802.1	4904	4724.9	257.631	23.4109
XM_048215803.1	5091	4911.9	0	0
XM_048215804.1	766	586.98	0	0
XM_048215805.1	722	542.98	0	0
XM_048215806.1	4271	4091.9	0	0
XM_048215807.1	4234	4054.9	0	0
XM_048215808.1	4547	4367.9	0	0
XM_048215809.1	1024	844.905	0	0
XM_048215810.1	5518	5338.9	1.62211	0.130449
XM_048215811.1	5469	5289.9	125.119	10.1552
XM_048215812.1	924	744.98	0	0
XM_048215813.1	634	454.98	0	0
XM_048215814.1	2249	2069.9	3.05296	0.633262
XM_048215815.1	2186	2006.9	0	0
XM_048215816.1	3238	3058.9	0	0
XM_048215817.1	6099	5919.9	7.01214	0.508568
XM_048215818.1	1280	1100.9	0	0
XM_048215819.1	1964	1784.9	1	0.240546
XM_048215820.1	2354	2174.9	0	0
XM_048215821.1	835	655.98	0	0
XM_048215822.1	1310	1130.9	0	0
XM_048215823.1	2025	1845.9	0	0
XM_048215824.1	3906	3726.9	0	0
XM_048215825.1	3980	3800.9	0	0
XM_048215826.1	10385	10205.9	4	0.168276
XM_048215827.1	6586	6406.9	3.43115	0.229935
XM_048215828.1	1215	1035.9	0	0
XM_048215829.1	5054	4874.9	0	0
XM_048215830.1	1828	1648.9	0	0
XM_048215831.1	4675	4495.9	0	0
XM_048215832.1	7516	7336.9	2	0.117039
XM_048215833.1	1551	1371.9	2.42285	0.758255
XM_048215834.1	1095	915.905	0	0
XM_048215835.1	795	615.98	2.93763	2.04759
XM_048215836.1	498	319.091	0	0
XM_048215837.1	637	457.98	0	0
XM_048215838.1	8922	8742.9	0	0
XM_048215839.1	2650	2470.9	20.5762	3.57538
XM_048215840.1	3153	2973.9	0	0
XM_048215841.1	2393	2213.9	8.13559	1.57777
XM_048215842.1	2360	2180.9	3.86405	0.760711
XM_048215843.1	2257	2077.9	0	0
XM_048215844.1	2766	2586.9	0	0
XM_048215845.1	2072	1892.9	0.112175	0.0254438
XM_048215846.1	2718	2538.9	6.97271	1.17915
XM_048215847.1	3926	3746.9	0	0
XM_048215848.1	4216	4036.9	0	0
XM_048215849.1	2396	2216.9	0	0
XM_048215850.1	1064	884.905	32.0654	15.558
XM_048215851.1	2321	2141.9	0	0
XM_048215852.1	2048	1868.9	0	0
XM_048215853.1	5013	4833.9	0	0
XM_048215854.1	2218	2038.9	0	0
XM_048215855.1	1980	1800.9	16.2258	3.86838
XM_048215856.1	2708	2528.9	0	0
XM_048215857.1	2335	2155.9	0	0
XM_048215858.1	2443	2263.9	0	0
XM_048215859.1	1575	1395.9	1.91691	0.589603
XM_048215860.1	6027	5847.9	1.6807	0.123397
XM_048215861.1	2394	2214.9	0	0
XM_048215862.1	2103	1923.9	0	0
XM_048215863.1	2501	2321.9	0	0
XM_048215864.1	2320	2140.9	0	0
XM_048215865.1	2319	2139.9	0	0
XM_048215866.1	2622	2442.9	88.3331	15.5249
XM_048215867.1	2046	1866.9	0	0
XM_048215868.1	1803	1623.9	35.5276	9.39331
XM_048215869.1	1506	1326.9	0	0
XM_048215870.1	4021	3841.9	2.51042	0.280552
XM_048215871.1	1437	1257.9	0	0
XM_048215872.1	6680	6500.9	2.06237	0.136209
XM_048215873.1	1192	1012.9	1	0.423882
XM_048215874.1	519	340.091	0	0
XM_048215875.1	633	453.98	12.8829	12.184
XM_048215876.1	594	414.98	2.30278	2.38253
XM_048215877.1	4399	4219.9	0	0
XM_048215878.1	1184	1004.9	0	0
XM_048215879.1	547	368.056	0	0
XM_048215880.1	507	328.091	0	0
XM_048215881.1	1526	1346.9	0	0
XM_048215882.1	557	378.018	12.3755	14.0561
XM_048215883.1	3737	3557.9	3.9975	0.482401
XM_048215884.1	664	484.98	2.30482	2.04045
XM_048215885.1	922	742.98	0	0
XM_048215886.1	557	378.018	6.12091	6.95211
XM_048215887.1	2881	2701.9	2.21072	0.351299
XM_048215888.1	2743	2563.9	0	0
XM_048215889.1	1546	1366.9	5	1.57053
XM_048215890.1	511	332.091	1	1.29287
XM_048215891.1	2908	2728.9	0	0
XM_048215892.1	2575	2395.9	0	0
XM_048215893.1	1440	1260.9	2.7708	0.943487
XM_048215894.1	2820	2640.9	0	0
XM_048215895.1	2018	1838.9	0	0
XM_048215896.1	2644	2464.9	0	0
XM_048215897.1	6374	6194.9	0	0
XM_048215898.1	1161	981.905	0	0
XM_048215899.1	557	378.018	6.12091	6.95211
XM_048215900.1	1672	1492.9	38.0906	10.9547
XM_048215901.1	679	499.98	0	0
XM_048215902.1	621	441.98	0	0
XM_048215903.1	6414	6234.9	0	0
XM_048215904.1	493	314.154	0	0
XM_048215905.1	1617	1437.9	0	0
XM_048215906.1	601	421.98	0	0
XM_048215907.1	1622	1442.9	0	0
XM_048215908.1	467	288.277	9	13.4044
XM_048215909.1	1586	1406.9	178.909	54.5987
XM_048215910.1	3274	3094.9	0	0
XM_048215911.1	3723	3543.9	1.5	0.181728
XM_048215912.1	2355	2175.9	153	30.1901
XM_048215913.1	5679	5499.9	0	0
XM_048215914.1	8504	8324.9	0	0
XM_048215915.1	6327	6147.9	0	0
XM_048215916.1	5666	5486.9	0	0
XM_048215917.1	6016	5836.9	0	0
XM_048215918.1	25124	24944.9	6.74084	0.116023
XM_048215919.1	3721	3541.9	0	0
XM_048215920.1	3679	3499.9	0	0
XM_048215921.1	6273	6093.9	0	0
XM_048215922.1	7462	7282.9	0	0
XM_048215923.1	7423	7243.9	0	0
XM_048215924.1	7132	6952.9	0	0
XM_048215925.1	7384	7204.9	0	0
XM_048215926.1	7345	7165.9	0	0
XM_048215927.1	3354	3174.9	4.88688	0.660868
XM_048215928.1	8529	8349.9	0	0
XM_048215929.1	19036	18856.9	0	0
XM_048215930.1	3367	3187.9	9.11666	1.22785
XM_048215931.1	3730	3550.9	0	0
XM_048215932.1	3688	3508.9	0	0
XM_048215933.1	3362	3182.9	0.183123	0.024702
XM_048215934.1	479	300.247	0.25	0.357499
XM_048215935.1	2641	2461.9	0	0
XM_048215936.1	2597	2417.9	0	0
XM_048215937.1	2621	2441.9	0	0
XM_048215938.1	2631	2451.9	0	0
XM_048215939.1	695	515.98	0	0
XM_048215940.1	613	433.98	0	0
XM_048215941.1	637	457.98	0	0
XM_048215942.1	10892	10712.9	3.72766	0.149397
XM_048215943.1	939	759.905	0	0
XM_048215944.1	939	759.905	0.5	0.282504
XM_048215945.1	936	756.98	0	0
XM_048215946.1	933	753.98	0	0
XM_048215947.1	927	747.98	0	0
XM_048215948.1	834	654.98	0	0
XM_048215949.1	816	636.98	0	0
XM_048215950.1	1080	900.905	0	0
XM_048215951.1	2350	2170.9	0	0
XM_048215952.1	2147	1967.9	15.4944	3.38053
XM_048215953.1	2497	2317.9	0	0
XM_048215954.1	2159	1979.9	0.005555	0.00120463
XM_048215955.1	3393	3213.9	0	0
XM_048215956.1	2594	2414.9	0	0
XM_048215957.1	2375	2195.9	0	0
XM_048215958.1	2365	2185.9	0	0
XM_048215959.1	7201	7021.9	31.6292	1.93396
XM_048215960.1	7010	6830.9	0	0
XM_048215961.1	6989	6809.9	0	0
XM_048215962.1	6950	6770.9	0	0
XM_048215963.1	5176	4996.9	0	0
XM_048215964.1	5065	4885.9	10.2055	0.896812
XM_048215965.1	5230	5050.9	0	0
XM_048215966.1	5647	5467.9	27.181	2.13431
XM_048215967.1	5564	5384.9	5.81556	0.463689
XM_048215968.1	4870	4690.9	0	0
XM_048215969.1	7810	7630.9	550.105	30.9516
XM_048215970.1	8838	8658.9	0	0
XM_048215971.1	12289	12109.9	0	0
XM_048215972.1	12271	12091.9	0	0
XM_048215973.1	33967	33787.9	0	0
XM_048215974.1	5043	4863.9	217.57	19.2055
XM_048215975.1	5743	5563.9	0	0
XM_048215976.1	12235	12055.9	0	0
XM_048215977.1	33930	33750.9	0.000251964	3.20529e-06
XM_048215978.1	5705	5525.9	6.18867	0.480847
XM_048215979.1	5684	5504.9	0	0
XM_048215980.1	4986	4806.9	432.953	38.6713
XM_048215981.1	33910	33730.9	0	0
XM_048215982.1	12230	12050.9	0	0
XM_048215983.1	33873	33693.9	2.65923e-05	3.38858e-07
XM_048215984.1	5646	5466.9	1.12482e-05	8.83396e-07
XM_048215985.1	12160	11980.9	0	0
XM_048215986.1	33853	33673.9	0.000227613	2.90213e-06
XM_048215987.1	5624	5444.9	10.1923	0.803702
XM_048215988.1	12176	11996.9	0	0
XM_048215989.1	12124	11944.9	58.9291	2.11817
XM_048215990.1	33815	33635.9	110.682	1.41283
XM_048215991.1	8629	8449.9	0	0
XM_048215992.1	5585	5405.9	811.443	64.447
XM_048215993.1	11400	11220.9	0	0
XM_048215994.1	12140	11960.9	0	0
XM_048215995.1	11382	11202.9	0	0
XM_048215996.1	11346	11166.9	0	0
XM_048215997.1	12083	11903.9	0	0
XM_048215998.1	33779	33599.9	0	0
XM_048215999.1	4740	4560.9	55.5279	5.22725
XM_048216000.1	11325	11145.9	0	0
XM_048216001.1	12065	11885.9	0	0
XM_048216002.1	33758	33578.9	3.21838e-06	4.11513e-08
XM_048216003.1	11289	11109.9	0	0
XM_048216004.1	12029	11849.9	0	0
XM_048216005.1	33721	33541.9	1.73635e-05	2.22261e-07
XM_048216006.1	6917	6737.9	4.66107	0.297012
XM_048216007.1	2592	2412.9	0	0
XM_048216008.1	11271	11091.9	0	0
XM_048216009.1	11287	11107.9	0	0
XM_048216010.1	11235	11055.9	5.91422	0.229676
XM_048216011.1	11176	10996.9	0	0
XM_048216012.1	11140	10960.9	0	0
XM_048216013.1	2203	2023.9	0	0
XM_048216014.1	2777	2597.9	0	0
XM_048216015.1	2745	2565.9	0	0
XM_048216016.1	3360	3180.9	0	0
XM_048216017.1	2364	2184.9	0	0
XM_048216018.1	3392	3212.9	0	0
XM_048216019.1	3264	3084.9	0	0
XM_048216020.1	2935	2755.9	0	0
XM_048216021.1	4102	3922.9	2.7822	0.304505
XM_048216022.1	3269	3089.9	0	0
XM_048216023.1	3339	3159.9	0	0
XM_048216024.1	2724	2544.9	13.8491	2.33649
XM_048216025.1	2692	2512.9	3.82514	0.65356
XM_048216026.1	2844	2664.9	0	0
XM_048216027.1	2489	2309.9	0	0
XM_048216028.1	2793	2613.9	0	0
XM_048216029.1	3274	3094.9	0	0
XM_048216030.1	3267	3087.9	0	0
XM_048216031.1	2702	2522.9	0	0
XM_048216032.1	2828	2648.9	0	0
XM_048216033.1	2999	2819.9	0	0
XM_048216034.1	2958	2778.9	0	0
XM_048216035.1	2446	2266.9	0	0
XM_048216036.1	4738	4558.9	0.622283	0.0586059
XM_048216037.1	4769	4589.9	0	0
XM_048216038.1	1633	1453.9	0	0
XM_048216039.1	2351	2171.9	0	0
XM_048216040.1	11139	10959.9	2.0008	0.0783811
XM_048216041.1	4864	4684.9	0	0
XM_048216042.1	3596	3416.9	0	0
XM_048216043.1	7253	7073.9	0	0
XM_048216044.1	8704	8524.9	0	0
XM_048216045.1	4833	4653.9	0	0
XM_048216046.1	4627	4447.9	4.077	0.393549
XM_048216047.1	5333	5153.9	0	0
XM_048216048.1	4668	4488.9	2.57058e-05	2.45869e-06
XM_048216049.1	5320	5140.9	0	0
XM_048216050.1	5317	5137.9	0	0
XM_048216051.1	5372	5192.9	0	0
XM_048216052.1	5281	5101.9	0	0
XM_048216053.1	5319	5139.9	33.5939	2.8062
XM_048216054.1	4730	4550.9	0	0
XM_048216055.1	5278	5098.9	0	0
XM_048216056.1	5389	5209.9	0	0
XM_048216057.1	5310	5130.9	0	0
XM_048216058.1	5271	5091.9	0	0
XM_048216059.1	5230	5050.9	0	0
XM_048216060.1	11115	10935.9	0	0
XM_048216061.1	11536	11356.9	0	0
XM_048216062.1	5944	5764.9	0	0
XM_048216063.1	856	676.98	0	0
XM_048216064.1	2147	1967.9	0	0
XM_048216065.1	7795	7615.9	0.0026426	0.000148978
XM_048216066.1	7766	7586.9	0	0
XM_048216067.1	7755	7575.9	53.7955	3.04877
XM_048216068.1	7734	7554.9	0	0
XM_048216069.1	7731	7551.9	103.655	5.89313
XM_048216070.1	7747	7567.9	0	0
XM_048216071.1	7739	7559.9	2.31814e-08	1.31655e-09
XM_048216072.1	7709	7529.9	0	0
XM_048216073.1	7626	7446.9	0	0
XM_048216074.1	7377	7197.9	0	0
XM_048216075.1	7278	7098.9	0	0
XM_048216076.1	7275	7095.9	49.5807	2.99998
XM_048216077.1	7771	7591.9	0	0
XM_048216078.1	7742	7562.9	0	0
XM_048216079.1	7682	7502.9	0	0
XM_048216080.1	8186	8006.9	52.058	2.79149
XM_048216081.1	8157	7977.9	0.00182908	9.84369e-05
XM_048216082.1	9929	9749.9	0	0
XM_048216083.1	9898	9718.9	74	3.2691
XM_048216084.1	9714	9534.9	0	0
XM_048216085.1	2876	2696.9	0	0
XM_048216086.1	4040	3860.9	16.6139	1.84755
XM_048216087.1	3008	2828.9	68.3548	10.3744
XM_048216088.1	3138	2958.9	0	0
XM_048216089.1	1678	1498.9	0	0
XM_048216090.1	1217	1037.9	0	0
XM_048216091.1	1749	1569.9	0	0
XM_048216092.1	9851	9671.9	25.5024	1.13209
XM_048216093.1	5569	5389.9	55.6402	4.43222
XM_048216094.1	3440	3260.9	0	0
XM_048216095.1	8565	8385.9	170.375	8.72306
XM_048216096.1	8533	8353.9	158.625	8.1526
XM_048216097.1	18426	18246.9	5.07617e-07	1.19443e-08
XM_048216098.1	3920	3740.9	8.20754	0.941997
XM_048216099.1	10414	10234.9	0.220626	0.00925523
XM_048216100.1	3340	3160.9	0	0
XM_048216101.1	4450	4270.9	80.5733	8.1
XM_048216102.1	4455	4275.9	17.5014	1.75735
XM_048216103.1	3346	3166.9	1.40086e-05	1.89921e-06
XM_048216104.1	4076	3896.9	0	0
XM_048216105.1	8865	8685.9	0.0974162	0.00481537
XM_048216106.1	13820	13640.9	25.1481	0.791544
XM_048216107.1	3854	3674.9	26.0123	3.03911
XM_048216108.1	3732	3552.9	27.3467	3.30472
XM_048216109.1	1886	1706.9	2.75854	0.693878
XM_048216110.1	1531	1351.9	0	0
XM_048216111.1	1304	1124.9	0	0
XM_048216112.1	1747	1567.9	0	0
XM_048216113.1	8945	8765.9	0	0
XM_048216114.1	3457	3277.9	5.12057	0.670711
XM_048216115.1	1681	1501.9	0	0
XM_048216116.1	5504	5324.9	0	0
XM_048216117.1	6789	6609.9	49	3.18284
XM_048216118.1	1414	1234.9	0	0
XM_048216119.1	1324	1144.9	2	0.750022
XM_048216120.1	1191	1011.9	0	0
XM_048216121.1	658	478.98	0	0
XM_048216122.1	531	352.091	0	0
XM_048216123.1	1866	1686.9	0	0
XM_048216124.1	1722	1542.9	0	0
XM_048216125.1	1128	948.905	0	0
XM_048216126.1	5178	4998.9	70.7629	6.07777
XM_048216127.1	1083	903.905	4	1.89999
XM_048216128.1	5170	4990.9	1.02051e-07	8.77913e-09
XM_048216129.1	4719	4539.9	4.05871	0.383844
XM_048216130.1	4888	4708.9	0	0
XM_048216131.1	2460	2280.9	1.96085	0.369106
XM_048216132.1	4360	4180.9	14.0299	1.44078
XM_048216133.1	2761	2581.9	8.14481	1.35442
XM_048216134.1	2890	2710.9	0	0
XM_048216135.1	2823	2643.9	0	0
XM_048216136.1	2981	2801.9	0	0
XM_048216137.1	2588	2408.9	0	0
XM_048216138.1	3738	3558.9	45.2495	5.45897
XM_048216139.1	8489	8309.9	30.3421	1.5677
XM_048216140.1	8157	7977.9	0	0
XM_048216141.1	3650	3470.9	0	0
XM_048216142.1	4278	4098.9	0	0
XM_048216143.1	4505	4325.9	0	0
XM_048216144.1	6032	5852.9	2	0.146714
XM_048216145.1	3669	3489.9	0	0
XM_048216146.1	3646	3466.9	0	0
XM_048216147.1	3196	3016.9	0	0
XM_048216148.1	2433	2253.9	0.000947657	0.000180521
XM_048216149.1	2374	2194.9	0	0
XM_048216150.1	2211	2031.9	0	0
XM_048216151.1	4588	4408.9	61	5.94036
XM_048216152.1	2083	1903.9	0	0
XM_048216153.1	2200	2020.9	13.9509	2.96394
XM_048216154.1	589	409.98	4.88732	5.11825
XM_048216155.1	332	158.321	12.6708	34.362
XM_048216156.1	4275	4095.9	0	0
XM_048216157.1	3829	3649.9	0	0
XM_048216158.1	3974	3794.9	0	0
XM_048216159.1	4076	3896.9	0	0
XM_048216160.1	3887	3707.9	0	0
XM_048216161.1	4176	3996.9	0	0
XM_048216162.1	481	302.247	0	0
XM_048216163.1	1947	1767.9	0	0
XM_048216164.1	26821	26641.9	26.8272	0.432338
XM_048216165.1	26336	26156.9	0.703891	0.011554
XM_048216166.1	6323	6143.9	0	0
XM_048216167.1	2615	2435.9	3.3969	0.598738
XM_048216168.1	3334	3154.9	27.1849	3.6996
XM_048216169.1	3673	3493.9	0	0
XM_048216170.1	3698	3518.9	0	0
XM_048216171.1	3590	3410.9	0	0
XM_048216172.1	3613	3433.9	0	0
XM_048216173.1	3573	3393.9	0	0
XM_048216174.1	3317	3137.9	0	0
XM_048216175.1	3680	3500.9	7.10536e-08	8.71403e-09
XM_048216176.1	3596	3416.9	7.99748	1.00493
XM_048216177.1	3279	3099.9	0	0
XM_048216178.1	3570	3390.9	0	0
XM_048216179.1	3677	3497.9	26.1076	3.20459
XM_048216180.1	3275	3095.9	64.3808	8.92858
XM_048216181.1	3276	3096.9	0	0
XM_048216182.1	3450	3270.9	0	0
XM_048216183.1	3440	3260.9	0	0
XM_048216184.1	3568	3388.9	0	0
XM_048216185.1	3999	3819.9	0	0
XM_048216186.1	3212	3032.9	0	0
XM_048216187.1	3991	3811.9	0	0
XM_048216188.1	3386	3206.9	0	0
XM_048216189.1	3960	3780.9	8.84299	1.00419
XM_048216190.1	3280	3100.9	0	0
XM_048216191.1	3962	3782.9	0	0
XM_048216192.1	3383	3203.9	0	0
XM_048216193.1	3958	3778.9	0	0
XM_048216194.1	3944	3764.9	0	0
XM_048216195.1	1470	1290.9	5.45979	1.81591
XM_048216196.1	1951	1771.9	0	0
XM_048216197.1	9401	9221.9	80.9362	3.76821
XM_048216198.1	7725	7545.9	26.0738	1.48356
XM_048216199.1	1574	1394.9	0	0
XM_048216200.1	13221	13041.9	71.3075	2.34751
XM_048216201.1	5702	5522.9	1.50312	0.116853
XM_048216202.1	15966	15786.9	3	0.0815901
XM_048216203.1	3071	2891.9	0	0
XM_048216204.1	2953	2773.9	0	0
XM_048216205.1	3068	2888.9	0	0
XM_048216206.1	3064	2884.9	1.36301e-07	2.02853e-08
XM_048216207.1	3093	2913.9	0	0
XM_048216208.1	3030	2850.9	0	0
XM_048216209.1	3134	2954.9	0	0
XM_048216210.1	2903	2723.9	0	0
XM_048216211.1	3188	3008.9	0	0
XM_048216212.1	3023	2843.9	17.6581	2.6659
XM_048216213.1	2958	2778.9	0	0
XM_048216214.1	3569	3389.9	0	0
XM_048216215.1	2951	2771.9	0	0
XM_048216216.1	3037	2857.9	0	0
XM_048216217.1	3021	2841.9	0	0
XM_048216218.1	3069	2889.9	0	0
XM_048216219.1	3058	2878.9	3.62089	0.540009
XM_048216220.1	3996	3816.9	0	0
XM_048216221.1	570	390.98	0	0
XM_048216222.1	6352	6172.9	95	6.60766
XM_048216223.1	3072	2892.9	83.6386	12.4133
XM_048216224.1	10785	10605.9	117.805	4.76903
XM_048216225.1	3673	3493.9	0	0
XM_048216226.1	2785	2605.9	0.000549319	9.05065e-05
XM_048216227.1	2989	2809.9	0	0
XM_048216228.1	2682	2502.9	0	0
XM_048216229.1	2215	2035.9	0	0
XM_048216230.1	1848	1668.9	0.185981	0.0478466
XM_048216231.1	6044	5864.9	973.919	71.2977
XM_048216232.1	5831	5651.9	0.000197266	1.49855e-05
XM_048216233.1	1671	1491.9	0	0
XM_048216234.1	2443	2263.9	0	0
XM_048216235.1	4658	4478.9	0	0
XM_048216236.1	4197	4017.9	0	0
XM_048216237.1	4386	4206.9	0	0
XM_048216238.1	2962	2782.9	0	0
XM_048216239.1	3428	3248.9	0	0
XM_048216240.1	2935	2755.9	0	0
XM_048216241.1	6459	6279.9	8	0.546953
XM_048216242.1	6032	5852.9	0	0
XM_048216243.1	5634	5454.9	0	0
XM_048216244.1	3703	3523.9	0	0
XM_048216245.1	2954	2774.9	7.4903	1.15895
XM_048216246.1	7703	7523.9	8.98848	0.512928
XM_048216247.1	5211	5031.9	0	0
XM_048216248.1	5127	4947.9	0	0
XM_048216249.1	3196	3016.9	567.907	80.822
XM_048216250.1	3333	3153.9	108.833	14.8158
XM_048216251.1	5973	5793.9	0	0
XM_048216252.1	1351	1171.9	0	0
XM_048216253.1	4314	4134.9	6	0.623016
XM_048216254.1	4289	4109.9	0	0
XM_048216255.1	2240	2060.9	0	0
XM_048216256.1	19123	18943.9	15.8553	0.359351
XM_048216257.1	19020	18840.9	0	0
XM_048216258.1	3330	3150.9	5.16408	0.703673
XM_048216259.1	11197	11017.9	3.52143	0.137225
XM_048216260.1	7727	7547.9	0	0
XM_048216261.1	2194	2014.9	0	0
XM_048216262.1	2255	2075.9	11	2.27509
XM_048216263.1	14619	14439.9	0.0433178	0.001288
XM_048216264.1	2105	1925.9	1.35317	0.301669
XM_048216265.1	11994	11814.9	7.38912	0.26852
XM_048216266.1	14806	14626.9	0	0
XM_048216267.1	1293	1113.9	1	0.385448
XM_048216268.1	4841	4661.9	0	0
XM_048216269.1	4670	4490.9	21.5768	2.06285
XM_048216270.1	3355	3175.9	4.95638e-08	6.70055e-09
XM_048216271.1	3886	3706.9	10.9999	1.27406
XM_048216272.1	5705	5525.9	0	0
XM_048216273.1	5620	5440.9	85.8565	6.7751
XM_048216274.1	5493	5313.9	0	0
XM_048216275.1	5447	5267.9	0	0
XM_048216276.1	9271	9091.9	304.042	14.358
XM_048216277.1	8817	8637.9	426.693	21.209
XM_048216278.1	2193	2013.9	0	0
XM_048216279.1	5202	5022.9	0	0
XM_048216280.1	2872	2692.9	0	0
XM_048216281.1	2447	2267.9	0	0
XM_048216282.1	2391	2211.9	0	0
XM_048216283.1	2350	2170.9	0	0
XM_048216284.1	2242	2062.9	5.45435	1.13521
XM_048216285.1	2764	2584.9	7.94978	1.32046
XM_048216286.1	2458	2278.9	0.000771591	0.00014537
XM_048216287.1	2512	2332.9	0	0
XM_048216288.1	2493	2313.9	0	0
XM_048216289.1	2369	2189.9	0	0
XM_048216290.1	2318	2138.9	0	0
XM_048216291.1	1752	1572.9	0	0
XM_048216292.1	2058	1878.9	0	0
XM_048216293.1	4211	4031.9	34.5921	3.68366
XM_048216294.1	1557	1377.9	0	0
XM_048216295.1	3491	3311.9	0	0
XM_048216296.1	3287	3107.9	0	0
XM_048216297.1	3006	2826.9	20.8437	3.16576
XM_048216298.1	7981	7801.9	9.8035	0.539503
XM_048216299.1	8449	8269.9	14.7655	0.766588
XM_048216300.1	5617	5437.9	0	0
XM_048216301.1	3490	3310.9	0	0
XM_048216302.1	4694	4514.9	54.068	5.14168
XM_048216303.1	4305	4125.9	0.391362	0.0407261
XM_048216304.1	3962	3782.9	0	0
XM_048216305.1	2025	1845.9	0	0
XM_048216306.1	1832	1652.9	0	0
XM_048216307.1	8527	8347.9	7.83887	0.403171
XM_048216308.1	4192	4012.9	0	0
XM_048216309.1	3517	3337.9	3.29507	0.423842
XM_048216310.1	1448	1268.9	0	0
XM_048216311.1	3799	3619.9	0	0
XM_048216312.1	498	319.091	0	0
XM_048216313.1	799	619.98	0	0
XM_048216314.1	5988	5808.9	0	0
XM_048216315.1	4108	3928.9	0	0
XM_048216316.1	2019	1839.9	0	0
XM_048216317.1	1911	1731.9	0	0
XM_048216318.1	4477	4297.9	0	0
XM_048216319.1	1448	1268.9	0	0
XM_048216320.1	1807	1627.9	2.71878	0.717064
XM_048216321.1	1605	1425.9	0	0
XM_048216322.1	6578	6398.9	0	0
XM_048216323.1	1188	1008.9	2.17444	0.925359
XM_048216324.1	5378	5198.9	7.11571	0.587652
XM_048216325.1	6604	6424.9	0.0881846	0.00589304
XM_048216326.1	831	651.98	0	0
XM_048216327.1	6159	5979.9	0	0
XM_048216328.1	5976	5796.9	0	0
XM_048216329.1	5976	5796.9	0	0
XM_048216330.1	5645	5465.9	11.6979	0.918881
XM_048216331.1	5793	5613.9	0	0
XM_048216332.1	5700	5520.9	0	0
XM_048216333.1	5219	5039.9	26.0541	2.21956
XM_048216334.1	865	685.98	0	0
XM_048216335.1	3871	3691.9	5.7051	0.663477
XM_048216336.1	5462	5282.9	140.443	11.4141
XM_048216337.1	5433	5253.9	80.1832	6.55261
XM_048216338.1	5519	5339.9	1.27038	0.102145
XM_048216339.1	5470	5290.9	97.7674	7.93373
XM_048216340.1	9246	9066.9	11.3399	0.536987
XM_048216341.1	940	760.905	0	0
XM_048216342.1	1373	1193.9	13.2276	4.75691
XM_048216343.1	15558	15378.9	0	0
XM_048216344.1	15555	15375.9	0	0
XM_048216345.1	15531	15351.9	0	0
XM_048216346.1	15528	15348.9	0	0
XM_048216347.1	15465	15285.9	0	0
XM_048216348.1	15462	15282.9	0	0
XM_048216349.1	15479	15299.9	0	0
XM_048216350.1	15372	15192.9	0	0
XM_048216351.1	15476	15296.9	0	0
XM_048216352.1	15369	15189.9	0	0
XM_048216353.1	14473	14293.9	15.2329	0.457557
XM_048216354.1	15333	15153.9	0	0
XM_048216355.1	15330	15150.9	0	0
XM_048216356.1	15293	15113.9	0	0
XM_048216357.1	15290	15110.9	0	0
XM_048216358.1	15254	15074.9	0	0
XM_048216359.1	15251	15071.9	0	0
XM_048216360.1	15144	14964.9	0	0
XM_048216361.1	8347	8167.9	9609.85	505.149
XM_048216362.1	8338	8158.9	6214.12	327.01
XM_048216363.1	8313	8133.9	576.804	30.4469
XM_048216364.1	8310	8130.9	140.806	7.43527
XM_048216365.1	8320	8140.9	1711.12	90.2447
XM_048216366.1	8311	8131.9	1098.06	57.9761
XM_048216367.1	8286	8106.9	98.7882	5.23195
XM_048216368.1	8283	8103.9	23.8485	1.26352
XM_048216369.1	8245	8065.9	567.31	30.1982
XM_048216370.1	8242	8062.9	136.591	7.27353
XM_048216371.1	8203	8023.9	122.465	6.55302
XM_048216372.1	8215	8035.9	22.5547	1.20508
XM_048216373.1	8268	8088.9	1648.29	87.4898
XM_048216374.1	8259	8079.9	1054.25	56.021
XM_048216375.1	8161	7981.9	4.29913e-08	2.31253e-09
XM_048216376.1	8234	8054.9	93.1309	4.96417
XM_048216377.1	8231	8051.9	22.2652	1.18725
XM_048216378.1	8122	7942.9	282.158	15.252
XM_048216379.1	8113	7933.9	177.958	9.63038
XM_048216380.1	8095	7915.9	45.658	2.47645
XM_048216381.1	8166	7986.9	88.9052	4.77928
XM_048216382.1	8082	7902.9	0	0
XM_048216383.1	8043	7863.9	42.6261	2.32729
XM_048216384.1	7927	7747.9	0	0
XM_048216385.1	7857	7677.9	0	0
XM_048216386.1	1931	1751.9	0	0
XM_048216387.1	13260	13080.9	0	0
XM_048216388.1	6043	5863.9	411.374	30.1206
XM_048216389.1	8553	8373.9	94.6113	4.85097
XM_048216390.1	3928	3748.9	0	0
XM_048216391.1	15688	15508.9	34.6208	0.958451
XM_048216392.1	3274	3094.9	0	0
XM_048216393.1	2141	1961.9	0	0
XM_048216394.1	2134	1954.9	0	0
XM_048216395.1	6021	5841.9	0	0
XM_048216396.1	7126	6946.9	0	0
XM_048216397.1	1853	1673.9	5.1365	1.3175
XM_048216398.1	842	662.98	0	0
XM_048216399.1	2501	2321.9	0	0
XM_048216400.1	577	397.98	0	0
XM_048216401.1	2334	2154.9	0	0
XM_048216402.1	2557	2377.9	0	0
XM_048216403.1	2558	2378.9	0	0
XM_048216404.1	1310	1130.9	0	0
XM_048216405.1	986	806.905	0	0
XM_048216406.1	867	687.98	0	0
XM_048216407.1	1020	840.905	0	0
XM_048216408.1	957	777.905	0	0
XM_048216409.1	2941	2761.9	0	0
XM_048216410.1	4485	4305.9	0	0
XM_048216411.1	2335	2155.9	0	0
XM_048216412.1	2703	2523.9	14.8235	2.52168
XM_048216413.1	2441	2261.9	5.40293	1.02558
XM_048216414.1	1984	1804.9	0	0
XM_048216415.1	1961	1781.9	0	0
XM_048216416.1	1948	1768.9	0	0
XM_048216417.1	1943	1763.9	0	0
XM_048216418.1	1910	1730.9	0	0
XM_048216419.1	462	283.362	0	0
XM_048216420.1	1524	1344.9	0	0
XM_048216421.1	1275	1095.9	18.2195	7.13802
XM_048216422.1	1870	1690.9	1	0.253918
XM_048216423.1	664	484.98	2.30482	2.04045
XM_048216424.1	1017	837.905	0	0
XM_048216425.1	557	378.018	6.12091	6.95211
XM_048216426.1	2889	2709.9	0.0466578	0.00739237
XM_048216427.1	2742	2562.9	0	0
XM_048216428.1	2174	1994.9	0	0
XM_048216429.1	637	457.98	0	0
XM_048216430.1	1206	1026.9	0	0
XM_048216431.1	4272	4092.9	3	0.314705
XM_048216432.1	5775	5595.9	0	0
XM_048216433.1	3221	3041.9	0	0
XM_048216434.1	8978	8798.9	22.5397	1.09985
XM_048216435.1	8609	8429.9	0	0
XM_048216436.1	8485	8305.9	1.27222e-07	6.57643e-09
XM_048216437.1	672	492.98	4.95061	4.31164
XM_048216438.1	1741	1561.9	0	0
XM_048216439.1	1671	1491.9	0	0
XM_048216440.1	1671	1491.9	0	0
XM_048216441.1	4485	4305.9	0	0
XM_048216442.1	939	759.905	0	0
XM_048216443.1	2007	1827.9	0	0
XM_048216444.1	936	756.98	0.666667	0.378127
XM_048216445.1	2238	2058.9	0	0
XM_048216446.1	918	738.98	0	0
XM_048216447.1	2223	2043.9	0	0
XM_048216448.1	2205	2025.9	0	0
XM_048216449.1	1317	1137.9	0	0
XM_048216450.1	4896	4716.9	20.4754	1.86375
XM_048216451.1	3621	3441.9	0	0
XM_048216452.1	3349	3169.9	0	0
XM_048216453.1	1627	1447.9	0	0
XM_048216454.1	1541	1361.9	6.58269	2.07525
XM_048216455.1	2851	2671.9	0.114988	0.0184776
XM_048216456.1	2954	2774.9	0	0
XM_048216457.1	2881	2701.9	0	0
XM_048216458.1	2746	2566.9	20.2853	3.39301
XM_048216459.1	2914	2734.9	0	0
XM_048216460.1	2809	2629.9	0	0
XM_048216461.1	2884	2704.9	0	0
XM_048216462.1	2300	2120.9	0	0
XM_048216463.1	2196	2016.9	0	0
XM_048216464.1	4349	4169.9	0	0
XM_048216465.1	4069	3889.9	0	0
XM_048216466.1	2836	2656.9	26.9298	4.35181
XM_048216467.1	8259	8079.9	36.4636	1.93761
XM_048216468.1	8187	8007.9	46.5258	2.49453
XM_048216469.1	8134	7954.9	139.805	7.54572
XM_048216470.1	8019	7839.9	8.15772	0.446757
XM_048216471.1	7935	7755.9	0	0
XM_048216472.1	7644	7464.9	114.494	6.58524
XM_048216473.1	7446	7266.9	9.82453	0.580465
XM_048216474.1	7278	7098.9	1.36583	0.0826073
XM_048216475.1	7194	7014.9	0	0
XM_048216476.1	2989	2809.9	0	0
XM_048216477.1	2542	2362.9	0	0
XM_048216478.1	2214	2034.9	0.179259	0.0378224
XM_048216479.1	2212	2032.9	7.95027	1.67911
XM_048216480.1	2215	2035.9	0	0
XM_048216481.1	2212	2032.9	0	0
XM_048216482.1	3365	3185.9	0	0
XM_048216483.1	44127	43947.9	12.923	0.126252
XM_048216484.1	13801	13621.9	17.3649	0.547328
XM_048216485.1	13792	13612.9	174.367	5.49953
XM_048216486.1	13663	13483.9	0	0
XM_048216487.1	13615	13435.9	0	0
XM_048216488.1	13063	12883.9	0	0
XM_048216489.1	13042	12862.9	0	0
XM_048216490.1	2236	2056.9	42.4687	8.86478
XM_048216491.1	1144	964.905	0	0
XM_048216492.1	2439	2259.9	0	0
XM_048216493.1	16196	16016.9	29.8253	0.799502
XM_048216494.1	16659	16479.9	0	0
XM_048216495.1	16511	16331.9	35.9571	0.945281
XM_048216496.1	16326	16146.9	62.8238	1.67051
XM_048216497.1	16795	16615.9	0	0
XM_048216498.1	17129	16949.9	0	0
XM_048216499.1	18696	18516.9	7.01157	0.162577
XM_048216500.1	17232	17052.9	0	0
XM_048216501.1	16634	16454.9	0	0
XM_048216502.1	17103	16923.9	0	0
XM_048216503.1	16146	15966.9	0.00384026	0.000103265
XM_048216504.1	16153	15973.9	0	0
XM_048216505.1	5540	5360.9	219.745	17.5993
XM_048216506.1	17219	17039.9	0	0
XM_048216507.1	16287	16107.9	0	0
XM_048216508.1	17193	17013.9	0	0
XM_048216509.1	17064	16884.9	0	0
XM_048216510.1	2143	1963.9	1.13108	0.247279
XM_048216511.1	2271	2091.9	10.0239	2.05736
XM_048216512.1	2240	2060.9	0	0
XM_048216513.1	2092	1912.9	0	0
XM_048216514.1	2556	2376.9	0	0
XM_048216515.1	2425	2245.9	0.182263	0.0348434
XM_048216516.1	2550	2370.9	7.1988	1.30365
XM_048216517.1	2490	2310.9	0	0
XM_048216518.1	2140	1960.9	0	0
XM_048216519.1	10353	10173.9	20.994	0.885975
XM_048216520.1	8635	8455.9	0	0
XM_048216521.1	15579	15399.9	0	0
XM_048216522.1	3959	3779.9	0	0
XM_048216523.1	4050	3870.9	0	0
XM_048216524.1	870	690.98	9.02546	5.60811
XM_048216525.1	13478	13298.9	2.73937	0.08844
XM_048216526.1	3497	3317.9	3	0.388214
XM_048216527.1	3612	3432.9	0	0
XM_048216528.1	2074	1894.9	0	0
XM_048216529.1	2177	1997.9	0	0
XM_048216530.1	2135	1955.9	0	0
XM_048216531.1	2084	1904.9	0	0
XM_048216532.1	1865	1685.9	1	0.254672
XM_048216533.1	2309	2129.9	0	0
XM_048216534.1	1877	1697.9	11.7458	2.97018
XM_048216535.1	1969	1789.9	22.4563	5.38668
XM_048216536.1	455	276.419	0	0
XM_048216537.1	5197	5017.9	0	0
XM_048216538.1	1972	1792.9	0	0
XM_048216539.1	2413	2233.9	0	0
XM_048216540.1	4599	4419.9	0	0
XM_048216541.1	1967	1787.9	41.9081	10.0639
XM_048216542.1	8530	8350.9	0	0
XM_048216543.1	6336	6156.9	0	0
XM_048216544.1	9288	9108.9	0	0
XM_048216545.1	8277	8097.9	1	0.0530201
XM_048216546.1	6082	5902.9	0	0
XM_048216547.1	9585	9405.9	0	0
XM_048216548.1	2526	2346.9	93.8143	17.1628
XM_048216549.1	4092	3912.9	0	0
XM_048216550.1	4276	4096.9	0	0
XM_048216551.1	3983	3803.9	0	0
XM_048216552.1	920	740.98	0	0
XM_048216553.1	11776	11596.9	0	0
XM_048216554.1	6251	6071.9	0	0
XM_048216555.1	4969	4789.9	0	0
XM_048216556.1	4664	4484.9	0.00113578	0.000108732
XM_048216557.1	4628	4448.9	41.9709	4.0505
XM_048216558.1	13911	13731.9	0	0
XM_048216559.1	13796	13616.9	117.018	3.68968
XM_048216560.1	700	520.98	3.76738	3.10478
XM_048216561.1	2041	1861.9	1	0.230598
XM_048216562.1	1764	1584.9	0	0
XM_048216563.1	946	766.905	0	0
XM_048216564.1	945	765.905	0	0
XM_048216565.1	1113	933.905	0	0
XM_048216566.1	612	432.98	0	0
XM_048216567.1	4442	4262.9	0	0
XM_048216568.1	3204	3024.9	0	0
XM_048216569.1	3035	2855.9	3	0.451015
XM_048216570.1	7682	7502.9	1	0.0572248
XM_048216571.1	4596	4416.9	3.06567	0.298004
XM_048216572.1	4465	4285.9	0.000146289	1.46549e-05
XM_048216573.1	4430	4250.9	1.25151e-07	1.26406e-08
XM_048216574.1	4364	4184.9	0.000366927	3.76451e-05
XM_048216575.1	19324	19144.9	122	2.73602
XM_048216576.1	1624	1444.9	0	0
XM_048216577.1	3073	2893.9	0	0
XM_048216578.1	1447	1267.9	0	0
XM_048216579.1	4944	4764.9	0	0
XM_048216580.1	3828	3648.9	4.2673	0.502116
XM_048216581.1	5583	5403.9	0	0
XM_048216582.1	924	744.98	0	0
XM_048216583.1	1273	1093.9	13	5.10243
XM_048216584.1	2398	2218.9	0	0
XM_048216585.1	1960	1780.9	0	0
XM_048216586.1	924	744.98	25.1864	14.5156
XM_048216587.1	3523	3343.9	0	0
XM_048216588.1	3489	3309.9	0	0
XM_048216589.1	3286	3106.9	0.0564238	0.00779736
XM_048216590.1	3386	3206.9	0	0
XM_048216591.1	3373	3193.9	0	0
XM_048216592.1	800	620.98	1.00882	0.69751
XM_048216593.1	3275	3095.9	0	0
XM_048216594.1	3317	3137.9	5.22833e-05	7.1538e-06
XM_048216595.1	3174	2994.9	95.2308	13.6524
XM_048216596.1	3187	3007.9	0	0
XM_048216597.1	3223	3043.9	0	0
XM_048216598.1	3340	3160.9	0	0
XM_048216599.1	2465	2285.9	20.1558	3.78577
XM_048216600.1	2371	2191.9	0	0
XM_048216601.1	3195	3015.9	0	0
XM_048216602.1	2940	2760.9	0	0
XM_048216603.1	3076	2896.9	0	0
XM_048216604.1	2876	2696.9	1	0.159202
XM_048216605.1	3101	2921.9	0	0
XM_048216606.1	3032	2852.9	0	0
XM_048216607.1	4117	3937.9	2.11899	0.231034
XM_048216608.1	4116	3936.9	0.0259535	0.00283044
XM_048216609.1	3311	3131.9	7.49939e-08	1.02809e-08
XM_048216610.1	3108	2928.9	0	0
XM_048216611.1	3182	3002.9	0	0
XM_048216612.1	1527	1347.9	3.52809	1.12381
XM_048216613.1	6560	6380.9	0	0
XM_048216614.1	6556	6376.9	25.7145	1.73134
XM_048216615.1	6557	6377.9	0	0
XM_048216616.1	6539	6359.9	7.70212e-05	5.19964e-06
XM_048216617.1	6521	6341.9	0	0
XM_048216618.1	6518	6338.9	0	0
XM_048216619.1	6500	6320.9	0	0
XM_048216620.1	6518	6338.9	0	0
XM_048216621.1	6472	6292.9	0	0
XM_048216622.1	6515	6335.9	0	0
XM_048216623.1	6469	6289.9	0	0
XM_048216624.1	6468	6288.9	0	0
XM_048216625.1	6452	6272.9	0	0
XM_048216626.1	6436	6256.9	0	0
XM_048216627.1	948	768.905	0	0
XM_048216628.1	6433	6253.9	0	0
XM_048216629.1	6434	6254.9	0	0
XM_048216630.1	6430	6250.9	0	0
XM_048216631.1	6550	6370.9	0	0
XM_048216632.1	5216	5036.9	0	0
XM_048216633.1	5067	4887.9	0	0
XM_048216634.1	1833	1653.9	0	0
XM_048216635.1	4536	4356.9	0	0
XM_048216636.1	933	753.98	0	0
XM_048216637.1	3052	2872.9	0	0
XM_048216638.1	4058	3878.9	0	0
XM_048216639.1	4709	4529.9	6.86874	0.651031
XM_048216640.1	1515	1335.9	19.525	6.27523
XM_048216641.1	10202	10022.9	5	0.214185
XM_048216642.1	4407	4227.9	0	0
XM_048216643.1	6035	5855.9	0	0
XM_048216644.1	2878	2698.9	0.00379851	0.000604281
XM_048216645.1	2854	2674.9	438.547	70.3916
XM_048216646.1	3879	3699.9	1.27973	0.148505
XM_048216647.1	1687	1507.9	0	0
XM_048216648.1	4125	3945.9	32	3.4819
XM_048216649.1	4398	4218.9	0	0
XM_048216650.1	8920	8740.9	0	0
XM_048216651.1	6499	6319.9	0	0
XM_048216652.1	8823	8643.9	0	0
XM_048216653.1	2450	2270.9	104.871	19.8277
XM_048216654.1	1884	1704.9	0	0
XM_048216655.1	3870	3690.9	30.7203	3.5736
XM_048216656.1	13473	13293.9	0.240002	0.00775131
XM_048216657.1	1296	1116.9	0	0
XM_048216658.1	3283	3103.9	0	0
XM_048216659.1	2935	2755.9	1.01419	0.158004
XM_048216660.1	1429	1249.9	4	1.37403
XM_048216661.1	6585	6405.9	0	0
XM_048216662.1	6596	6416.9	0	0
XM_048216663.1	6536	6356.9	0	0
XM_048216664.1	6505	6325.9	72.2764	4.90554
XM_048216665.1	6507	6327.9	14.3941	0.976645
XM_048216666.1	6499	6319.9	0	0
XM_048216667.1	2036	1856.9	0	0
XM_048216668.1	1286	1106.9	0	0
XM_048216669.1	1127	947.905	40.0489	18.1401
XM_048216670.1	789	609.98	0	0
XM_048216671.1	6265	6085.9	0	0
XM_048216672.1	4858	4678.9	0	0
XM_048216673.1	942	762.905	0	0
XM_048216674.1	922	742.98	5.11331	2.95487
XM_048216675.1	3847	3667.9	2.71534	0.317848
XM_048216676.1	984	804.905	0	0
XM_048216677.1	948	768.905	0	0
XM_048216678.1	945	765.905	0	0
XM_048216679.1	1659	1479.9	0	0
XM_048216680.1	1452	1272.9	19	6.40872
XM_048216681.1	1802	1622.9	0	0
XM_048216682.1	1718	1538.9	0	0
XM_048216683.1	1710	1530.9	0	0
XM_048216684.1	1704	1524.9	14.6125	4.1143
XM_048216685.1	6698	6518.9	0	0
XM_048216686.1	8219	8039.9	0	0
XM_048216687.1	8249	8069.9	0	0
XM_048216688.1	8930	8750.9	0	0
XM_048216689.1	8900	8720.9	0	0
XM_048216690.1	8210	8030.9	18.7552	1.0027
XM_048216691.1	6034	5854.9	0	0
XM_048216692.1	1435	1255.9	0	0
XM_048216693.1	4175	3995.9	0	0
XM_048216694.1	4062	3882.9	0	0
XM_048216695.1	3578	3398.9	0	0
XM_048216696.1	4106	3926.9	0	0
XM_048216697.1	3526	3346.9	0	0
XM_048216698.1	3993	3813.9	0	0
XM_048216699.1	3571	3391.9	0	0
XM_048216700.1	3482	3302.9	0	0
XM_048216701.1	4028	3848.9	0	0
XM_048216702.1	3396	3216.9	0	0
XM_048216703.1	3369	3189.9	0	0
XM_048216704.1	3477	3297.9	0	0
XM_048216705.1	3490	3310.9	0	0
XM_048216706.1	3959	3779.9	0	0
XM_048216707.1	3300	3120.9	0	0
XM_048216708.1	3362	3182.9	7.68562	1.03674
XM_048216709.1	3153	2973.9	7.22229	1.0427
XM_048216710.1	5955	5775.9	4	0.29734
XM_048216711.1	2055	1875.9	0	0
XM_048216712.1	1969	1789.9	0	0
XM_048216713.1	1823	1643.9	0	0
XM_048216714.1	1394	1214.9	0	0
XM_048216715.1	945	765.905	0	0
XM_048216716.1	1222	1042.9	103.313	42.5328
XM_048216717.1	678	498.98	0	0
XM_048216718.1	1377	1197.9	0	0
XM_048216719.1	5050	4870.9	0	0
XM_048216720.1	4573	4393.9	49.7687	4.86317
XM_048216721.1	1512	1332.9	0	0
XM_048216722.1	8690	8510.9	0	0
XM_048216723.1	1895	1715.9	0	0
XM_048216724.1	4373	4193.9	2	0.20475
XM_048216725.1	2063	1883.9	1	0.227905
XM_048216726.1	10761	10581.9	0	0
XM_048216727.1	10858	10678.9	0	0
XM_048216728.1	10704	10524.9	0	0
XM_048216729.1	10834	10654.9	0	0
XM_048216730.1	10884	10704.9	0	0
XM_048216731.1	10628	10448.9	0	0
XM_048216732.1	10668	10488.9	0	0
XM_048216733.1	10587	10407.9	0	0
XM_048216734.1	10360	10180.9	1.25556	0.0529499
XM_048216735.1	10489	10309.9	0	0
XM_048216736.1	1775	1595.9	21.2038	5.70452
XM_048216737.1	10530	10350.9	0	0
XM_048216738.1	3709	3529.9	0	0
XM_048216739.1	3766	3586.9	0	0
XM_048216740.1	3612	3432.9	0	0
XM_048216741.1	3648	3468.9	0	0
XM_048216742.1	3243	3063.9	0	0
XM_048216743.1	3409	3229.9	0	0
XM_048216744.1	2778	2598.9	0	0
XM_048216745.1	7450	7270.9	0	0
XM_048216746.1	9818	9638.9	0.139411	0.00620988
XM_048216747.1	9842	9662.9	25.7267	1.14312
XM_048216748.1	9804	9624.9	4.53229e-07	2.02179e-08
XM_048216749.1	9843	9663.9	0.0058959	0.000261946
XM_048216750.1	9806	9626.9	0.880311	0.0392611
XM_048216751.1	9830	9650.9	159.26	7.08518
XM_048216752.1	9723	9543.9	0	0
XM_048216753.1	9758	9578.9	0	0
XM_048216754.1	9711	9531.9	0	0
XM_048216755.1	9746	9566.9	0	0
XM_048216756.1	512	333.091	0	0
XM_048216757.1	972	792.905	0	0
XM_048216758.1	939	759.905	0	0
XM_048216759.1	1455	1275.9	4.24757	1.42934
XM_048216760.1	978	798.905	0	0
XM_048216761.1	4736	4556.9	0	0
XM_048216762.1	2749	2569.9	0	0
XM_048216763.1	1307	1127.9	0	0
XM_048216764.1	2108	1928.9	3	0.667765
XM_048216765.1	2068	1888.9	0	0
XM_048216766.1	7383	7203.9	2.74202	0.163424
XM_048216767.1	1222	1042.9	0	0
XM_048216768.1	2717	2537.9	5.04886	0.854144
XM_048216769.1	3191	3011.9	0.999885	0.142535
XM_048216770.1	5799	5619.9	0	0
XM_048216771.1	5797	5617.9	0.0262307	0.0020047
XM_048216772.1	3135	2955.9	10.3951	1.50991
XM_048216773.1	9939	9759.9	28.0738	1.23501
XM_048216774.1	9719	9539.9	139.352	6.27167
XM_048216775.1	32769	32589.9	8.73738	0.11511
XM_048216776.1	10300	10120.9	0	0
XM_048216777.1	9890	9710.9	49.5625	2.19132
XM_048216778.1	10066	9886.9	0	0
XM_048216779.1	10054	9874.9	0	0
XM_048216780.1	7167	6987.9	10.3292	0.634647
XM_048216781.1	2305	2125.9	0	0
XM_048216782.1	936	756.98	0	0
XM_048216783.1	5984	5804.9	0	0
XM_048216784.1	1818	1638.9	0	0
XM_048216785.1	5835	5655.9	0.00024904	1.89052e-05
XM_048216786.1	1733	1553.9	2.68393	0.741583
XM_048216787.1	5807	5627.9	33.2077	2.53341
XM_048216788.1	1655	1475.9	0	0
XM_048216789.1	1625	1445.9	0.149151	0.0442895
XM_048216790.1	1598	1418.9	0	0
XM_048216791.1	5674	5494.9	0	0
XM_048216792.1	1793	1613.9	4.59702	1.22296
XM_048216793.1	7725	7545.9	0	0
XM_048216794.1	1647	1467.9	4.6939	1.37293
XM_048216795.1	7632	7452.9	9.59284e-08	5.52631e-09
XM_048216796.1	7600	7420.9	32.3061	1.86914
XM_048216797.1	939	759.905	0	0
XM_048216798.1	4618	4438.9	4.02113e-08	3.88943e-09
XM_048216799.1	4643	4463.9	40.181	3.86473
XM_048216800.1	5622	5442.9	0	0
XM_048216801.1	5545	5365.9	0	0
XM_048216802.1	5599	5419.9	0	0
XM_048216803.1	5575	5395.9	0	0
XM_048216804.1	5485	5305.9	1.61363	0.130574
XM_048216805.1	5566	5386.9	0	0
XM_048216806.1	4534	4354.9	9.8191	0.968069
XM_048216807.1	5461	5281.9	121.579	9.88283
XM_048216808.1	5452	5272.9	169.899	13.8342
XM_048216809.1	5544	5364.9	0	0
XM_048216810.1	5490	5310.9	0	0
XM_048216811.1	5425	5245.9	0	0
XM_048216812.1	5520	5340.9	0	0
XM_048216813.1	5401	5221.9	0	0
XM_048216814.1	4531	4351.9	24.1341	2.38103
XM_048216815.1	5430	5250.9	0	0
XM_048216816.1	5534	5354.9	0	0
XM_048216817.1	5473	5293.9	0.198923	0.0161332
XM_048216818.1	5473	5293.9	0	0
XM_048216819.1	5392	5212.9	0	0
XM_048216820.1	5421	5241.9	0	0
XM_048216821.1	5449	5269.9	28.7287	2.3406
XM_048216822.1	5368	5188.9	0.000808023	6.68593e-05
XM_048216823.1	5359	5179.9	0.000584025	4.84087e-05
XM_048216824.1	798	618.98	32.8658	22.7972
XM_048216825.1	22831	22651.9	6.04816	0.114639
XM_048216826.1	1387	1207.9	0	0
XM_048216827.1	2942	2762.9	129.511	20.1259
XM_048216828.1	4032	3852.9	0	0
XM_048216829.1	3390	3210.9	5	0.668584
XM_048216830.1	3104	2924.9	0	0
XM_048216831.1	5130	4950.9	9	0.780497
XM_048216832.1	4055	3875.9	0	0
XM_048216833.1	4072	3892.9	0	0
XM_048216834.1	4619	4439.9	13.457	1.30133
XM_048216835.1	1616	1436.9	220.329	65.8349
XM_048216836.1	4327	4147.9	71.9012	7.44253
XM_048216837.1	4770	4590.9	0	0
XM_048216838.1	4811	4631.9	0	0
XM_048216839.1	4505	4325.9	0	0
XM_048216840.1	4345	4165.9	0.000431482	4.447e-05
XM_048216841.1	4187	4007.9	0	0
XM_048216842.1	5241	5061.9	0	0
XM_048216843.1	1891	1711.9	0	0
XM_048216844.1	2076	1896.9	0	0
XM_048216845.1	1416	1236.9	0	0
XM_048216846.1	2256	2076.9	0	0
XM_048216847.1	9693	9513.9	0.0284386	0.0012834
XM_048216848.1	9649	9469.9	12.0537	0.546495
XM_048216849.1	954	774.905	0	0
XM_048216850.1	24815	24635.9	0.0139886	0.000243791
XM_048216851.1	10377	10197.9	0	0
XM_048216852.1	10165	9985.9	0	0
XM_048216853.1	10226	10046.9	0	0
XM_048216854.1	10420	10240.9	0	0
XM_048216855.1	10273	10093.9	0	0
XM_048216856.1	24711	24531.9	3.49446	0.0611592
XM_048216857.1	24784	24604.9	0.0723409	0.00126234
XM_048216858.1	10341	10161.9	0	0
XM_048216859.1	9770	9590.9	0	0
XM_048216860.1	9766	9586.9	0	0
XM_048216861.1	939	759.905	0	0
XM_048216862.1	6765	6585.9	5	0.325963
XM_048216863.1	777	597.98	0	0
XM_048216864.1	930	750.98	0	0
XM_048216865.1	7149	6969.9	1	0.0616008
XM_048216866.1	2306	2126.9	0	0
XM_048216867.1	4452	4272.9	2	0.200965
XM_048216868.1	7017	6837.9	0	0
XM_048216869.1	6944	6764.9	0	0
XM_048216870.1	7006	6826.9	0	0
XM_048216871.1	4363	4183.9	0	0
XM_048216872.1	2115	1935.9	0	0
XM_048216873.1	1987	1807.9	0	0
XM_048216874.1	4259	4079.9	0	0
XM_048216875.1	3906	3726.9	0	0
XM_048216876.1	3793	3613.9	4.99996	0.594024
XM_048216877.1	3878	3698.9	0	0
XM_048216878.1	3840	3660.9	2.37499e-07	2.7854e-08
XM_048216879.1	1472	1292.9	23	7.63791
XM_048216880.1	2283	2103.9	0	0
XM_048216881.1	3749	3569.9	0	0
XM_048216882.1	3689	3509.9	0	0
XM_048216883.1	3589	3409.9	0	0
XM_048216884.1	8344	8164.9	4	0.21034
XM_048216885.1	2167	1987.9	0	0
XM_048216886.1	2360	2180.9	0	0
XM_048216887.1	2413	2233.9	0	0
XM_048216888.1	2287	2107.9	0	0
XM_048216889.1	10594	10414.9	0	0
XM_048216890.1	6139	5959.9	47.7111	3.43711
XM_048216891.1	14388	14208.9	12	0.362605
XM_048216892.1	6125	5945.9	0	0
XM_048216893.1	5704	5524.9	8.73843	0.679082
XM_048216894.1	5701	5521.9	17.7526	1.38034
XM_048216895.1	4735	4555.9	0	0
XM_048216896.1	4640	4460.9	0	0
XM_048216897.1	3325	3145.9	0	0
XM_048216898.1	3133	2953.9	0	0
XM_048216899.1	4786	4606.9	0	0
XM_048216900.1	4762	4582.9	0	0
XM_048216901.1	3326	3146.9	0	0
XM_048216902.1	4786	4606.9	0	0
XM_048216903.1	3272	3092.9	0	0
XM_048216904.1	4732	4552.9	0	0
XM_048216905.1	3253	3073.9	0	0
XM_048216906.1	3177	2997.9	0	0
XM_048216907.1	3199	3019.9	0	0
XM_048216908.1	3104	2924.9	0	0
XM_048216909.1	3411	3231.9	0	0
XM_048216910.1	4733	4553.9	0	0
XM_048216911.1	3171	2991.9	0	0
XM_048216912.1	4608	4428.9	0	0
XM_048216913.1	4535	4355.9	0.867695	0.0855268
XM_048216914.1	3104	2924.9	0	0
XM_048216915.1	3272	3092.9	0	0
XM_048216916.1	4605	4425.9	0	0
XM_048216917.1	4532	4352.9	2.13224	0.210315
XM_048216918.1	4804	4624.9	0	0
XM_048216919.1	4416	4236.9	0	0
XM_048216920.1	7949	7769.9	0	0
XM_048216921.1	8007	7827.9	75.6815	4.15104
XM_048216922.1	8206	8026.9	27.0955	1.44932
XM_048216923.1	7871	7691.9	0	0
XM_048216924.1	8451	8271.9	0	0
XM_048216925.1	3352	3172.9	0	0
XM_048216926.1	4180	4000.9	0	0
XM_048216927.1	4485	4305.9	0	0
XM_048216928.1	939	759.905	0	0
XM_048216929.1	4884	4704.9	0	0
XM_048216930.1	1458	1278.9	1	0.335718
XM_048216931.1	4334	4154.9	0	0
XM_048216932.1	7641	7461.9	10.1103	0.581736
XM_048216933.1	522	343.091	11.037	13.812
XM_048216934.1	494	315.154	0	0
XM_048216935.1	2527	2347.9	3	0.548598
XM_048216936.1	4064	3884.9	1.24937e-08	1.38078e-09
XM_048216937.1	4150	3970.9	0	0
XM_048216938.1	1653	1473.9	0	0
XM_048216939.1	1406	1226.9	0	0
XM_048216940.1	21362	21182.9	4.70014	0.0952662
XM_048216941.1	4201	4021.9	0	0
XM_048216942.1	21502	21322.9	0	0
XM_048216943.1	21422	21242.9	0	0
XM_048216944.1	20914	20734.9	0	0
XM_048216945.1	20833	20653.9	0	0
XM_048216946.1	21383	21203.9	0	0
XM_048216947.1	21416	21236.9	0	0
XM_048216948.1	16763	16583.9	0	0
XM_048216949.1	19960	19780.9	0	0
XM_048216950.1	13978	13798.9	0	0
XM_048216951.1	18453	18273.9	0	0
XM_048216952.1	4321	4141.9	0	0
XM_048216953.1	5376	5196.9	2.00722	0.16583
XM_048216954.1	5651	5471.9	0	0
XM_048216955.1	3493	3313.9	0	0
XM_048216956.1	4115	3935.9	0	0
XM_048216957.1	4104	3924.9	0	0
XM_048216958.1	4256	4076.9	0	0
XM_048216959.1	13531	13351.9	0	0
XM_048216960.1	13536	13356.9	0	0
XM_048216961.1	13527	13347.9	0	0
XM_048216962.1	13128	12948.9	0	0
XM_048216963.1	12962	12782.9	2.31744	0.077838
XM_048216964.1	12995	12815.9	0.0801264	0.00268435
XM_048216965.1	13295	13115.9	0	0
XM_048216966.1	13300	13120.9	0	0
XM_048216967.1	13291	13111.9	0	0
XM_048216968.1	3853	3673.9	0	0
XM_048216969.1	13177	12997.9	0	0
XM_048216970.1	12967	12787.9	0	0
XM_048216971.1	12070	11890.9	2.31987	0.0837649
XM_048216972.1	13090	12910.9	0	0
XM_048216973.1	13085	12905.9	0	0
XM_048216974.1	11990	11810.9	0	0
XM_048216975.1	960	780.905	0	0
XM_048216976.1	1353	1173.9	0	0
XM_048216977.1	3994	3814.9	0	0
XM_048216978.1	273	108.399	0	0
XM_048216979.1	1648	1468.9	0	0
XM_048216980.1	3982	3802.9	0	0
XM_048216981.1	3904	3724.9	0	0
XM_048216982.1	2525	2345.9	0	0
XM_048216983.1	1491	1311.9	2	0.654547
XM_048216984.1	4223	4043.9	0	0
XM_048216985.1	3424	3244.9	0	0
XM_048216986.1	899	719.98	0	0
XM_048216987.1	1068	888.905	0	0
XM_048216988.1	3498	3318.9	43.4936	5.62658
XM_048216989.1	4238	4058.9	0	0
XM_048216990.1	3146	2966.9	2.30496	0.333559
XM_048216991.1	1918	1738.9	0.320671	0.0791768
XM_048216992.1	2023	1843.9	0	0
XM_048216993.1	3011	2831.9	0	0
XM_048216994.1	2806	2626.9	1.5	0.245166
XM_048216995.1	2848	2668.9	0	0
XM_048216996.1	3424	3244.9	0	0
XM_048216997.1	13625	13445.9	0	0
XM_048216998.1	13628	13448.9	0	0
XM_048216999.1	18917	18737.9	11.3237	0.259467
XM_048217000.1	2218	2038.9	4.59907	0.96847
XM_048217001.1	1977	1797.9	0	0
XM_048217002.1	2329	2149.9	0.208284	0.0415959
XM_048217003.1	3015	2835.9	350.803	53.1111
XM_048217004.1	2411	2231.9	17.0089	3.27201
XM_048217005.1	2144	1964.9	69	15.0772
XM_048217006.1	743	563.98	38.5	29.3096
XM_048217007.1	4176	3996.9	0	0
XM_048217008.1	9296	9116.9	4.61425	0.217304
XM_048217009.1	16231	16051.9	0	0
XM_048217010.1	17042	16862.9	0	0
XM_048217011.1	16021	15841.9	0	0
XM_048217012.1	15674	15494.9	3.01932	0.083663
XM_048217013.1	6248	6068.9	0	0
XM_048217014.1	4362	4182.9	0	0
XM_048217015.1	8478	8298.9	2.12528	0.109954
XM_048217016.1	695	515.98	0.465263	0.38715
XM_048217017.1	1660	1480.9	1.53474	0.444959
XM_048217018.1	5031	4851.9	0	0
XM_048217019.1	3710	3530.9	0	0
XM_048217020.1	1677	1497.9	0	0
XM_048217021.1	1793	1613.9	0	0
XM_048217022.1	723	543.98	0	0
XM_048217023.1	2055	1875.9	0	0
XM_048217024.1	732	552.98	0	0
XM_048217025.1	1428	1248.9	0	0
XM_048217026.1	2259	2079.9	2.86433	0.591281
XM_048217027.1	8608	8428.9	0	0
XM_048217028.1	639	459.98	0	0
XM_048217029.1	309	137.706	0	0
XM_048217030.1	639	459.98	0	0
XM_048217031.1	936	756.98	0.666667	0.378127
XM_048217032.1	9561	9381.9	0	0
XM_048217033.1	6643	6463.9	15.6193	1.03748
XM_048217034.1	13012	12832.9	0	0
XM_048217035.1	933	753.98	0	0
XM_048217036.1	12979	12799.9	0	0
XM_048217037.1	12178	11998.9	0	0
XM_048217038.1	12847	12667.9	0	0
XM_048217039.1	12864	12684.9	0	0
XM_048217040.1	12831	12651.9	0	0
XM_048217041.1	15813	15633.9	24.785	0.680668
XM_048217042.1	7078	6898.9	0	0
XM_048217043.1	11432	11252.9	2.15738	0.0823144
XM_048217044.1	6464	6284.9	0	0
XM_048217045.1	7310	7130.9	0	0
XM_048217046.1	6273	6093.9	6.06045e-05	4.26995e-06
XM_048217047.1	4795	4615.9	0	0
XM_048217048.1	20393	20213.9	13.7412	0.291869
XM_048217049.1	12871	12691.9	0	0
XM_048217050.1	12812	12632.9	0	0
XM_048217051.1	12775	12595.9	0	0
XM_048217052.1	12773	12593.9	0.149662	0.00510228
XM_048217053.1	12736	12556.9	6.96059	0.238
XM_048217054.1	12952	12772.9	0	0
XM_048217055.1	12945	12765.9	0	0
XM_048217056.1	12856	12676.9	0	0
XM_048217057.1	12817	12637.9	0	0
XM_048217058.1	15080	14900.9	0	0
XM_048217059.1	11968	11788.9	0	0
XM_048217060.1	5736	5556.9	3.99999	0.309058
XM_048217061.1	9393	9213.9	17.4935	0.815167
XM_048217062.1	4678	4498.9	14.0052	1.33658
XM_048217063.1	3858	3678.9	0	0
XM_048217064.1	9439	9259.9	0	0
XM_048217065.1	9440	9260.9	0.0319167	0.00147971
XM_048217066.1	9336	9156.9	4.2054e-06	1.97184e-07
XM_048217067.1	9387	9207.9	57.1294	2.66386
XM_048217068.1	10426	10246.9	0	0
XM_048217069.1	2594	2414.9	0	0
XM_048217070.1	1917	1737.9	4.6745	1.15484
XM_048217071.1	6878	6698.9	0	0
XM_048217072.1	2051	1871.9	33.2459	7.62549
XM_048217073.1	1791	1611.9	0	0
XM_048217074.1	1858	1678.9	9.8987	2.53143
XM_048217075.1	6826	6646.9	0	0
XM_048217076.1	6774	6594.9	0	0
XM_048217077.1	13694	13514.9	0	0
XM_048217078.1	2420	2240.9	0	0
XM_048217079.1	2328	2148.9	0	0
XM_048217080.1	4746	4566.9	9.94547e-09	9.35011e-10
XM_048217081.1	4670	4490.9	32.2559	3.08382
XM_048217082.1	16253	16073.9	2.74856	0.073417
XM_048217083.1	16063	15883.9	0	0
XM_048217084.1	16139	15959.9	0	0
XM_048217085.1	4198	4018.9	0	0
XM_048217086.1	16735	16555.9	0	0
XM_048217087.1	12163	11983.9	6.9877	0.250351
XM_048217088.1	6867	6687.9	0	0
XM_048217089.1	12647	12467.9	0	0
XM_048217090.1	12609	12429.9	35.9743	1.24262
XM_048217091.1	13984	13804.9	0	0
XM_048217092.1	3771	3591.9	1	0.119533
XM_048217093.1	4216	4036.9	0	0
XM_048217094.1	6699	6519.9	2.8908e-08	1.90366e-09
XM_048217095.1	6939	6759.9	17.712	1.12497
XM_048217096.1	6765	6585.9	0	0
XM_048217097.1	6581	6401.9	1.7852	0.119727
XM_048217098.1	6713	6533.9	0	0
XM_048217099.1	735	555.98	0	0
XM_048217100.1	9001	8821.9	0.442485	0.0215352
XM_048217101.1	2648	2468.9	0	0
XM_048217102.1	21093	20913.9	0	0
XM_048217103.1	21066	20886.9	0	0
XM_048217104.1	21054	20874.9	0	0
XM_048217105.1	21252	21072.9	0	0
XM_048217106.1	21051	20871.9	0	0
XM_048217107.1	21024	20844.9	0	0
XM_048217108.1	930	750.98	0	0
XM_048217109.1	20943	20763.9	0	0
XM_048217110.1	20901	20721.9	0	0
XM_048217111.1	20718	20538.9	0	0
XM_048217112.1	20793	20613.9	0	0
XM_048217113.1	20442	20262.9	0	0
XM_048217114.1	3752	3572.9	9.06784	1.08967
XM_048217115.1	10416	10236.9	0	0
XM_048217116.1	10255	10075.9	0	0
XM_048217117.1	10231	10051.9	0	0
XM_048217118.1	10171	9991.9	3.88624e-07	1.66992e-08
XM_048217119.1	10120	9940.9	0.000308835	1.33387e-05
XM_048217120.1	10042	9862.9	8.99969	0.391775
XM_048217121.1	9652	9472.9	0	0
XM_048217122.1	9519	9339.9	0	0
XM_048217123.1	1864	1684.9	1	0.254823
XM_048217124.1	915	735.98	0	0
XM_048217125.1	406	228.259	0	0
XM_048217126.1	921	741.98	0	0
XM_048217127.1	19477	19297.9	64.505	1.43515
XM_048217128.1	2919	2739.9	0	0
XM_048217129.1	1722	1542.9	0	0
XM_048217130.1	682	502.98	0	0
XM_048217131.1	6848	6668.9	2	0.128762
XM_048217132.1	581	401.98	0	0
XM_048217133.1	8871	8691.9	570	28.1562
XM_048217134.1	7019	6839.9	1.04737	0.0657452
XM_048217135.1	11871	11691.9	1	0.0367222
XM_048217136.1	9139	8959.9	1	0.0479193
XM_048217137.1	2095	1915.9	0.814228	0.182467
XM_048217138.1	2092	1912.9	6.29344	1.41256
XM_048217139.1	2091	1911.9	2.78228	0.62481
XM_048217140.1	4978	4798.9	48.2877	4.32024
XM_048217141.1	4589	4409.9	0	0
XM_048217142.1	2120	1940.9	16.5244	3.6554
XM_048217143.1	2847	2667.9	12.2205	1.96667
XM_048217144.1	6858	6678.9	0	0
XM_048217145.1	1282	1102.9	6.1014	2.37522
XM_048217146.1	6254	6074.9	0.0270877	0.00191446
XM_048217147.1	6250	6070.9	0.00014678	1.03807e-05
XM_048217148.1	6244	6064.9	224.176	15.8701
XM_048217149.1	4719	4539.9	0	0
XM_048217150.1	4371	4191.9	6.00898	0.615464
XM_048217151.1	4286	4106.9	0	0
XM_048217152.1	4229	4049.9	0	0
XM_048217153.1	4260	4080.9	0	0
XM_048217154.1	4230	4050.9	1.66974e-05	1.76974e-06
XM_048217155.1	4227	4047.9	34.921	3.70399
XM_048217156.1	4218	4038.9	0	0
XM_048217157.1	4140	3960.9	0	0
XM_048217158.1	4094	3914.9	5.72702e-08	6.28088e-09
XM_048217159.1	4134	3954.9	0	0
XM_048217160.1	4131	3951.9	0	0
XM_048217161.1	4089	3909.9	1.0206e-05	1.12074e-06
XM_048217162.1	4086	3906.9	36.3256	3.99203
XM_048217163.1	3902	3722.9	47.9664	5.53183
XM_048217164.1	1724	1544.9	18.8829	5.24785
XM_048217165.1	2571	2391.9	0	0
XM_048217166.1	2476	2296.9	0	0
XM_048217167.1	2566	2386.9	0	0
XM_048217168.1	2517	2337.9	10.7922	1.98197
XM_048217169.1	3330	3150.9	5.27167	0.718333
XM_048217170.1	6771	6591.9	0	0
XM_048217171.1	5155	4975.9	0	0
XM_048217172.1	5186	5006.9	0	0
XM_048217173.1	4971	4791.9	0.124606	0.0111646
XM_048217174.1	8905	8725.9	219.655	10.808
XM_048217175.1	8629	8449.9	0	0
XM_048217176.1	2955	2775.9	0.000742422	0.000114831
XM_048217177.1	1843	1663.9	2.15428	0.555889
XM_048217178.1	2896	2716.9	2.86495	0.452747
XM_048217179.1	1079	899.905	0	0
XM_048217180.1	4313	4133.9	0	0
XM_048217181.1	4232	4052.9	22.1867	2.35039
XM_048217182.1	2784	2604.9	0	0
XM_048217183.1	7157	6977.9	0	0
XM_048217184.1	7165	6985.9	0	0
XM_048217185.1	5755	5575.9	7.5788	0.583578
XM_048217186.1	1061	881.905	2.71377	1.32119
XM_048217187.1	939	759.905	0	0
XM_048217188.1	4617	4437.9	28	2.7089
XM_048217189.1	915	735.98	0	0
XM_048217190.1	14585	14405.9	0	0
XM_048217191.1	2298	2118.9	0	0
XM_048217192.1	2287	2107.9	0	0
XM_048217193.1	2099	1919.9	0	0
XM_048217194.1	4515	4335.9	267.752	26.5135
XM_048217195.1	7071	6891.9	0	0
XM_048217196.1	1949	1769.9	0	0
XM_048217197.1	6146	5966.9	0	0
XM_048217198.1	2256	2076.9	0.842875	0.174245
XM_048217199.1	930	750.98	0	0
XM_048217200.1	4256	4076.9	0	0
XM_048217201.1	942	762.905	0	0
XM_048217202.1	2632	2452.9	0	0
XM_048217203.1	1773	1593.9	0	0
XM_048217204.1	16066	15886.9	47.531	1.28455
XM_048217205.1	16026	15846.9	1.78967e-06	4.84889e-08
XM_048217206.1	3803	3623.9	0	0
XM_048217207.1	3699	3519.9	3.84332	0.468802
XM_048217208.1	1740	1560.9	4.93395	1.35716
XM_048217209.1	1971	1791.9	1.69176	0.405357
XM_048217210.1	6529	6349.9	0	0
XM_048217211.1	9693	9513.9	550	24.8209
XM_048217212.1	2864	2684.9	10.0244	1.60303
XM_048217213.1	4453	4273.9	0	0
XM_048217214.1	4739	4559.9	18.66	1.75699
XM_048217215.1	4442	4262.9	1	0.100718
XM_048217216.1	2487	2307.9	11.4185	2.12425
XM_048217217.1	7006	6826.9	76.9073	4.83679
XM_048217218.1	7683	7503.9	6.92114e-07	3.96008e-08
XM_048217219.1	6691	6511.9	1.11337	0.0734084
XM_048217220.1	4373	4193.9	60	6.14251
XM_048217221.1	1521	1341.9	1	0.319957
XM_048217222.1	1964	1784.9	0	0
XM_048217223.1	3279	3099.9	17.2883	2.39451
XM_048217224.1	4889	4709.9	0	0
XM_048217225.1	3636	3456.9	0	0
XM_048217226.1	8160	7980.9	0	0
XM_048217227.1	921	741.98	6580	3807.56
XM_048217228.1	1107	927.905	0	0
XM_048217229.1	757	577.98	15.0844	11.2054
XM_048217230.1	1285	1105.9	0	0
XM_048217231.1	915	735.98	0	0
XM_048217232.1	993	813.905	0	0
XM_048217233.1	3438	3258.9	0	0
XM_048217234.1	3460	3280.9	0	0
XM_048217235.1	3455	3275.9	0	0
XM_048217236.1	3406	3226.9	2.64881e-07	3.52435e-08
XM_048217237.1	3403	3223.9	8.91659e-07	1.18749e-07
XM_048217238.1	3398	3218.9	6.75878e-06	9.01516e-07
XM_048217239.1	3441	3261.9	0	0
XM_048217240.1	3397	3217.9	1.01383e-05	1.35272e-06
XM_048217241.1	3426	3246.9	0	0
XM_048217242.1	939	759.905	0	0
XM_048217243.1	3417	3237.9	0	0
XM_048217244.1	3507	3327.9	0	0
XM_048217245.1	3425	3245.9	0	0
XM_048217246.1	3410	3230.9	0	0
XM_048217247.1	3396	3216.9	0	0
XM_048217248.1	3415	3235.9	0	0
XM_048217249.1	3412	3232.9	0	0
XM_048217250.1	3498	3318.9	0	0
XM_048217251.1	3362	3182.9	16	2.15829
XM_048217252.1	3352	3172.9	0	0
XM_048217253.1	4541	4361.9	0	0
XM_048217254.1	2760	2580.9	0	0
XM_048217255.1	4068	3888.9	14.8309	1.6374
XM_048217256.1	3334	3154.9	0.360879	0.0491121
XM_048217257.1	4749	4569.9	0	0
XM_048217258.1	1756	1576.9	0	0
XM_048217259.1	1389	1209.9	0	0
XM_048217260.1	1118	938.905	0	0
XM_048217261.1	1206	1026.9	7.15736	2.99251
XM_048217262.1	751	571.98	0	0
XM_048217263.1	1510	1330.9	13.035	4.20512
XM_048217264.1	1417	1237.9	2.96497	1.02836
XM_048217265.1	5696	5516.9	0	0
XM_048217266.1	1844	1664.9	0	0
XM_048217267.1	10544	10364.9	0	0
XM_048217268.1	9679	9499.9	9.33084	0.421711
XM_048217269.1	4409	4229.9	0	0
XM_048217270.1	721	541.98	19.6699	15.5823
XM_048217271.1	10042	9862.9	0	0
XM_048217272.1	9999	9819.9	0	0
XM_048217273.1	14484	14304.9	49.3279	1.48054
XM_048217274.1	4219	4039.9	16.8614	1.79199
XM_048217275.1	9850	9670.9	0	0
XM_048217276.1	15625	15445.9	104.867	2.91499
XM_048217277.1	15470	15290.9	0.0170113	0.000477658
XM_048217278.1	15553	15373.9	0	0
XM_048217279.1	3179	2999.9	19	2.71932
XM_048217280.1	942	762.905	0	0
XM_048217281.1	4548	4368.9	6	0.589647
XM_048217282.1	936	756.98	0	0
XM_048217283.1	6145	5965.9	0	0
XM_048217284.1	3807	3627.9	0	0
XM_048217285.1	4040	3860.9	0	0
XM_048217286.1	2265	2085.9	1	0.205835
XM_048217287.1	4182	4002.9	0	0
XM_048217288.1	930	750.98	0	0
XM_048217289.1	942	762.905	0	0
XM_048217290.1	936	756.98	0	0
XM_048217291.1	1231	1051.9	0	0
XM_048217292.1	2357	2177.9	0	0
XM_048217293.1	4599	4419.9	0	0
XM_048217294.1	3013	2833.9	0	0
XM_048217295.1	2867	2687.9	0	0
XM_048217296.1	5435	5255.9	179.326	14.649
XM_048217297.1	5437	5257.9	25.9339	2.11772
XM_048217298.1	1194	1014.9	7.13955	3.02036
XM_048217299.1	5059	4879.9	0	0
XM_048217300.1	4745	4565.9	25.8046	2.42652
XM_048217301.1	1049	869.905	29.8038	14.71
XM_048217302.1	2692	2512.9	1.94835	0.332892
XM_048217303.1	2019	1839.9	0	0
XM_048217304.1	948	768.905	0	0
XM_048217305.1	942	762.905	0	0
XM_048217306.1	957	777.905	0	0
XM_048217307.1	942	762.905	0	0
XM_048217308.1	7463	7283.9	0	0
XM_048217309.1	5788	5608.9	0	0
XM_048217310.1	5650	5470.9	0	0
XM_048217311.1	5642	5462.9	0	0
XM_048217312.1	5627	5447.9	0	0
XM_048217313.1	960	780.905	0	0
XM_048217314.1	6036	5856.9	0	0
XM_048217315.1	6036	5856.9	0	0
XM_048217316.1	5549	5369.9	2.23095	0.178376
XM_048217317.1	5173	4993.9	0	0
XM_048217318.1	2310	2130.9	0	0
XM_048217319.1	2310	2130.9	0	0
XM_048217320.1	2533	2353.9	3.21421	0.586272
XM_048217321.1	2282	2102.9	0	0
XM_048217322.1	2282	2102.9	1.32965e-06	2.71475e-07
XM_048217323.1	2401	2221.9	0	0
XM_048217324.1	2270	2090.9	3.65966e-07	7.51485e-08
XM_048217325.1	2288	2108.9	0	0
XM_048217326.1	9232	9052.9	0	0
XM_048217327.1	9409	9229.9	0	0
XM_048217328.1	9551	9371.9	0	0
XM_048217329.1	9141	8961.9	0	0
XM_048217330.1	9111	8931.9	0	0
XM_048217331.1	8624	8444.9	6	0.305049
XM_048217332.1	945	765.905	0	0
XM_048217333.1	936	756.98	0	0
XM_048217334.1	5671	5491.9	21	1.64176
XM_048217335.1	2973	2793.9	0	0
XM_048217336.1	1006	826.905	0	0
XM_048217337.1	939	759.905	0	0
XM_048217338.1	936	756.98	0	0
XM_048217339.1	5249	5069.9	0	0
XM_048217340.1	1348	1168.9	2.85889	1.0501
XM_048217341.1	939	759.905	0	0
XM_048217342.1	4632	4452.9	4.68132e-05	4.51376e-06
XM_048217343.1	4802	4622.9	0	0
XM_048217344.1	945	765.905	0	0
XM_048217345.1	5086	4906.9	0.0192971	0.00168848
XM_048217346.1	5050	4870.9	0.0352552	0.00310761
XM_048217347.1	4906	4726.9	0.0354015	0.00321557
XM_048217348.1	948	768.905	0	0
XM_048217349.1	12290	12110.9	27.9547	0.991042
XM_048217350.1	1289	1109.9	0	0
XM_048217351.1	948	768.905	0	0
XM_048217352.1	954	774.905	0	0
XM_048217353.1	951	771.905	0	0
XM_048217354.1	1019	839.905	0	0
XM_048217355.1	939	759.905	0	0
XM_048217356.1	939	759.905	0	0
XM_048217357.1	939	759.905	0	0
XM_048217358.1	939	759.905	0	0
XM_048217359.1	939	759.905	0	0
XM_048217360.1	6880	6700.9	3.76455	0.241209
XM_048217361.1	5100	4920.9	5.07544	0.442835
XM_048217362.1	4819	4639.9	4.87157	0.450789
XM_048217363.1	797	617.98	51.0035	35.4355
XM_048217364.1	939	759.905	0	0
XM_048217365.1	6582	6402.9	0	0
XM_048217366.1	4875	4695.9	0	0
XM_048217367.1	3567	3387.9	0	0
XM_048217368.1	3753	3573.9	9.47313	1.13806
XM_048217369.1	3682	3502.9	0	0
XM_048217370.1	948	768.905	0	0
XM_048217371.1	7207	7027.9	0	0
XM_048217372.1	945	765.905	0	0
XM_048217373.1	2756	2576.9	16.0989	2.68232
XM_048217374.1	3303	3123.9	0	0
XM_048217375.1	4339	4159.9	0	0
XM_048217376.1	8872	8692.9	0	0
XM_048217377.1	8016	7836.9	0	0
XM_048217378.1	8054	7874.9	0	0
XM_048217379.1	2737	2557.9	0	0
XM_048217380.1	7872	7692.9	0	0
XM_048217381.1	7734	7554.9	0	0
XM_048217382.1	4289	4109.9	0	0
XM_048217383.1	6256	6076.9	0	0
XM_048217384.1	2672	2492.9	0	0
XM_048217385.1	4155	3975.9	0	0
XM_048217386.1	6053	5873.9	0	0
XM_048217387.1	4169	3989.9	0	0
XM_048217388.1	4056	3876.9	0	0
XM_048217389.1	4124	3944.9	2.45292e-06	2.66968e-07
XM_048217390.1	2653	2473.9	0	0
XM_048217391.1	17381	17201.9	0	0
XM_048217392.1	17357	17177.9	0	0
XM_048217393.1	2001	1821.9	46.4668	10.9504
XM_048217394.1	1986	1806.9	16.1711	3.84253
XM_048217395.1	1977	1797.9	38.4656	9.18584
XM_048217396.1	5545	5365.9	0	0
XM_048217397.1	17479	17299.9	0	0
XM_048217398.1	17465	17285.9	28.4099	0.705653
XM_048217399.1	17456	17276.9	0	0
XM_048217400.1	17207	17027.9	0	0
XM_048217401.1	5499	5319.9	0	0
XM_048217402.1	963	783.905	0	0
XM_048217403.1	640	460.98	0	0
XM_048217404.1	4858	4678.9	0	0
XM_048217405.1	5359	5179.9	6.67068	0.552919
XM_048217406.1	3571	3391.9	1.0345	0.130948
XM_048217407.1	2646	2466.9	53.9505	9.38981
XM_048217408.1	2733	2553.9	0	0
XM_048217409.1	5454	5274.9	0	0
XM_048217410.1	939	759.905	0	0
XM_048217411.1	939	759.905	0	0
XM_048217412.1	939	759.905	0	0
XM_048217413.1	4807	4627.9	13.2304	1.22745
XM_048217414.1	8597	8417.9	0	0
XM_048217415.1	7385	7205.9	10.9977	0.65528
XM_048217416.1	3759	3579.9	0	0
XM_048217417.1	5757	5577.9	0.0027121	0.00020876
XM_048217418.1	5869	5689.9	0	0
XM_048217419.1	5236	5056.9	153.57	13.0387
XM_048217420.1	4566	4386.9	58.5813	5.73342
XM_048217421.1	3577	3397.9	0	0
XM_048217422.1	5289	5109.9	0	0
XM_048217423.1	3466	3286.9	0	0
XM_048217424.1	3438	3258.9	0	0
XM_048217425.1	3408	3228.9	0	0
XM_048217426.1	9896	9716.9	0	0
XM_048217427.1	9864	9684.9	1.4016	0.0621358
XM_048217428.1	4149	3969.9	0	0
XM_048217429.1	3722	3542.9	0	0
XM_048217430.1	963	783.905	0	0
XM_048217431.1	2411	2231.9	0	0
XM_048217432.1	2758	2578.9	0.802566	0.133616
XM_048217433.1	3303	3123.9	0	0
XM_048217434.1	951	771.905	0	0
XM_048217435.1	951	771.905	0	0
XM_048217436.1	951	771.905	0	0
XM_048217437.1	951	771.905	0	0
XM_048217438.1	1227	1047.9	0	0
XM_048217439.1	963	783.905	0	0
XM_048217440.1	957	777.905	0	0
XM_048217441.1	957	777.905	0	0
XM_048217442.1	957	777.905	0	0
XM_048217443.1	1149	969.905	0	0
XM_048217444.1	951	771.905	0	0
XM_048217445.1	939	759.905	0	0
XM_048217446.1	2279	2099.9	0	0
XM_048217447.1	924	744.98	0	0
XM_048217448.1	2232	2052.9	1	0.209144
XM_048217449.1	3617	3437.9	0	0
XM_048217450.1	1044	864.905	0	0
XM_048217451.1	789	609.98	1	0.703878
XM_048217452.1	3450	3270.9	1.92375e-06	2.52519e-07
XM_048217453.1	2990	2810.9	0	0
XM_048217454.1	3412	3232.9	1.49919	0.199103
XM_048217455.1	6525	6345.9	0	0
XM_048217456.1	6100	5920.9	0	0
XM_048217457.1	3766	3586.9	0	0
XM_048217458.1	3403	3223.9	4.82853e-06	6.43051e-07
XM_048217459.1	6482	6302.9	0	0
XM_048217460.1	3377	3197.9	0.0345779	0.00464245
XM_048217461.1	3213	3033.9	0	0
XM_048217462.1	2890	2710.9	0	0
XM_048217463.1	5986	5806.9	0	0
XM_048217464.1	2841	2661.9	0	0
XM_048217465.1	2808	2628.9	0	0
XM_048217466.1	2766	2586.9	0	0
XM_048217467.1	2755	2575.9	0	0
XM_048217468.1	8445	8265.9	1	0.0519425
XM_048217469.1	933	753.98	0	0
XM_048217470.1	3146	2966.9	7.52539	1.08903
XM_048217471.1	966	786.905	0	0
XM_048217472.1	2370	2190.9	0	0
XM_048217473.1	4594	4414.9	0	0
XM_048217474.1	966	786.905	0	0
XM_048217475.1	2598	2418.9	0	0
XM_048217476.1	1123	943.905	0	0
XM_048217477.1	8243	8063.9	2.08377	0.110947
XM_048217478.1	954	774.905	0	0
XM_048217479.1	1320	1140.9	0	0
XM_048217480.1	2085	1905.9	4.4301	0.997989
XM_048217481.1	945	765.905	0	0
XM_048217482.1	969	789.905	0	0
XM_048217483.1	1604	1424.9	0	0
XM_048217484.1	5074	4894.9	0	0
XM_048217485.1	4821	4641.9	0	0
XM_048217486.1	4754	4574.9	0	0
XM_048217487.1	6700	6520.9	0	0
XM_048217488.1	6790	6610.9	0	0
XM_048217489.1	4679	4499.9	11.5926	1.10609
XM_048217490.1	4975	4795.9	0	0
XM_048217491.1	4716	4536.9	0	0
XM_048217492.1	6124	5944.9	0	0
XM_048217493.1	5408	5228.9	0	0
XM_048217494.1	5341	5161.9	0	0
XM_048217495.1	930	750.98	0	0
XM_048217496.1	2976	2796.9	0	0
XM_048217497.1	3748	3568.9	0	0
XM_048217498.1	3651	3471.9	0	0
XM_048217499.1	3555	3375.9	0	0
XM_048217500.1	3474	3294.9	0	0
XM_048217501.1	933	753.98	0	0
XM_048217502.1	8260	8080.9	0.000104435	5.54881e-06
XM_048217503.1	8295	8115.9	94.602	5.00468
XM_048217504.1	3549	3369.9	0	0
XM_048217505.1	3462	3282.9	0	0
XM_048217506.1	5927	5747.9	3.68926	0.275577
XM_048217507.1	6295	6115.9	0	0
XM_048217508.1	1315	1135.9	18.3107	6.92114
XM_048217509.1	920	740.98	20	11.5888
XM_048217510.1	1265	1085.9	0	0
XM_048217511.1	2772	2592.9	4.95355	0.820245
XM_048217512.1	2813	2633.9	0	0
XM_048217513.1	2772	2592.9	4.95355	0.820245
XM_048217514.1	3194	3014.9	1	0.14241
XM_048217515.1	1203	1023.9	0	0
XM_048217516.1	2498	2318.9	14.5442	2.6929
XM_048217517.1	4782	4602.9	0	0
XM_048217518.1	1038	858.905	0	0
XM_048217519.1	600	420.98	0	0
XM_048217520.1	11404	11224.9	0	0
XM_048217521.1	11275	11095.9	0	0
XM_048217522.1	11612	11432.9	0	0
XM_048217523.1	11215	11035.9	0	0
XM_048217524.1	11200	11020.9	0	0
XM_048217525.1	11167	10987.9	0	0
XM_048217526.1	11152	10972.9	0	0
XM_048217527.1	11104	10924.9	0	0
XM_048217528.1	11056	10876.9	0	0
XM_048217529.1	10742	10562.9	0	0
XM_048217530.1	10981	10801.9	0	0
XM_048217531.1	11078	10898.9	0	0
XM_048217532.1	11025	10845.9	0	0
XM_048217533.1	10908	10728.9	0	0
XM_048217534.1	10869	10689.9	0	0
XM_048217535.1	10965	10785.9	0	0
XM_048217536.1	10926	10746.9	0	0
XM_048217537.1	10773	10593.9	0	0
XM_048217538.1	10731	10551.9	0	0
XM_048217539.1	10751	10571.9	0	0
XM_048217540.1	10422	10242.9	1.50274	0.0629904
XM_048217541.1	7254	7074.9	0	0
XM_048217542.1	1016	836.905	0	0
XM_048217543.1	897	717.98	0	0
XM_048217544.1	9343	9163.9	4.20201e-05	1.96875e-06
XM_048217545.1	9340	9160.9	6.44209e-05	3.01927e-06
XM_048217546.1	4191	4011.9	0	0
XM_048217547.1	4103	3923.9	0	0
XM_048217548.1	3824	3644.9	0	0
XM_048217549.1	3300	3120.9	0	0
XM_048217550.1	7370	7190.9	0	0
XM_048217551.1	6587	6407.9	0	0
XM_048217552.1	8320	8140.9	0	0
XM_048217553.1	7482	7302.9	0	0
XM_048217554.1	7244	7064.9	0	0
XM_048217555.1	7302	7122.9	0	0
XM_048217556.1	6509	6329.9	0	0
XM_048217557.1	6632	6452.9	0	0
XM_048217558.1	6582	6402.9	0	0
XM_048217559.1	6446	6266.9	0	0
XM_048217560.1	7776	7596.9	0	0
XM_048217561.1	7773	7593.9	0	0
XM_048217562.1	6486	6306.9	0	0
XM_048217563.1	6258	6078.9	0	0
XM_048217564.1	6504	6324.9	0	0
XM_048217565.1	7346	7166.9	39.4209	2.36161
XM_048217566.1	7343	7163.9	68.0791	4.08016
XM_048217567.1	4127	3947.9	0	0
XM_048217568.1	814	634.98	0	0
XM_048217569.1	3324	3144.9	0	0
XM_048217570.1	945	765.905	0	0
XM_048217571.1	7385	7205.9	0	0
XM_048217572.1	7383	7203.9	0	0
XM_048217573.1	7318	7138.9	0	0
XM_048217574.1	7201	7021.9	0	0
XM_048217575.1	7187	7007.9	0	0
XM_048217576.1	7184	7004.9	0	0
XM_048217577.1	7184	7004.9	0	0
XM_048217578.1	7186	7006.9	0	0
XM_048217579.1	7181	7001.9	0	0
XM_048217580.1	7088	6908.9	0	0
XM_048217581.1	7054	6874.9	0	0
XM_048217582.1	6956	6776.9	0	0
XM_048217583.1	6953	6773.9	0	0
XM_048217584.1	1676	1496.9	10.142	2.90899
XM_048217585.1	6953	6773.9	0	0
XM_048217586.1	6155	5975.9	0	0
XM_048217587.1	3906	3726.9	0	0
XM_048217588.1	3962	3782.9	0	0
XM_048217589.1	1148	968.905	0	0
XM_048217590.1	2025	1845.9	0	0
XM_048217591.1	1173	993.905	0	0
XM_048217592.1	3906	3726.9	0	0
XM_048217593.1	3980	3800.9	0	0
XM_048217594.1	714	534.98	0	0
XM_048217595.1	973	793.905	0	0
XM_048217596.1	1488	1308.9	0	0
XM_048217597.1	924	744.98	0	0
XM_048217598.1	5479	5299.9	0	0
XM_048217599.1	939	759.905	0	0
XM_048217600.1	4178	3998.9	0	0
XM_048217601.1	2245	2065.9	0	0
XM_048217602.1	2177	1997.9	0	0
XM_048217603.1	2344	2164.9	0	0
XM_048217604.1	2573	2393.9	6.83973	1.22672
XM_048217605.1	4919	4739.9	0	0
XM_048217606.1	5586	5406.9	0	0
XM_048217607.1	5637	5457.9	0	0
XM_048217608.1	5410	5230.9	0	0
XM_048217609.1	5218	5038.9	0	0
XM_048217610.1	4914	4734.9	0	0
XM_048217611.1	4904	4724.9	0	0
XM_048217612.1	5245	5065.9	0	0
XM_048217613.1	5551	5371.9	0	0
XM_048217614.1	5149	4969.9	0	0
XM_048217615.1	4849	4669.9	0	0
XM_048217616.1	5533	5353.9	0	0
XM_048217617.1	5227	5047.9	0	0
XM_048217618.1	5193	5013.9	0	0
XM_048217619.1	5113	4933.9	0	0
XM_048217620.1	4826	4646.9	0	0
XM_048217621.1	5095	4915.9	0	0
XM_048217622.1	5102	4922.9	0	0
XM_048217623.1	4762	4582.9	0	0
XM_048217624.1	5257	5077.9	0	0
XM_048217625.1	4939	4759.9	0.00753069	0.000679282
XM_048217626.1	4760	4580.9	0	0
XM_048217627.1	4654	4474.9	0	0
XM_048217628.1	4794	4614.9	0	0
XM_048217629.1	4761	4581.9	0	0
XM_048217630.1	4567	4387.9	0	0
XM_048217631.1	945	765.905	0	0
XM_048217632.1	936	756.98	0	0
XM_048217633.1	4164	3984.9	0	0
XM_048217634.1	20574	20394.9	1	0.0210519
XM_048217635.1	16923	16743.9	0	0
XM_048217636.1	15948	15768.9	2	0.0544555
XM_048217637.1	18891	18711.9	0	0
XM_048217638.1	10484	10304.9	14.3314	0.597115
XM_048217639.1	981	801.905	0	0
XM_048217640.1	3029	2849.9	0	0
XM_048217641.1	3840	3660.9	0	0
XM_048217642.1	1604	1424.9	0	0
XM_048217643.1	1786	1606.9	0	0
XM_048217644.1	1454	1274.9	0	0
XM_048217645.1	1796	1616.9	0	0
XM_048217646.1	927	747.98	0	0
XM_048217647.1	1388	1208.9	0	0
XM_048217648.1	4554	4374.9	37	3.63117
XM_048217649.1	2713	2533.9	0	0
XM_048217650.1	903	723.98	0	0
XM_048217651.1	708	528.98	0	0
XM_048217652.1	750	570.98	0	0
XM_048217653.1	831	651.98	0	0
XM_048217654.1	725	545.98	0	0
XM_048217655.1	5346	5166.9	17.1944	1.42879
XM_048217656.1	951	771.905	0	0
XM_048217657.1	1053	873.905	0	0
XM_048217658.1	948	768.905	0	0
XM_048217659.1	1645	1465.9	4	1.17157
XM_048217660.1	747	567.98	0	0
XM_048217661.1	942	762.905	0	0
XM_048217662.1	942	762.905	0	0
XM_048217663.1	969	789.905	0	0
XM_048217664.1	975	795.905	0	0
XM_048217665.1	957	777.905	0	0
XM_048217666.1	1146	966.905	0	0
XM_048217667.1	12358	12178.9	0	0
XM_048217668.1	12860	12680.9	0	0
XM_048217669.1	13400	13220.9	4.15602	0.134968
XM_048217670.1	3598	3418.9	0	0
XM_048217671.1	3191	3011.9	0	0
XM_048217672.1	13407	13227.9	11.5671	0.375446
XM_048217673.1	5013	4833.9	3.56746	0.316865
XM_048217674.1	924	744.98	0	0
XM_048217675.1	13363	13183.9	10.2875	0.335027
XM_048217676.1	1519	1339.9	1	0.320435
XM_048217677.1	460	281.391	0	0
XM_048217678.1	962	782.905	0	0
XM_048217679.1	3487	3307.9	0	0
XM_048217680.1	12321	12141.9	0	0
XM_048217681.1	13370	13190.9	27.7026	0.901695
XM_048217682.1	3018	2838.9	0	0
XM_048217683.1	3376	3196.9	0	0
XM_048217684.1	3131	2951.9	0	0
XM_048217685.1	3053	2873.9	0	0
XM_048217686.1	2315	2135.9	0	0
XM_048217687.1	2065	1885.9	0	0
XM_048217688.1	12191	12011.9	9.03606	0.322984
XM_048217689.1	2303	2123.9	0	0
XM_048217690.1	2054	1874.9	0	0
XM_048217691.1	2093	1913.9	0	0
XM_048217692.1	12309	12129.9	0	0
XM_048217693.1	2480	2300.9	0	0
XM_048217694.1	2227	2047.9	0	0
XM_048217695.1	3283	3103.9	5	0.691632
XM_048217696.1	12355	12175.9	0	0
XM_048217697.1	906	726.98	0	0
XM_048217698.1	11151	10971.9	0	0
XM_048217699.1	13358	13178.9	26.241	0.854897
XM_048217700.1	11035	10855.9	0	0
XM_048217701.1	13397	13217.9	1.60003	0.051973
XM_048217702.1	804	624.98	594.642	408.51
XM_048217703.1	13404	13224.9	4.48364	0.145563
XM_048217704.1	1872	1692.9	0	0
XM_048217705.1	1902	1722.9	2.81647	0.70187
XM_048217706.1	12146	11966.9	2.37712	0.085287
XM_048217707.1	691	511.98	3.10852e-07	2.60684e-07
XM_048217708.1	13360	13180.9	3.97245	0.129398
XM_048217709.1	12273	12093.9	0	0
XM_048217710.1	939	759.905	0	0
XM_048217711.1	13361	13181.9	0.697036	0.0227034
XM_048217712.1	1797	1617.9	0	0
XM_048217713.1	12821	12641.9	0	0
XM_048217714.1	936	756.98	0	0
XM_048217715.1	1393	1213.9	0	0
XM_048217716.1	930	750.98	0	0
XM_048217717.1	13322	13142.9	12.9776	0.423953
XM_048217718.1	13368	13188.9	2.09452	0.068185
XM_048217719.1	12129	11949.9	0	0
XM_048217720.1	927	747.98	0	0
XM_048217721.1	6899	6719.9	19.852	1.2684
XM_048217722.1	12401	12221.9	0	0
XM_048217723.1	18808	18628.9	678.801	15.6447
XM_048217724.1	18858	18678.9	0.0291167	0.000669274
XM_048217725.1	18899	18719.9	0.000425052	9.74881e-06
XM_048217726.1	19091	18911.9	0	0
XM_048217727.1	18694	18514.9	739.862	17.157
XM_048217728.1	18731	18551.9	544.041	12.5909
XM_048217729.1	18424	18244.9	5.33798	0.125617
XM_048217730.1	18424	18244.9	1629.7	38.3512
XM_048217731.1	17656	17476.9	282.411	6.93794
XM_048217732.1	17416	17236.9	504.201	12.5591
XM_048217733.1	16264	16084.9	3.98745	0.106436
XM_048217734.1	15694	15514.9	489.828	13.5553
XM_048217735.1	26194	26014.9	0.728101	0.0120166
XM_048217736.1	12164	11984.9	1.43614	0.0514489
XM_048217737.1	12107	11927.9	1.52969	0.0550621
XM_048217738.1	13327	13147.9	1.36369	0.0445321
XM_048217739.1	12316	12136.9	0	0
XM_048217740.1	3546	3366.9	0	0
XM_048217741.1	1667	1487.9	11.2833	3.25591
XM_048217742.1	13358	13178.9	0.264626	0.00862116
XM_048217743.1	4467	4287.9	0	0
XM_048217744.1	2050	1870.9	0	0
XM_048217745.1	2035	1855.9	0	0
XM_048217746.1	2019	1839.9	0	0
XM_048217747.1	1941	1761.9	0	0
XM_048217748.1	1885	1705.9	0	0
XM_048217749.1	13319	13139.9	4.98301	0.162822
XM_048217750.1	1873	1693.9	5	1.26734
XM_048217751.1	4114	3934.9	0	0
XM_048217752.1	4517	4337.9	0	0
XM_048217753.1	13365	13185.9	0.801396	0.0260946
XM_048217754.1	3442	3262.9	0	0
XM_048217755.1	4044	3864.9	0	0
XM_048217756.1	12864	12684.9	0	0
XM_048217757.1	12126	11946.9	0	0
XM_048217758.1	2372	2192.9	65.2466	12.7747
XM_048217759.1	2321	2141.9	0	0
XM_048217760.1	2320	2140.9	0	0
XM_048217761.1	12161	11981.9	0.497781	0.0178372
XM_048217762.1	12279	12099.9	0	0
XM_048217763.1	3145	2965.9	0	0
XM_048217764.1	2025	1845.9	0	0
XM_048217765.1	12107	11927.9	0.382489	0.0137679
XM_048217766.1	711	531.98	2.90571	2.34515
XM_048217767.1	2039	1859.9	9.33254	2.15438
XM_048217768.1	13324	13144.9	0.519648	0.0169733
XM_048217769.1	6574	6394.9	2.23941e-07	1.50353e-08
XM_048217770.1	10173	9993.9	0	0
XM_048217771.1	9882	9702.9	0	0
XM_048217772.1	9855	9675.9	0	0
XM_048217773.1	591	411.98	0	0
XM_048217774.1	8528	8348.9	0.0332976	0.00171237
XM_048217775.1	8352	8172.9	0	0
XM_048217776.1	8350	8170.9	0	0
XM_048217777.1	7519	7339.9	0	0
XM_048217778.1	7512	7332.9	0	0
XM_048217779.1	7326	7146.9	0	0
XM_048217780.1	4818	4638.9	0	0
XM_048217781.1	13776	13596.9	3.02967	0.0956685
XM_048217782.1	10867	10687.9	54.9418	2.20711
XM_048217783.1	6391	6211.9	0	0
XM_048217784.1	6394	6214.9	0	0
XM_048217785.1	6335	6155.9	4.45023e-07	3.10387e-08
XM_048217786.1	6656	6476.9	4.67478	0.30989
XM_048217787.1	6140	5960.9	0	0
XM_048217788.1	3885	3705.9	4.75835	0.551284
XM_048217789.1	3997	3817.9	21.2969	2.39499
XM_048217790.1	3847	3667.9	0	0
XM_048217791.1	3833	3653.9	0	0
XM_048217792.1	9388	9208.9	41.644	1.94159
XM_048217793.1	9500	9320.9	0	0
XM_048217794.1	9345	9165.9	17.4644	0.818071
XM_048217795.1	3795	3615.9	117.91	14.0007
XM_048217796.1	4249	4069.9	24.5087	2.58553
XM_048217797.1	4096	3916.9	22.6949	2.48771
XM_048217798.1	4011	3831.9	29.456	3.30044
XM_048217799.1	4291	4111.9	7.61212	0.794833
XM_048217800.1	4077	3897.9	0	0
XM_048217801.1	3906	3726.9	0	0
XM_048217802.1	4078	3898.9	0	0
XM_048217803.1	8854	8674.9	0	0
XM_048217804.1	8770	8590.9	0	0
XM_048217805.1	8905	8725.9	31.658	1.55771
XM_048217806.1	2898	2718.9	0	0
XM_048217807.1	2884	2704.9	0	0
XM_048217808.1	19388	19208.9	22.8205	0.510077
XM_048217809.1	1053	873.905	40.5151	19.9052
XM_048217810.1	1082	902.905	0	0
XM_048217811.1	978	798.905	7.43344	3.99492
XM_048217812.1	4803	4623.9	328.009	30.4573
XM_048217813.1	4136	3956.9	0	0
XM_048217814.1	3402	3222.9	0	0
XM_048217815.1	770	590.98	0	0
XM_048217816.1	3358	3178.9	0	0
XM_048217817.1	3199	3019.9	4.09207	0.581786
XM_048217818.1	3767	3587.9	0	0
XM_048217819.1	1571	1391.9	0	0
XM_048217820.1	651	471.98	0	0
XM_048217821.1	924	744.98	0	0
XM_048217822.1	732	552.98	4	3.10573
XM_048217823.1	2152	1972.9	0	0
XM_048217824.1	927	747.98	0	0
XM_048217825.1	2109	1929.9	1	0.222473
XM_048217826.1	2826	2646.9	1	0.162209
XM_048217827.1	3579	3399.9	0	0
XM_048217828.1	5255	5075.9	3	0.253759
XM_048217829.1	862	682.98	0	0
XM_048217830.1	6947	6767.9	0	0
XM_048217831.1	453	274.419	0	0
XM_048217832.1	3432	3252.9	0	0
XM_048217833.1	4311	4131.9	138.509	14.3927
XM_048217834.1	1005	825.905	27.1002	14.0882
XM_048217835.1	17133	16953.9	4.02609	0.101959
XM_048217836.1	13026	12846.9	0	0
XM_048217837.1	13026	12846.9	0.00120824	4.03801e-05
XM_048217838.1	13045	12865.9	0.000175617	5.86058e-06
XM_048217839.1	12922	12742.9	48.8529	1.64602
XM_048217840.1	13055	12875.9	0	0
XM_048217841.1	12988	12808.9	0	0
XM_048217842.1	13120	12940.9	0	0
XM_048217843.1	12877	12697.9	0	0
XM_048217844.1	13054	12874.9	0	0
XM_048217845.1	12868	12688.9	2.21984e-08	7.51121e-10
XM_048217846.1	12896	12716.9	0	0
XM_048217847.1	12980	12800.9	0	0
XM_048217848.1	13111	12931.9	0	0
XM_048217849.1	13002	12822.9	0	0
XM_048217850.1	13057	12877.9	0.0497786	0.00165963
XM_048217851.1	12828	12648.9	1.36696e-06	4.63999e-08
XM_048217852.1	12896	12716.9	0	0
XM_048217853.1	12991	12811.9	40.6593	1.36257
XM_048217854.1	12532	12352.9	0	0
XM_048217855.1	12521	12341.9	0	0
XM_048217856.1	12427	12247.9	0	0
XM_048217857.1	7417	7237.9	0	0
XM_048217858.1	3171	2991.9	0	0
XM_048217859.1	3092	2912.9	39.155	5.77131
XM_048217860.1	3090	2910.9	0	0
XM_048217861.1	2781	2601.9	11.3419	1.87158
XM_048217862.1	2642	2462.9	7.52126	1.31116
XM_048217863.1	3705	3525.9	0	0
XM_048217864.1	3639	3459.9	0	0
XM_048217865.1	3640	3460.9	0	0
XM_048217866.1	4513	4333.9	115.362	11.4287
XM_048217867.1	4258	4078.9	147.235	15.4982
XM_048217868.1	4517	4337.9	0	0
XM_048217869.1	2381	2201.9	0	0
XM_048217870.1	4424	4244.9	0	0
XM_048217871.1	4171	3991.9	0	0
XM_048217872.1	4157	3977.9	31.1767	3.36503
XM_048217873.1	4078	3898.9	0	0
XM_048217874.1	7349	7169.9	87.8494	5.26064
XM_048217875.1	6842	6662.9	27.7884	1.79066
XM_048217876.1	7018	6838.9	0	0
XM_048217877.1	1399	1219.9	0	0
XM_048217878.1	1946	1766.9	0	0
XM_048217879.1	3892	3712.9	0	0
XM_048217880.1	2978	2798.9	0	0
XM_048217881.1	3414	3234.9	4.28957	0.569331
XM_048217882.1	871	691.98	425.882	264.246
XM_048217883.1	948	768.905	63.5943	35.5107
XM_048217884.1	2077	1897.9	0.0809194	0.0183059
XM_048217885.1	2166	1986.9	0	0
XM_048217886.1	2128	1948.9	0	0
XM_048217887.1	3260	3080.9	63	8.77962
XM_048217888.1	6624	6444.9	0	0
XM_048217889.1	7450	7270.9	0	0
XM_048217890.1	7246	7066.9	0	0
XM_048217891.1	7519	7339.9	0	0
XM_048217892.1	8051	7871.9	175.849	9.59123
XM_048217893.1	609	429.98	0.635107	0.634179
XM_048217894.1	17816	17636.9	55.5048	1.35121
XM_048217895.1	3092	2912.9	0	0
XM_048217896.1	2292	2112.9	0	0
XM_048217897.1	2327	2147.9	0	0
XM_048217898.1	2239	2059.9	0	0
XM_048217899.1	2365	2185.9	0	0
XM_048217900.1	2089	1909.9	0	0
XM_048217901.1	2133	1953.9	0	0
XM_048217902.1	2324	2144.9	0	0
XM_048217903.1	2086	1906.9	0	0
XM_048217904.1	2388	2208.9	0	0
XM_048217905.1	2341	2161.9	0	0
XM_048217906.1	2103	1923.9	16	3.57067
XM_048217907.1	2390	2210.9	0	0
XM_048217908.1	2169	1989.9	0	0
XM_048217909.1	2385	2205.9	0	0
XM_048217910.1	207	63.0744	0	0
XM_048217911.1	2717	2537.9	261	44.1549
XM_048217912.1	2888	2708.9	7.21375	1.14335
XM_048217913.1	2752	2572.9	0	0
XM_048217914.1	2788	2608.9	1	0.164572
XM_048217915.1	2230	2050.9	1	0.209348
XM_048217916.1	2074	1894.9	0	0
XM_048217917.1	10714	10534.9	0	0
XM_048217918.1	2588	2408.9	0.00019487	3.47328e-05
XM_048217919.1	2322	2142.9	0	0
XM_048217920.1	2385	2205.9	62.9828	12.2588
XM_048217921.1	3781	3601.9	135	16.0922
XM_048217922.1	2689	2509.9	0	0
XM_048217923.1	2531	2351.9	5	0.912775
XM_048217924.1	2990	2810.9	0	0
XM_048217925.1	11819	11639.9	2	0.0737724
XM_048217926.1	8668	8488.9	35.6587	1.80355
XM_048217927.1	1812	1632.9	28.1082	7.3907
XM_048217928.1	1734	1554.9	0	0
XM_048217929.1	1944	1764.9	0	0
XM_048217930.1	1884	1704.9	36.9366	9.30187
XM_048217931.1	2589	2409.9	0	0
XM_048217932.1	1561	1381.9	1	0.310696
XM_048217933.1	6302	6122.9	62	4.34758
XM_048217934.1	4167	3987.9	2.88998	0.311145
XM_048217935.1	213	66.5435	0.125782	0.811568
XM_048217936.1	15113	14933.9	0	0
XM_048217937.1	1976	1796.9	2.03379	0.485954
XM_048217938.1	5816	5636.9	0	0
XM_048217939.1	3655	3475.9	0	0
XM_048217940.1	1560	1380.9	0	0
XM_048217941.1	3493	3313.9	0	0
XM_048217942.1	3450	3270.9	4.64694e-07	6.09976e-08
XM_048217943.1	3405	3225.9	33	4.39214
XM_048217944.1	3375	3195.9	0	0
XM_048217945.1	831	651.98	30.5902	20.1447
XM_048217946.1	711	531.98	0	0
XM_048217947.1	3891	3711.9	0	0
XM_048217948.1	1139	959.905	2.58936	1.15819
XM_048217949.1	19363	19183.9	8.02738	0.179659
XM_048217950.1	4899	4719.9	0.196862	0.0179078
XM_048217951.1	5105	4925.9	0	0
XM_048217952.1	4506	4326.9	17.6653	1.7529
XM_048217953.1	4449	4269.9	0	0
XM_048217954.1	4401	4221.9	0	0
XM_048217955.1	3479	3299.9	0	0
XM_048217956.1	3936	3756.9	0	0
XM_048217957.1	7305	7125.9	0	0
XM_048217958.1	7098	6918.9	13.9178	0.863668
XM_048217959.1	8136	7956.9	0	0
XM_048217960.1	8097	7917.9	0	0
XM_048217961.1	8087	7907.9	0	0
XM_048217962.1	8048	7868.9	0	0
XM_048217963.1	8031	7851.9	0	0
XM_048217964.1	8230	8050.9	0	0
XM_048217965.1	7979	7799.9	0	0
XM_048217966.1	7905	7725.9	0	0
XM_048217967.1	8131	7951.9	0	0
XM_048217968.1	8101	7921.9	0	0
XM_048217969.1	8273	8093.9	0	0
XM_048217970.1	8048	7868.9	3.20991	0.175143
XM_048217971.1	8100	7920.9	0.000593659	3.21792e-05
XM_048217972.1	8034	7854.9	32.7895	1.79229
XM_048217973.1	2024	1844.9	0	0
XM_048217974.1	1350	1170.9	3	1.10005
XM_048217975.1	1545	1365.9	0	0
XM_048217976.1	1516	1336.9	8.50382	2.73103
XM_048217977.1	936	756.98	0	0
XM_048217978.1	3419	3239.9	0	0
XM_048217979.1	3287	3107.9	0	0
XM_048217980.1	3395	3215.9	0	0
XM_048217981.1	3264	3084.9	0	0
XM_048217982.1	5477	5297.9	12	0.972502
XM_048217983.1	2926	2746.9	1	0.156304
XM_048217984.1	978	798.905	16066.2	8634.4
XM_048217985.1	5098	4918.9	59.6642	5.20785
XM_048217986.1	4739	4559.9	52.362	4.9303
XM_048217987.1	936	756.98	0	0
XM_048217988.1	1147	967.905	0	0
XM_048217989.1	22302	22122.9	4.72374	0.0916763
XM_048217990.1	17990	17810.9	0	0
XM_048217991.1	18098	17918.9	0	0
XM_048217992.1	22643	22463.9	0	0
XM_048217993.1	17559	17379.9	0	0
XM_048217994.1	17672	17492.9	0	0
XM_048217995.1	17713	17533.9	0	0
XM_048217996.1	19396	19216.9	146.559	3.27448
XM_048217997.1	936	756.98	0	0
XM_048217998.1	954	774.905	0	0
XM_048217999.1	366	189.55	0	0
XM_048218000.1	939	759.905	0	0
XM_048218001.1	1162	982.905	3.38097	1.47687
XM_048218002.1	1479	1299.9	0	0
XM_048218003.1	986	806.905	0	0
XM_048218004.1	9157	8977.9	111.982	5.35532
XM_048218005.1	2864	2684.9	0	0
XM_048218006.1	2698	2518.9	0	0
XM_048218007.1	939	759.905	0	0
XM_048218008.1	969	789.905	0	0
XM_048218009.1	939	759.905	0	0
XM_048218010.1	1315	1135.9	0	0
XM_048218011.1	1275	1095.9	0	0
XM_048218012.1	1129	949.905	1.98168	0.895709
XM_048218013.1	7146	6966.9	0	0
XM_048218014.1	7127	6947.9	0	0
XM_048218015.1	6387	6207.9	0	0
XM_048218016.1	5144	4964.9	0	0
XM_048218017.1	936	756.98	0	0
XM_048218018.1	1278	1098.9	3.76704	1.47182
XM_048218019.1	12797	12617.9	0	0
XM_048218020.1	12769	12589.9	0	0
XM_048218021.1	11197	11017.9	0	0
XM_048218022.1	11194	11014.9	9.19733	0.358504
XM_048218023.1	11164	10984.9	0	0
XM_048218024.1	11161	10981.9	8.60929	0.336591
XM_048218025.1	939	759.905	0	0
XM_048218026.1	19690	19510.9	0.389277	0.00856633
XM_048218027.1	3834	3654.9	0	0
XM_048218028.1	19562	19382.9	0.00439474	9.73481e-05
XM_048218029.1	18899	18719.9	0.0027665	6.34513e-05
XM_048218030.1	18996	18816.9	82.5211	1.88291
XM_048218031.1	936	756.98	0	0
XM_048218032.1	1629	1449.9	0	0
XM_048218033.1	918	738.98	0	0
XM_048218034.1	2766	2586.9	0	0
XM_048218035.1	2706	2526.9	0	0
XM_048218036.1	2697	2517.9	0	0
XM_048218037.1	2595	2415.9	0	0
XM_048218038.1	936	756.98	0	0
XM_048218039.1	1160	980.905	0	0
XM_048218040.1	1081	901.905	2.98285	1.41998
XM_048218041.1	6482	6302.9	0	0
XM_048218042.1	4724	4544.9	1.21105	0.114407
XM_048218043.1	2502	2322.9	0	0
XM_048218044.1	1638	1458.9	1	0.294297
XM_048218045.1	4551	4371.9	0	0
XM_048218046.1	1482	1302.9	0	0
XM_048218047.1	1545	1365.9	0	0
XM_048218048.1	1517	1337.9	0	0
XM_048218049.1	1533	1353.9	0	0
XM_048218050.1	1322	1142.9	0	0
XM_048218051.1	3387	3207.9	16.7621	2.24348
XM_048218052.1	3388	3208.9	8.32284	1.1136
XM_048218053.1	4414	4234.9	7.41096	0.751353
XM_048218054.1	1283	1103.9	63.4386	24.6738
XM_048218055.1	1488	1308.9	3.78599	1.2419
XM_048218056.1	1511	1331.9	0.00014094	4.54332e-05
XM_048218057.1	1280	1100.9	0	0
XM_048218058.1	1501	1321.9	0.990173	0.321606
XM_048218059.1	1445	1265.9	0	0
XM_048218060.1	936	756.98	0	0
XM_048218061.1	4473	4293.9	40	3.99964
XM_048218062.1	18486	18306.9	0	0
XM_048218063.1	939	759.905	0	0
XM_048218064.1	2393	2213.9	0	0
XM_048218065.1	2293	2113.9	0	0
XM_048218066.1	3383	3203.9	0	0
XM_048218067.1	2325	2145.9	0	0
XM_048218068.1	3412	3232.9	0	0
XM_048218069.1	2056	1876.9	0	0
XM_048218070.1	2033	1853.9	0	0
XM_048218071.1	8261	8081.9	6.27493	0.333356
XM_048218072.1	7839	7659.9	0	0
XM_048218073.1	4574	4394.9	0	0
XM_048218074.1	4779	4599.9	0	0
XM_048218075.1	6967	6787.9	0	0
XM_048218076.1	1845	1665.9	1.46769	0.378267
XM_048218077.1	3711	3531.9	0.621484	0.07555
XM_048218078.1	3767	3587.9	0	0
XM_048218079.1	3947	3767.9	0	0
XM_048218080.1	6583	6403.9	0	0
XM_048218081.1	3700	3520.9	36.4185	4.441
XM_048218082.1	3161	2981.9	0.0506101	0.00728714
XM_048218083.1	3981	3801.9	0	0
XM_048218084.1	3148	2968.9	15.1523	2.19127
XM_048218085.1	5634	5454.9	27	2.12515
XM_048218086.1	4161	3981.9	333.113	35.9182
XM_048218087.1	4297	4117.9	0	0
XM_048218088.1	7998	7818.9	8.58941	0.471662
XM_048218089.1	8074	7894.9	0	0
XM_048218090.1	8317	8137.9	14.2375	0.751163
XM_048218091.1	1182	1002.9	0	0
XM_048218092.1	528	349.091	0	0
XM_048218093.1	936	756.98	0	0
XM_048218094.1	12815	12635.9	125.544	4.26584
XM_048218095.1	2946	2766.9	0	0
XM_048218096.1	2715	2535.9	0	0
XM_048218097.1	1869	1689.9	0	0
XM_048218098.1	1874	1694.9	0	0
XM_048218099.1	2191	2011.9	0	0
XM_048218100.1	1719	1539.9	0	0
XM_048218101.1	1668	1488.9	1	0.288368
XM_048218102.1	2290	2110.9	6	1.22038
XM_048218103.1	769	589.98	0.638151	0.464408
XM_048218104.1	1135	955.905	19.9358	8.95431
XM_048218105.1	29972	29792.9	0	0
XM_048218106.1	927	747.98	0	0
XM_048218107.1	6571	6391.9	0	0
XM_048218108.1	2768	2588.9	0	0
XM_048218109.1	1596	1416.9	0	0
XM_048218110.1	29591	29411.9	0	0
XM_048218111.1	955	775.905	0	0
XM_048218112.1	4521	4341.9	1	0.0988856
XM_048218113.1	4515	4335.9	0	0
XM_048218114.1	912	732.98	0	0
XM_048218115.1	963	783.905	0	0
XM_048218116.1	888	708.98	0	0
XM_048218117.1	1017	837.905	0	0
XM_048218118.1	1089	909.905	0	0
XM_048218119.1	939	759.905	0	0
XM_048218120.1	2029	1849.9	0	0
XM_048218121.1	2842	2662.9	1.00674	0.162322
XM_048218122.1	1506	1326.9	0	0
XM_048218123.1	6667	6487.9	79	5.22801
XM_048218124.1	2809	2629.9	1	0.163258
XM_048218125.1	5025	4845.9	0	0
XM_048218126.1	2168	1988.9	0	0
XM_048218127.1	9998	9818.9	0	0
XM_048218128.1	8049	7869.9	0	0
XM_048218129.1	8071	7891.9	0	0
XM_048218130.1	4582	4402.9	0	0
XM_048218131.1	4550	4370.9	0	0
XM_048218132.1	8017	7837.9	0	0
XM_048218133.1	4533	4353.9	0	0
XM_048218134.1	9163	8983.9	6.29125	0.300667
XM_048218135.1	4465	4285.9	0	0
XM_048218136.1	8674	8494.9	0	0
XM_048218137.1	7925	7745.9	0	0
XM_048218138.1	7931	7751.9	0	0
XM_048218139.1	9057	8877.9	0	0
XM_048218140.1	4340	4160.9	0	0
XM_048218141.1	7805	7625.9	5.04739e-06	2.84177e-07
XM_048218142.1	4336	4156.9	0	0
XM_048218143.1	7735	7555.9	0.850089	0.0483049
XM_048218144.1	10182	10002.9	0	0
XM_048218145.1	10150	9970.9	0	0
XM_048218146.1	4270	4090.9	0	0
XM_048218147.1	8196	8016.9	0	0
XM_048218148.1	8183	8003.9	0	0
XM_048218149.1	8063	7883.9	0	0
XM_048218150.1	8000	7820.9	0	0
XM_048218151.1	7882	7702.9	0	0
XM_048218152.1	594	414.98	0	0
XM_048218153.1	1656	1476.9	0	0
XM_048218154.1	1931	1751.9	0	0
XM_048218155.1	1893	1713.9	0	0
XM_048218156.1	1999	1819.9	0	0
XM_048218157.1	1888	1708.9	0	0
XM_048218158.1	1862	1682.9	0	0
XM_048218159.1	1691	1511.9	0	0
XM_048218160.1	10554	10374.9	56.2021	2.32585
XM_048218161.1	1696	1516.9	0	0
XM_048218162.1	1647	1467.9	0	0
XM_048218163.1	1254	1074.9	0	0
XM_048218164.1	2308	2128.9	0	0
XM_048218165.1	6932	6752.9	4.08689	0.259846
XM_048218166.1	2287	2107.9	0	0
XM_048218167.1	2245	2065.9	0	0
XM_048218168.1	2185	2005.9	0	0
XM_048218169.1	1975	1795.9	1.91311	0.457373
XM_048218170.1	2629	2449.9	1.00011	0.175272
XM_048218171.1	7392	7212.9	1053.19	62.6916
XM_048218172.1	2874	2694.9	0	0
XM_048218173.1	4033	3853.9	1	0.111407
XM_048218174.1	2135	1955.9	0	0
XM_048218175.1	5589	5409.9	0	0
XM_048218176.1	1213	1033.9	0	0
XM_048218177.1	1096	916.905	0	0
XM_048218178.1	939	759.905	0	0
XM_048218179.1	939	759.905	0	0
XM_048218180.1	1966	1786.9	0	0
XM_048218181.1	1954	1774.9	0	0
XM_048218182.1	5216	5036.9	13	1.10814
XM_048218183.1	5703	5523.9	118.822	9.23556
XM_048218184.1	7346	7166.9	0	0
XM_048218185.1	7323	7143.9	50.3258	3.0246
XM_048218186.1	7346	7166.9	47.8101	2.86419
XM_048218187.1	7312	7132.9	0	0
XM_048218188.1	7304	7124.9	51.7666	3.11949
XM_048218189.1	7274	7094.9	28.8436	1.74549
XM_048218190.1	6813	6633.9	0.198464	0.0128447
XM_048218191.1	5448	5268.9	0	0
XM_048218192.1	6936	6756.9	48.4065	3.07588
XM_048218193.1	1169	989.905	0	0
XM_048218194.1	2181	2001.9	7.77487	1.66749
XM_048218195.1	4056	3876.9	8328.03	922.297
XM_048218196.1	3965	3785.9	103.204	11.7042
XM_048218197.1	3956	3776.9	102.92	11.6997
XM_048218198.1	3931	3751.9	74.4133	8.51554
XM_048218199.1	4074	3894.9	0.000994486	0.000109626
XM_048218200.1	3840	3660.9	0.684872	0.080322
XM_048218201.1	4009	3829.9	0.0045184	0.000506535
XM_048218202.1	3911	3731.9	9148.06	1052.48
XM_048218203.1	3897	3717.9	39.2261	4.52992
XM_048218204.1	5265	5085.9	0	0
XM_048218205.1	3902	3722.9	9060.73	1044.95
XM_048218206.1	3877	3697.9	6837.1	793.834
XM_048218207.1	3918	3738.9	3.41808e-05	3.9251e-06
XM_048218208.1	3786	3606.9	68.253	8.12457
XM_048218209.1	3934	3754.9	505.828	57.8386
XM_048218210.1	3843	3663.9	3774.91	442.36
XM_048218211.1	3843	3663.9	4.93372	0.578155
XM_048218212.1	3775	3595.9	1.69595	0.202497
XM_048218213.1	1794	1614.9	0	0
XM_048218214.1	7119	6939.9	0	0
XM_048218215.1	2212	2032.9	0	0
XM_048218216.1	981	801.905	0	0
XM_048218217.1	3656	3476.9	0	0
XM_048218218.1	5860	5680.9	30.1139	2.27595
XM_048218219.1	2485	2305.9	0.997486	0.185729
XM_048218220.1	15470	15290.9	0	0
XM_048218221.1	15239	15059.9	0	0
XM_048218222.1	15203	15023.9	0	0
XM_048218223.1	15198	15018.9	0	0
XM_048218224.1	7176	6996.9	0	0
XM_048218225.1	6585	6405.9	0	0
XM_048218226.1	6929	6749.9	14.5472	0.925327
XM_048218227.1	2009	1829.9	0	0
XM_048218228.1	4080	3900.9	25.353	2.79047
XM_048218229.1	3940	3760.9	4.72667e-05	5.39606e-06
XM_048218230.1	1895	1715.9	0	0
XM_048218231.1	1892	1712.9	0	0
XM_048218232.1	4014	3834.9	0	0
XM_048218233.1	1587	1407.9	0	0
XM_048218234.1	1395	1215.9	0	0
XM_048218235.1	1370	1190.9	0	0
XM_048218236.1	1516	1336.9	0	0
XM_048218237.1	3617	3437.9	0	0
XM_048218238.1	3508	3328.9	0	0
XM_048218239.1	4140	3960.9	4.75422e-05	5.15345e-06
XM_048218240.1	3331	3151.9	0	0
XM_048218241.1	3235	3055.9	0	0
XM_048218242.1	3817	3637.9	1.57979e-05	1.86449e-06
XM_048218243.1	3537	3357.9	0	0
XM_048218244.1	2408	2228.9	9	1.73366
XM_048218245.1	3619	3439.9	0	0
XM_048218246.1	3294	3114.9	3	0.413514
XM_048218247.1	1078	898.905	0	0
XM_048218248.1	6130	5950.9	0.67614	0.0487829
XM_048218249.1	10950	10770.9	7.84502	0.31272
XM_048218250.1	19637	19457.9	0.00131697	2.90597e-05
XM_048218251.1	19394	19214.9	0	0
XM_048218252.1	19155	18975.9	0	0
XM_048218253.1	19366	19186.9	25.6138	0.573169
XM_048218254.1	21389	21209.9	0	0
XM_048218255.1	19686	19506.9	0	0
XM_048218256.1	19244	19064.9	0	0
XM_048218257.1	19142	18962.9	0	0
XM_048218258.1	19680	19500.9	0	0
XM_048218259.1	19058	18878.9	0	0
XM_048218260.1	19123	18943.9	0	0
XM_048218261.1	21146	20966.9	0	0
XM_048218262.1	18905	18725.9	0	0
XM_048218263.1	18943	18763.9	0	0
XM_048218264.1	18898	18718.9	0	0
XM_048218265.1	5816	5636.9	0	0
XM_048218266.1	5541	5361.9	8.61507	0.689848
XM_048218267.1	6094	5914.9	2.88257e-06	2.0924e-07
XM_048218268.1	6035	5855.9	1.38492	0.101542
XM_048218269.1	2948	2768.9	0	0
XM_048218270.1	8543	8363.9	0	0
XM_048218271.1	1225	1045.9	0	0
XM_048218272.1	4049	3869.9	0	0
XM_048218273.1	1220	1040.9	0	0
XM_048218274.1	1360	1180.9	2.79583	1.01651
XM_048218275.1	3201	3021.9	26.3924	3.74983
XM_048218276.1	2972	2792.9	38.6041	5.93459
XM_048218277.1	5711	5531.9	1.63584	0.126964
XM_048218278.1	5839	5659.9	0	0
XM_048218279.1	4308	4128.9	150.598	15.6602
XM_048218280.1	10345	10165.9	0	0
XM_048218281.1	10228	10048.9	0	0
XM_048218282.1	10346	10166.9	0	0
XM_048218283.1	3060	2880.9	31.3699	4.67518
XM_048218284.1	10650	10470.9	0	0
XM_048218285.1	14856	14676.9	54.7809	1.60254
XM_048218286.1	14680	14500.9	0	0
XM_048218287.1	5467	5287.9	512.282	41.5947
XM_048218288.1	20543	20363.9	16.8241	0.354718
XM_048218289.1	9643	9463.9	26.3837	1.19696
XM_048218290.1	9542	9362.9	0	0
XM_048218291.1	4626	4446.9	50.1643	4.8434
XM_048218292.1	7618	7438.9	1.17438	0.067782
XM_048218293.1	8316	8136.9	11.4637	0.604893
XM_048218294.1	7605	7425.9	11.5112	0.665553
XM_048218295.1	6635	6455.9	0	0
XM_048218296.1	17458	17278.9	6.36183	0.158081
XM_048218297.1	10179	9999.9	1.59172	0.0683415
XM_048218298.1	8180	8000.9	0	0
XM_048218299.1	1924	1744.9	0	0
XM_048218300.1	6651	6471.9	42.0661	2.7907
XM_048218301.1	1154	974.905	0	0
XM_048218302.1	1314	1134.9	0	0
XM_048218303.1	1734	1554.9	0	0
XM_048218304.1	16176	15996.9	10.4383	0.280161
XM_048218305.1	17745	17565.9	0	0
XM_048218306.1	15885	15705.9	0	0
XM_048218307.1	18019	17839.9	0	0
XM_048218308.1	17658	17478.9	2.13589	0.0524659
XM_048218309.1	15681	15501.9	0	0
XM_048218310.1	17435	17255.9	0	0
XM_048218311.1	3595	3415.9	0	0
XM_048218312.1	3389	3209.9	4	0.535034
XM_048218313.1	13827	13647.9	54.5417	1.71584
XM_048218314.1	5295	5115.9	58.4923	4.90896
XM_048218315.1	3271	3091.9	26.6115	3.69535
XM_048218316.1	2398	2218.9	0	0
XM_048218317.1	3023	2843.9	1.67853	0.253412
XM_048218318.1	6888	6708.9	0	0
XM_048218319.1	6683	6503.9	74.6594	4.9286
XM_048218320.1	13575	13395.9	0	0
XM_048218321.1	6882	6702.9	0	0
XM_048218322.1	6790	6610.9	204.341	13.2711
XM_048218323.1	6786	6606.9	0	0
XM_048218324.1	6787	6607.9	0	0
XM_048218325.1	6703	6523.9	0	0
XM_048218326.1	6597	6417.9	0	0
XM_048218327.1	6498	6318.9	0	0
XM_048218328.1	2607	2427.9	0	0
XM_048218329.1	3244	3064.9	0.822438	0.115212
XM_048218330.1	3235	3055.9	38.1776	5.36391
XM_048218331.1	4974	4794.9	1.11668e-07	9.99911e-09
XM_048218332.1	13415	13235.9	0	0
XM_048218333.1	12792	12612.9	9.13632e-05	3.11007e-06
XM_048218334.1	12756	12576.9	9.64523e-08	3.2927e-09
XM_048218335.1	12743	12563.9	0.000139583	4.77003e-06
XM_048218336.1	12707	12527.9	0	0
XM_048218337.1	2779	2599.9	41.4223	6.84055
XM_048218338.1	4528	4348.9	0	0
XM_048218339.1	2733	2553.9	4.53256	0.761996
XM_048218340.1	3816	3636.9	0	0
XM_048218341.1	2617	2437.9	0	0
XM_048218342.1	6553	6373.9	76.6659	5.16428
XM_048218343.1	5401	5221.9	0	0
XM_048218344.1	5721	5541.9	11	0.852211
XM_048218345.1	5558	5378.9	0	0
XM_048218346.1	7359	7179.9	0	0
XM_048218347.1	4304	4124.9	0	0
XM_048218348.1	9362	9182.9	0	0
XM_048218349.1	9266	9086.9	0	0
XM_048218350.1	9504	9324.9	0	0
XM_048218351.1	4056	3876.9	29.374	3.25305
XM_048218352.1	2548	2368.9	6	1.08747
XM_048218353.1	1707	1527.9	50.7185	14.2522
XM_048218354.1	9825	9645.9	3.67251	0.163468
XM_048218355.1	1891	1711.9	12.0787	3.02937
XM_048218356.1	5561	5381.9	15	1.19665
XM_048218357.1	945	765.905	0	0
XM_048218358.1	945	765.905	0	0
XM_048218359.1	945	765.905	0	0
XM_048218360.1	14811	14631.9	0	0
XM_048218361.1	5862	5682.9	35.6415	2.69276
XM_048218362.1	5192	5012.9	78	6.68065
XM_048218363.1	942	762.905	0	0
XM_048218364.1	785	605.98	0	0
XM_048218365.1	2795	2615.9	6.46189	1.0606
XM_048218366.1	857	677.98	0	0
XM_048218367.1	1649	1469.9	3.05482	0.892299
XM_048218368.1	2637	2457.9	4.02406e-05	7.02931e-06
XM_048218369.1	2509	2329.9	2.21225e-08	4.07671e-09
XM_048218370.1	2471	2291.9	0.737135	0.138091
XM_048218371.1	3773	3593.9	0.000448475	5.35778e-05
XM_048218372.1	3647	3467.9	0.876549	0.108523
XM_048218373.1	3598	3418.9	12.5806	1.57989
XM_048218374.1	942	762.905	0	0
XM_048218375.1	909	729.98	0	0
XM_048218376.1	927	747.98	0	0
XM_048218377.1	939	759.905	0	0
XM_048218378.1	921	741.98	0	0
XM_048218379.1	942	762.905	0	0
XM_048218380.1	1667	1487.9	0	0
XM_048218381.1	6228	6048.9	0	0
XM_048218382.1	3703	3523.9	6	0.731039
XM_048218383.1	846	666.98	0	0
XM_048218384.1	936	756.98	0	0
XM_048218385.1	2024	1844.9	0	0
XM_048218386.1	15557	15377.9	3.03359	0.0846979
XM_048218387.1	14384	14204.9	0	0
XM_048218388.1	13861	13681.9	0	0
XM_048218389.1	13794	13614.9	6.17577	0.194756
XM_048218390.1	13792	13612.9	7.48087	0.235947
XM_048218391.1	8590	8410.9	1	0.0510471
XM_048218392.1	6013	5833.9	0	0
XM_048218393.1	2654	2474.9	0	0
XM_048218394.1	13497	13317.9	0.000432503	1.39433e-05
XM_048218395.1	13393	13213.9	11.9996	0.389895
XM_048218396.1	17494	17314.9	0	0
XM_048218397.1	17491	17311.9	0	0
XM_048218398.1	17368	17188.9	0	0
XM_048218399.1	5543	5363.9	10.7053	0.856906
XM_048218400.1	2529	2349.9	0	0
XM_048218401.1	12980	12800.9	0	0
XM_048218402.1	12947	12767.9	0	0
XM_048218403.1	6130	5950.9	0.67614	0.0487829
XM_048218404.1	12195	12015.9	1.12289e-07	4.01232e-09
XM_048218405.1	12192	12012.9	68.9542	2.46448
XM_048218406.1	11990	11810.9	0	0
XM_048218407.1	13466	13286.9	14.9418	0.482829
XM_048218408.1	12167	11987.9	0	0
XM_048218409.1	2822	2642.9	0	0
XM_048218410.1	1079	899.905	0	0
XM_048218411.1	672	492.98	1.25975	1.09716
XM_048218412.1	1918	1738.9	0	0
XM_048218413.1	12282	12102.9	0	0
XM_048218414.1	12762	12582.9	0	0
XM_048218415.1	12589	12409.9	0	0
XM_048218416.1	12590	12410.9	0	0
XM_048218417.1	12375	12195.9	0	0
XM_048218418.1	13916	13736.9	0	0
XM_048218419.1	3025	2845.9	0	0
XM_048218420.1	3042	2862.9	0	0
XM_048218421.1	3037	2857.9	0	0
XM_048218422.1	2977	2797.9	30.4126	4.66696
XM_048218423.1	13848	13668.9	94.7527	2.97626
XM_048218424.1	524	345.091	0	0
XM_048218425.1	474	295.277	0	0
XM_048218426.1	4506	4326.9	0	0
XM_048218427.1	765	585.98	0	0
XM_048218428.1	13378	13198.9	2.6836e-05	8.72959e-07
XM_048218429.1	7144	6964.9	0	0
XM_048218430.1	6991	6811.9	0	0
XM_048218431.1	6675	6495.9	0	0
XM_048218432.1	11302	11122.9	0	0
XM_048218433.1	11262	11082.9	0	0
XM_048218434.1	1827	1647.9	58.8912	15.3438
XM_048218435.1	3344	3164.9	13	1.76358
XM_048218436.1	11647	11467.9	0	0
XM_048218437.1	9786	9606.9	0	0
XM_048218438.1	16225	16045.9	0	0
XM_048218439.1	9419	9239.9	3.12499e-05	1.45209e-06
XM_048218440.1	9314	9134.9	93.7947	4.40847
XM_048218441.1	5136	4956.9	13.0752	1.13253
XM_048218442.1	4992	4812.9	0	0
XM_048218443.1	7498	7318.9	0	0
XM_048218444.1	4931	4751.9	8.30235e-06	7.50148e-07
XM_048218445.1	5595	5415.9	0	0
XM_048218446.1	5694	5514.9	0	0
XM_048218447.1	5654	5474.9	5.16211	0.404822
XM_048218448.1	4876	4696.9	32.9039	3.0078
XM_048218449.1	1691	1511.9	0	0
XM_048218450.1	4197	4017.9	8	0.854877
XM_048218451.1	6234	6054.9	39.3093	2.78741
XM_048218452.1	6361	6181.9	169.984	11.8059
XM_048218453.1	6537	6357.9	0	0
XM_048218454.1	6380	6200.9	0	0
XM_048218455.1	4869	4689.9	0	0
XM_048218456.1	3929	3749.9	0	0
XM_048218457.1	3879	3699.9	28.9279	3.35691
XM_048218458.1	3972	3792.9	0	0
XM_048218459.1	3921	3741.9	66.0721	7.58122
XM_048218460.1	4856	4676.9	0	0
XM_048218461.1	7044	6864.9	20.5275	1.28385
XM_048218462.1	16461	16281.9	0	0
XM_048218463.1	4856	4676.9	0	0
XM_048218464.1	6187	6007.9	0	0
XM_048218465.1	5182	5002.9	7	0.600744
XM_048218466.1	10136	9956.9	0	0
XM_048218467.1	8781	8601.9	25.3349	1.26456
XM_048218468.1	4526	4346.9	100.858	9.96192
XM_048218469.1	590	410.98	2.15765	2.2541
XM_048218470.1	2563	2383.9	0	0
XM_048218471.1	2232	2052.9	7.84235	1.64018
XM_048218472.1	5136	4956.9	3.47747	0.301208
XM_048218473.1	1826	1646.9	0	0
XM_048218474.1	6737	6557.9	0	0
XM_048218475.1	9551	9371.9	0	0
XM_048218476.1	13912	13732.9	0	0
XM_048218477.1	5217	5037.9	0	0
XM_048218478.1	11398	11218.9	0	0
XM_048218479.1	35686	35506.9	5.56711	0.0673179
XM_048218480.1	6116	5936.9	0	0
XM_048218481.1	7757	7577.9	20.0552	1.1363
XM_048218482.1	15901	15721.9	5.57312	0.152197
XM_048218483.1	8835	8655.9	2.37125	0.117619
XM_048218484.1	9860	9680.9	0	0
XM_048218485.1	5624	5444.9	0	0
XM_048218486.1	6817	6637.9	0	0
XM_048218487.1	5722	5542.9	0	0
XM_048218488.1	4588	4408.9	0	0
XM_048218489.1	7340	7160.9	0	0
XM_048218490.1	4574	4394.9	0	0
XM_048218491.1	4593	4413.9	0	0
XM_048218492.1	4564	4384.9	0	0
XM_048218493.1	2139	1959.9	19.3445	4.23776
XM_048218494.1	3750	3570.9	0	0
XM_048218495.1	3788	3608.9	0	0
XM_048218496.1	2174	1994.9	0	0
XM_048218497.1	2089	1909.9	0	0
XM_048218498.1	3684	3504.9	0	0
XM_048218499.1	2040	1860.9	0	0
XM_048218500.1	3757	3577.9	0.00556596	0.000667921
XM_048218501.1	3719	3539.9	0	0
XM_048218502.1	2468	2288.9	0	0
XM_048218503.1	1998	1818.9	0	0
XM_048218504.1	3692	3512.9	25.3092	3.09333
XM_048218505.1	3674	3494.9	0	0
XM_048218506.1	2004	1824.9	2.17114	0.510812
XM_048218507.1	1982	1802.9	0.0398496	0.00948997
XM_048218508.1	1971	1791.9	0	0
XM_048218509.1	2426	2246.9	0	0
XM_048218510.1	2401	2221.9	0	0
XM_048218511.1	2399	2219.9	0	0
XM_048218512.1	1960	1780.9	9.24217	2.22816
XM_048218513.1	1932	1752.9	13.5683	3.32339
XM_048218514.1	1926	1746.9	0	0
XM_048218515.1	1836	1656.9	0	0
XM_048218516.1	2264	2084.9	0	0
XM_048218517.1	2702	2522.9	1.01078	0.172016
XM_048218518.1	5234	5054.9	5.98922	0.508711
XM_048218519.1	14206	14026.9	0	0
XM_048218520.1	5544	5364.9	27.7491	2.22075
XM_048218521.1	13554	13374.9	6.77308	0.217425
XM_048218522.1	5388	5208.9	0.304057	0.0250624
XM_048218523.1	9899	9719.9	15.9119	0.702868
XM_048218524.1	3226	3046.9	0	0
XM_048218525.1	7813	7633.9	0	0
XM_048218526.1	6732	6552.9	0	0
XM_048218527.1	6673	6493.9	0	0
XM_048218528.1	6521	6341.9	0	0
XM_048218529.1	6214	6034.9	2.418e-07	1.72028e-08
XM_048218530.1	14976	14796.9	1.4359	0.0416644
XM_048218531.1	3340	3160.9	7	0.950824
XM_048218532.1	6827	6647.9	2.67772	0.172939
XM_048218533.1	5109	4929.9	130.162	11.336
XM_048218534.1	3655	3475.9	0	0
XM_048218535.1	6525	6345.9	26.7778	1.81174
XM_048218536.1	6393	6213.9	0.000286542	1.97987e-05
XM_048218537.1	6237	6057.9	5.2787	0.374126
XM_048218538.1	6686	6506.9	0	0
XM_048218539.1	3700	3520.9	0	0
XM_048218540.1	6302	6122.9	0	0
XM_048218541.1	6465	6285.9	2.6248e-08	1.79284e-09
XM_048218542.1	6152	5972.9	0	0
XM_048218543.1	6425	6245.9	0.201362	0.0138419
XM_048218544.1	6476	6296.9	0.522639	0.0356359
XM_048218545.1	3588	3408.9	0	0
XM_048218546.1	3340	3160.9	0	0
XM_048218547.1	6392	6212.9	0	0
XM_048218548.1	6353	6173.9	0	0
XM_048218549.1	6221	6041.9	0	0
XM_048218550.1	6335	6155.9	0.427694	0.0298301
XM_048218551.1	6256	6076.9	4.35846	0.307939
XM_048218552.1	6131	5951.9	5.66767e-06	4.08848e-07
XM_048218553.1	6113	5933.9	0	0
XM_048218554.1	4396	4216.9	53.7382	5.47145
XM_048218555.1	4542	4362.9	40.2508	3.96107
XM_048218556.1	4297	4117.9	0	0
XM_048218557.1	4196	4016.9	0	0
XM_048218558.1	1955	1775.9	0	0
XM_048218559.1	1728	1548.9	0.000521025	0.000144427
XM_048218560.1	1606	1426.9	24.4589	7.35961
XM_048218561.1	3129	2949.9	0	0
XM_048218562.1	2980	2800.9	17.1835	2.63406
XM_048218563.1	2072	1892.9	73.8532	16.7515
XM_048218564.1	4846	4666.9	0	0
XM_048218565.1	4834	4654.9	0	0
XM_048218566.1	4900	4720.9	0	0
XM_048218567.1	4841	4661.9	0	0
XM_048218568.1	8188	8008.9	0	0
XM_048218569.1	531	352.091	31.8424	38.8297
XM_048218570.1	12503	12323.9	0	0
XM_048218571.1	12062	11882.9	0	0
XM_048218572.1	5063	4883.9	0.00907067	0.000797418
XM_048218573.1	5030	4850.9	0.137995	0.0122139
XM_048218574.1	640	460.98	0	0
XM_048218575.1	561	381.98	0	0
XM_048218576.1	1769	1589.9	1	0.270049
XM_048218577.1	4385	4205.9	0	0
XM_048218578.1	1854	1674.9	0	0
XM_048218579.1	528	349.091	0	0
XM_048218580.1	2044	1864.9	0	0
XM_048218581.1	4449	4269.9	0	0
XM_048218582.1	747	567.98	0	0
XM_048218583.1	5008	4828.9	0.000708753	6.30172e-05
XM_048218584.1	2085	1905.9	0	0
XM_048218585.1	2115	1935.9	0	0
XM_048218586.1	2052	1872.9	1	0.229244
XM_048218587.1	7504	7324.9	0	0
XM_048218588.1	6589	6409.9	2229.42	149.333
XM_048218589.1	6603	6423.9	61.0597	4.08102
XM_048218590.1	5447	5267.9	10383.6	846.298
XM_048218591.1	5832	5652.9	15.0541	1.1434
XM_048218592.1	5344	5164.9	0	0
XM_048218593.1	4619	4439.9	0.00542206	0.000524329
XM_048218594.1	6826	6646.9	0	0
XM_048218595.1	6993	6813.9	0	0
XM_048218596.1	7272	7092.9	15.8439	0.95907
XM_048218597.1	7263	7083.9	9.28749	0.56291
XM_048218598.1	6828	6648.9	0	0
XM_048218599.1	7260	7080.9	16.1423	0.978794
XM_048218600.1	7440	7260.9	9.06908	0.536273
XM_048218601.1	4594	4414.9	8.59875	0.836233
XM_048218602.1	7091	6911.9	0	0
XM_048218603.1	5098	4918.9	0	0
XM_048218604.1	6824	6644.9	0	0
XM_048218605.1	6764	6584.9	0	0
XM_048218606.1	4700	4520.9	0	0
XM_048218607.1	4632	4452.9	3	0.289262
XM_048218608.1	2808	2628.9	0	0
XM_048218609.1	1895	1715.9	0	0
XM_048218610.1	1921	1741.9	0	0
XM_048218611.1	2057	1877.9	8.98858	2.05509
XM_048218612.1	1676	1496.9	2.83508	0.813175
XM_048218613.1	7370	7190.9	9.92998	0.592896
XM_048218614.1	6779	6599.9	446.07	29.0188
XM_048218615.1	4316	4136.9	0	0
XM_048218616.1	3194	3014.9	0	0
XM_048218617.1	3401	3221.9	0	0
XM_048218618.1	2875	2695.9	0	0
XM_048218619.1	2588	2408.9	2	0.356471
XM_048218620.1	8560	8380.9	0	0
XM_048218621.1	6138	5958.9	0	0
XM_048218622.1	6203	6023.9	0	0
XM_048218623.1	5982	5802.9	29.9129	2.21323
XM_048218624.1	5978	5798.9	0	0
XM_048218625.1	5502	5322.9	0	0
XM_048218626.1	10930	10750.9	0	0
XM_048218627.1	10862	10682.9	0	0
XM_048218628.1	10862	10682.9	0	0
XM_048218629.1	10885	10705.9	0	0
XM_048218630.1	10833	10653.9	0.290083	0.0116903
XM_048218631.1	10762	10582.9	0.00891382	0.000361637
XM_048218632.1	10913	10733.9	0	0
XM_048218633.1	10772	10592.9	0.00259884	0.000105336
XM_048218634.1	5510	5330.9	51.0749	4.11358
XM_048218635.1	6686	6506.9	33.4991	2.2104
XM_048218636.1	6084	5904.9	3.69172e-07	2.68429e-08
XM_048218637.1	3323	3143.9	135.084	18.448
XM_048218638.1	9086	8906.9	2.82489	0.136172
XM_048218639.1	4578	4398.9	14.9615	1.4603
XM_048218640.1	4493	4313.9	0	0
XM_048218641.1	1867	1687.9	0	0
XM_048218642.1	4607	4427.9	3	0.290895
XM_048218643.1	6080	5900.9	0	0
XM_048218644.1	2595	2415.9	0	0
XM_048218645.1	5863	5683.9	61.2636	4.62775
XM_048218646.1	2523	2343.9	152.747	27.9799
XM_048218647.1	3869	3689.9	0	0
XM_048218648.1	3801	3621.9	0	0
XM_048218649.1	2054	1874.9	16.9894	3.89055
XM_048218650.1	6179	5999.9	0	0
XM_048218651.1	7108	6928.9	0	0
XM_048218652.1	7105	6925.9	0	0
XM_048218653.1	6457	6277.9	0	0
XM_048218654.1	3062	2882.9	0	0
XM_048218655.1	6997	6817.9	0	0
XM_048218656.1	7721	7541.9	0	0
XM_048218657.1	3086	2906.9	0	0
XM_048218658.1	2995	2815.9	0.00482147	0.000735148
XM_048218659.1	6356	6176.9	0	0
XM_048218660.1	9485	9305.9	0	0
XM_048218661.1	9298	9118.9	0	0
XM_048218662.1	11907	11727.9	0	0
XM_048218663.1	2692	2512.9	0	0
XM_048218664.1	2586	2406.9	13.291	2.3709
XM_048218665.1	6880	6700.9	1.34464	0.0861558
XM_048218666.1	2820	2640.9	0	0
XM_048218667.1	8013	7833.9	0	0
XM_048218668.1	6716	6536.9	0	0
XM_048218669.1	1364	1184.9	0	0
XM_048218670.1	1163	983.905	8.9976	3.92633
XM_048218671.1	6245	6065.9	5.84656	0.413826
XM_048218672.1	10978	10798.9	0	0
XM_048218673.1	10816	10636.9	0	0
XM_048218674.1	11073	10893.9	0	0
XM_048218675.1	10766	10586.9	105.921	4.29561
XM_048218676.1	10642	10462.9	0	0
XM_048218677.1	10685	10505.9	4.3789	0.178955
XM_048218678.1	1939	1759.9	17.7006	4.31829
XM_048218679.1	6065	5885.9	0	0
XM_048218680.1	4994	4814.9	0	0
XM_048218681.1	1804	1624.9	0	0
XM_048218682.1	46113	45933.9	0.383036	0.0035803
XM_048218683.1	14012	13832.9	0.281855	0.00874834
XM_048218684.1	5911	5731.9	0	0
XM_048218685.1	46086	45906.9	0.186823	0.00174729
XM_048218686.1	13985	13805.9	0.025581	0.000795546
XM_048218687.1	5890	5710.9	2.89595e-07	2.17721e-08
XM_048218688.1	46050	45870.9	0.783086	0.00732969
XM_048218689.1	5848	5668.9	2.54751e-08	1.92944e-09
XM_048218690.1	46023	45843.9	0.382012	0.00357774
XM_048218691.1	5881	5701.9	0	0
XM_048218692.1	13889	13709.9	2.6197	0.0820408
XM_048218693.1	5881	5701.9	0	0
XM_048218694.1	8957	8777.9	0	0
XM_048218695.1	5821	5641.9	0.76529	0.058239
XM_048218696.1	5779	5599.9	0.0744336	0.00570692
XM_048218697.1	45953	45773.9	2.44318	0.0229167
XM_048218698.1	5758	5578.9	233.663	17.9827
XM_048218699.1	45917	45737.9	10.2694	0.0964014
XM_048218700.1	5716	5536.9	23.6963	1.8375
XM_048218701.1	45890	45710.9	5.01491	0.0471039
XM_048218702.1	5719	5539.9	0	0
XM_048218703.1	5722	5542.9	0.017298	0.0013399
XM_048218704.1	13751	13571.9	0.00641997	0.000203098
XM_048218705.1	5716	5536.9	0	0
XM_048218706.1	5640	5460.9	2.00208	0.157409
XM_048218707.1	45815	45635.9	3.52641	0.0331772
XM_048218708.1	5613	5433.9	0	0
XM_048218709.1	5620	5440.9	0	0
XM_048218710.1	5602	5422.9	8.23482	0.651982
XM_048218711.1	5491	5311.9	95.7035	7.73554
XM_048218712.1	5464	5284.9	51.4454	4.17949
XM_048218713.1	5353	5173.9	0	0
XM_048218714.1	13388	13208.9	0.452244	0.0147001
XM_048218715.1	5251	5071.9	0	0
XM_048218716.1	5185	5005.9	0	0
XM_048218717.1	4945	4765.9	56.4259	5.08331
XM_048218718.1	4789	4609.9	0	0
XM_048218719.1	4726	4546.9	0	0
XM_048218720.1	4723	4543.9	0.0246265	0.00232695
XM_048218721.1	4638	4458.9	19.9107	1.91722
XM_048218722.1	4660	4480.9	30.8678	2.9577
XM_048218723.1	9168	8988.9	0	0
XM_048218724.1	9493	9313.9	0	0
XM_048218725.1	9155	8975.9	0.0824198	0.00394246
XM_048218726.1	9117	8937.9	20.9176	1.00482
XM_048218727.1	6927	6747.9	0.00122051	7.76581e-05
XM_048218728.1	4536	4356.9	1.66261	0.163843
XM_048218729.1	2785	2605.9	0	0
XM_048218730.1	3147	2967.9	0	0
XM_048218731.1	2836	2656.9	0	0
XM_048218732.1	2584	2404.9	0	0
XM_048218733.1	2517	2337.9	32.8669	6.03594
XM_048218734.1	2765	2585.9	1.58394e-05	2.62991e-06
XM_048218735.1	2610	2430.9	0	0
XM_048218736.1	2498	2318.9	44.481	8.23578
XM_048218737.1	2492	2312.9	45.8159	8.50495
XM_048218738.1	4532	4352.9	10.0604	0.992313
XM_048218739.1	2714	2534.9	11.4185	1.93402
XM_048218740.1	2580	2400.9	0	0
XM_048218741.1	2844	2664.9	0	0
XM_048218742.1	2793	2613.9	0	0
XM_048218743.1	2514	2334.9	0.00019752	3.63209e-05
XM_048218744.1	2403	2223.9	0	0
XM_048218745.1	3241	3061.9	7	0.981567
XM_048218746.1	6759	6579.9	76.8663	5.01568
XM_048218747.1	6698	6518.9	32.645	2.15008
XM_048218748.1	3778	3598.9	0	0
XM_048218749.1	3476	3296.9	0	0
XM_048218750.1	3595	3415.9	12.8799	1.6189
XM_048218751.1	3555	3375.9	11.0781	1.40892
XM_048218752.1	3327	3147.9	0.000880113	0.000120041
XM_048218753.1	3701	3521.9	0	0
XM_048218754.1	3491	3311.9	0	0
XM_048218755.1	3373	3193.9	0	0
XM_048218756.1	3676	3496.9	0	0
XM_048218757.1	5642	5462.9	4.06975	0.319859
XM_048218758.1	7548	7368.9	0	0
XM_048218759.1	987	807.905	3	1.59432
XM_048218760.1	17982	17802.9	1.4645e-08	3.53192e-10
XM_048218761.1	6972	6792.9	2.30692e-05	1.45811e-06
XM_048218762.1	7017	6837.9	0	0
XM_048218763.1	1827	1647.9	0	0
XM_048218764.1	6824	6644.9	0	0
XM_048218765.1	11395	11215.9	3.50481e-07	1.34166e-08
XM_048218766.1	11478	11298.9	1.09586e-05	4.16421e-07
XM_048218767.1	11392	11212.9	9.8695e-08	3.77912e-09
XM_048218768.1	11386	11206.9	45.5189	1.74389
XM_048218769.1	11383	11203.9	13.0922	0.501715
XM_048218770.1	11335	11155.9	1.47083e-06	5.6607e-08
XM_048218771.1	11439	11259.9	0	0
XM_048218772.1	11265	11085.9	90.2776	3.49641
XM_048218773.1	11298	11118.9	9.41154e-07	3.63423e-08
XM_048218774.1	11289	11109.9	141.838	5.48146
XM_048218775.1	11260	11080.9	46.004	1.78252
XM_048218776.1	11257	11077.9	13.0842	0.507111
XM_048218777.1	11251	11071.9	675.717	26.2033
XM_048218778.1	11248	11068.9	193.448	7.50368
XM_048218779.1	11200	11020.9	213.283	8.30908
XM_048218780.1	11157	10977.9	3.58059e-08	1.40039e-09
XM_048218781.1	11148	10968.9	7.16341	0.280395
XM_048218782.1	11022	10842.9	7.15189	0.283197
XM_048218783.1	11013	10833.9	112.764	4.4689
XM_048218784.1	11114	10934.9	74.0528	2.90764
XM_048218785.1	5328	5148.9	0	0
XM_048218786.1	2413	2233.9	0	0
XM_048218787.1	5630	5450.9	34145.3	2689.53
XM_048218788.1	5686	5506.9	3.70082e-06	2.88538e-07
XM_048218789.1	5528	5348.9	902.084	72.4095
XM_048218790.1	5528	5348.9	406.842	32.6569
XM_048218791.1	5528	5348.9	758.034	60.8467
XM_048218792.1	5525	5345.9	4040.89	324.541
XM_048218793.1	5525	5345.9	1557.83	125.116
XM_048218794.1	5525	5345.9	3447.16	276.856
XM_048218795.1	5519	5339.9	0.167285	0.0134505
XM_048218796.1	5543	5363.9	0.000393361	3.14865e-05
XM_048218797.1	5516	5336.9	1.82099	0.146498
XM_048218798.1	5516	5336.9	1.0851	0.0872958
XM_048218799.1	5516	5336.9	0	0
XM_048218800.1	5540	5360.9	0.00432958	0.000346754
XM_048218801.1	5516	5336.9	0.899599	0.0723724
XM_048218802.1	5513	5333.9	9.87561	0.794936
XM_048218803.1	5513	5333.9	11.7528	0.946042
XM_048218804.1	5513	5333.9	0	0
XM_048218805.1	5420	5240.9	127.671	10.4592
XM_048218806.1	5411	5231.9	0.118128	0.00969405
XM_048218807.1	5411	5231.9	0	0
XM_048218808.1	5408	5228.9	0	0
XM_048218809.1	5408	5228.9	0.829975	0.0681503
XM_048218810.1	5408	5228.9	0	0
XM_048218811.1	5321	5141.9	262.907	21.9529
XM_048218812.1	5318	5138.9	1262.46	105.478
XM_048218813.1	5309	5129.9	0.397604	0.0332778
XM_048218814.1	5309	5129.9	0.230095	0.019258
XM_048218815.1	5306	5126.9	2.79521	0.234085
XM_048218816.1	5204	5024.9	0.026959	0.0023035
XM_048218817.1	5576	5396.9	0	0
XM_048218818.1	5201	5021.9	1.90425e-07	1.62806e-08
XM_048218819.1	5201	5021.9	0.204994	0.0175261
XM_048218820.1	5201	5021.9	0	0
XM_048218821.1	5096	4916.9	0	0
XM_048218822.1	4833	4653.9	0	0
XM_048218823.1	2389	2209.9	18.9691	3.68542
XM_048218824.1	9598	9418.9	0	0
XM_048218825.1	9570	9390.9	0	0
XM_048218826.1	7961	7781.9	0	0
XM_048218827.1	7949	7769.9	0	0
XM_048218828.1	7723	7543.9	0.0364955	0.0020771
XM_048218829.1	4545	4365.9	0	0
XM_048218830.1	4806	4626.9	0	0
XM_048218831.1	4484	4304.9	23.5087	2.34465
XM_048218832.1	1259	1079.9	2	0.795166
XM_048218833.1	573	393.98	0	0
XM_048218834.1	1338	1158.9	824.405	305.426
XM_048218835.1	2810	2630.9	10.1424	1.6552
XM_048218836.1	4519	4339.9	0	0
XM_048218837.1	2925	2745.9	1	0.156361
XM_048218838.1	6682	6502.9	0	0
XM_048218839.1	4890	4710.9	10.8296	0.987007
XM_048218840.1	8754	8574.9	0	0
XM_048218841.1	4861	4681.9	6.48919	0.595088
XM_048218842.1	4756	4576.9	0	0
XM_048218843.1	3997	3817.9	0	0
XM_048218844.1	3369	3189.9	0	0
XM_048218845.1	3999	3819.9	0	0
XM_048218846.1	3575	3395.9	0.00194954	0.000246485
XM_048218847.1	13439	13259.9	5.56576e-06	1.80218e-07
XM_048218848.1	13498	13318.9	1.69568e-08	5.46623e-10
XM_048218849.1	13277	13097.9	51.5665	1.69036
XM_048218850.1	13023	12843.9	71.4335	2.38791
XM_048218851.1	2212	2032.9	1	0.211201
XM_048218852.1	5805	5625.9	0	0
XM_048218853.1	5797	5617.9	0	0
XM_048218854.1	2712	2532.9	29.4611	4.99394
XM_048218855.1	2611	2431.9	1.36667	0.241286
XM_048218856.1	1280	1100.9	16.0511	6.25991
XM_048218857.1	1190	1010.9	0	0
XM_048218858.1	3024	2844.9	0	0
XM_048218859.1	2293	2113.9	0	0
XM_048218860.1	2395	2215.9	3.33763	0.646696
XM_048218861.1	2552	2372.9	0	0
XM_048218862.1	2381	2201.9	0	0
XM_048218863.1	7593	7413.9	4.18623e-08	2.42432e-09
XM_048218864.1	7584	7404.9	1.75505e-07	1.01761e-08
XM_048218865.1	7377	7197.9	0	0
XM_048218866.1	7368	7188.9	0	0
XM_048218867.1	5997	5817.9	0	0
XM_048218868.1	3383	3203.9	0	0
XM_048218869.1	8048	7868.9	0	0
XM_048218870.1	7943	7763.9	0	0
XM_048218871.1	7903	7723.9	93.3521	5.1892
XM_048218872.1	7384	7204.9	0	0
XM_048218873.1	7358	7178.9	0	0
XM_048218874.1	7043	6863.9	9.10205	0.569353
XM_048218875.1	4931	4751.9	0	0
XM_048218876.1	4880	4700.9	0	0
XM_048218877.1	6807	6627.9	0	0
XM_048218878.1	660	480.98	0	0
XM_048218879.1	2456	2276.9	0	0
XM_048218880.1	1888	1708.9	0	0
XM_048218881.1	4595	4415.9	1	0.0972285
XM_048218882.1	12026	11846.9	0	0
XM_048218883.1	3381	3201.9	30.3127	4.06471
XM_048218884.1	2064	1884.9	0	0
XM_048218885.1	2127	1947.9	3.99868	0.881378
XM_048218886.1	2143	1963.9	0	0
XM_048218887.1	2325	2145.9	5.7735	1.15516
XM_048218888.1	1421	1241.9	0	0
XM_048218889.1	2887	2707.9	0	0
XM_048218890.1	1919	1739.9	3.70982	0.915463
XM_048218891.1	6855	6675.9	0	0
XM_048218892.1	6693	6513.9	1.65772	0.109265
XM_048218893.1	6951	6771.9	0	0
XM_048218894.1	7256	7076.9	69.5453	4.21928
XM_048218895.1	3137	2957.9	0	0
XM_048218896.1	6558	6378.9	12.3725	0.832768
XM_048218897.1	6534	6354.9	64.1819	4.33628
XM_048218898.1	3062	2882.9	0	0
XM_048218899.1	11467	11287.9	6.40962	0.243799
XM_048218900.1	4094	3914.9	0	0
XM_048218901.1	1142	962.905	0	0
XM_048218902.1	2805	2625.9	0	0
XM_048218903.1	2755	2575.9	0	0
XM_048218904.1	2498	2318.9	0	0
XM_048218905.1	1402	1222.9	0	0
XM_048218906.1	2379	2199.9	2.7713	0.54087
XM_048218907.1	1649	1469.9	6	1.75257
XM_048218908.1	1329	1149.9	0	0
XM_048218909.1	10269	10089.9	10.6303	0.452346
XM_048218910.1	14826	14646.9	17.031	0.499238
XM_048218911.1	17304	17124.9	0	0
XM_048218912.1	17301	17121.9	0	0
XM_048218913.1	19529	19349.9	1.59522	0.035396
XM_048218914.1	15771	15591.9	0	0
XM_048218915.1	15666	15486.9	0	0
XM_048218916.1	981	801.905	2.51888	1.34865
XM_048218917.1	19511	19331.9	5.3738	0.119349
XM_048218918.1	15663	15483.9	0	0
XM_048218919.1	19508	19328.9	0	0
XM_048218920.1	4943	4763.9	1	0.0901261
XM_048218921.1	5205	5025.9	0	0
XM_048218922.1	5202	5022.9	0	0
XM_048218923.1	8896	8716.9	0	0
XM_048218924.1	4157	3977.9	0	0
XM_048218925.1	6277	6097.9	0.0041964	0.000295468
XM_048218926.1	3972	3792.9	492.888	55.7943
XM_048218927.1	4742	4562.9	0	0
XM_048218928.1	6611	6431.9	0.00772515	0.00051568
XM_048218929.1	6454	6274.9	0.00723629	0.000495134
XM_048218930.1	6451	6271.9	0.012615	0.000863576
XM_048218931.1	3109	2929.9	14.4675	2.12009
XM_048218932.1	10529	10349.9	14	0.580771
XM_048218933.1	8986	8806.9	0	0
XM_048218934.1	5543	5363.9	0	0
XM_048218935.1	939	759.905	11	6.21508
XM_048218936.1	5244	5064.9	0	0
XM_048218937.1	4985	4805.9	0	0
XM_048218938.1	5009	4829.9	0	0
XM_048218939.1	2365	2185.9	0	0
XM_048218940.1	2261	2081.9	2	0.412461
XM_048218941.1	4193	4013.9	0	0
XM_048218942.1	2187	2007.9	3.53474	0.755836
XM_048218943.1	1901	1721.9	0	0
XM_048218944.1	1987	1807.9	9.14882	2.17272
XM_048218945.1	1816	1636.9	0	0
XM_048218946.1	9411	9231.9	3.81807	0.177568
XM_048218947.1	5698	5518.9	0	0
XM_048218948.1	6481	6301.9	0	0
XM_048218949.1	6252	6072.9	7.26106e-08	5.13354e-09
XM_048218950.1	6438	6258.9	0	0
XM_048218951.1	4220	4040.9	0.0250364	0.00266015
XM_048218952.1	8755	8575.9	0	0
XM_048218953.1	8569	8389.9	2.88979	0.147884
XM_048218954.1	6244	6064.9	0	0
XM_048218955.1	9327	9147.9	0	0
XM_048218956.1	5277	5097.9	0	0
XM_048218957.1	5619	5439.9	14	1.10497
XM_048218958.1	985	805.905	0	0
XM_048218959.1	917	737.98	6	3.49076
XM_048218960.1	8917	8737.9	0	0
XM_048218961.1	9001	8821.9	0	0
XM_048218962.1	8720	8540.9	0	0
XM_048218963.1	3591	3411.9	1	0.125839
XM_048218964.1	1908	1728.9	14	3.47673
XM_048218965.1	5228	5048.9	0	0
XM_048218966.1	13126	12946.9	39.8814	1.32257
XM_048218967.1	13215	13035.9	76.3911	2.51602
XM_048218968.1	6536	6356.9	3.47918e-06	2.34987e-07
XM_048218969.1	6636	6456.9	0	0
XM_048218970.1	6642	6462.9	106.431	7.07053
XM_048218971.1	6984	6804.9	13.4711	0.849954
XM_048218972.1	6616	6436.9	59.3509	3.9588
XM_048218973.1	8053	7873.9	7.12478	0.388504
XM_048218974.1	6406	6226.9	0	0
XM_048218975.1	3772	3592.9	0	0
XM_048218976.1	3745	3565.9	0.00240076	0.000289062
XM_048218977.1	3734	3554.9	0	0
XM_048218978.1	3714	3534.9	3.11265e-07	3.78065e-08
XM_048218979.1	3622	3442.9	0	0
XM_048218980.1	3598	3418.9	0	0
XM_048218981.1	3587	3407.9	0	0
XM_048218982.1	3553	3373.9	0	0
XM_048218983.1	2908	2728.9	0	0
XM_048218984.1	7086	6906.9	0	0
XM_048218985.1	4904	4724.9	93.7202	8.51635
XM_048218986.1	6783	6603.9	0	0
XM_048218987.1	7063	6883.9	0	0
XM_048218988.1	4243	4063.9	0	0
XM_048218989.1	4262	4082.9	8.0057	0.841867
XM_048218990.1	6941	6761.9	0	0
XM_048218991.1	1543	1363.9	0	0
XM_048218992.1	6982	6802.9	0	0
XM_048218993.1	1571	1391.9	0	0
XM_048218994.1	6906	6726.9	0	0
XM_048218995.1	6614	6434.9	1.57953	0.10539
XM_048218996.1	5745	5565.9	0	0
XM_048218997.1	963	783.905	0	0
XM_048218998.1	4943	4763.9	20	1.80252
XM_048218999.1	4731	4551.9	49.8886	4.70567
XM_048219000.1	3941	3761.9	5.1906	0.592411
XM_048219001.1	3932	3752.9	150.121	17.1746
XM_048219002.1	3607	3427.9	3435.04	430.245
XM_048219003.1	3519	3339.9	0.115624	0.0148637
XM_048219004.1	4673	4493.9	0	0
XM_048219005.1	1506	1326.9	0	0
XM_048219006.1	3023	2843.9	0	0
XM_048219007.1	4528	4348.9	0	0
XM_048219008.1	4619	4439.9	0	0
XM_048219009.1	4594	4414.9	0	0
XM_048219010.1	10370	10190.9	3.6984	0.155817
XM_048219011.1	4410	4230.9	6.66393	0.676255
XM_048219012.1	3697	3517.9	65.4922	7.99317
XM_048219013.1	4604	4424.9	0	0
XM_048219014.1	4350	4170.9	0	0
XM_048219015.1	3790	3610.9	0.00875248	0.00104071
XM_048219016.1	4439	4259.9	16.2403	1.63684
XM_048219017.1	4259	4079.9	5.72989	0.602989
XM_048219018.1	4511	4331.9	1.28201	0.127065
XM_048219019.1	594	414.98	0	0
XM_048219020.1	4694	4514.9	0	0
XM_048219021.1	3402	3222.9	0	0
XM_048219022.1	1623	1443.9	0	0
XM_048219023.1	5965	5785.9	1.00011	0.0742145
XM_048219024.1	1063	883.905	0	0
XM_048219025.1	384	206.757	48.5418	100.802
XM_048219026.1	1620	1440.9	0	0
XM_048219027.1	2856	2676.9	1	0.160391
XM_048219028.1	6155	5975.9	0	0
XM_048219029.1	1194	1014.9	2	0.846093
XM_048219030.1	5987	5807.9	4	0.295702
XM_048219031.1	16164	15984.9	4	0.107439
XM_048219032.1	28690	28510.9	4.38121	0.0659776
XM_048219033.1	9098	8918.9	0	0
XM_048219034.1	8242	8062.9	0	0
XM_048219035.1	8066	7886.9	524.109	28.5318
XM_048219036.1	15164	14984.9	1.03199	0.0295689
XM_048219037.1	8100	7920.9	81.8829	4.43846
XM_048219038.1	8862	8682.9	0.0629364	0.00311208
XM_048219039.1	7991	7811.9	0.4799	0.0263759
XM_048219040.1	19851	19671.9	0	0
XM_048219041.1	19614	19434.9	0	0
XM_048219042.1	19608	19428.9	18.4094	0.406822
XM_048219043.1	19463	19283.9	29.2023	0.650183
XM_048219044.1	7844	7664.9	482.505	27.0277
XM_048219045.1	16528	16348.9	0	0
XM_048219046.1	16636	16456.9	0	0
XM_048219047.1	16686	16506.9	0	0
XM_048219048.1	16404	16224.9	0	0
XM_048219049.1	13379	13199.9	0	0
XM_048219050.1	16512	16332.9	0	0
XM_048219051.1	1724	1544.9	0	0
XM_048219052.1	1641	1461.9	0	0
XM_048219053.1	1623	1443.9	0	0
XM_048219054.1	2898	2718.9	1	0.157914
XM_048219055.1	4061	3881.9	1.0111e-07	1.11832e-08
XM_048219056.1	4045	3865.9	2.2162e-05	2.46133e-06
XM_048219057.1	3801	3621.9	0	0
XM_048219058.1	4125	3945.9	0	0
XM_048219059.1	7508	7328.9	0	0
XM_048219060.1	3107	2927.9	0	0
XM_048219061.1	6262	6082.9	0	0
XM_048219062.1	6175	5995.9	0	0
XM_048219063.1	6122	5942.9	0	0
XM_048219064.1	4019	3839.9	11	1.22994
XM_048219065.1	6909	6729.9	0	0
XM_048219066.1	2018	1838.9	0	0
XM_048219067.1	7231	7051.9	0	0
XM_048219068.1	1469	1289.9	0	0
XM_048219069.1	5976	5796.9	0	0
XM_048219070.1	7945	7765.9	0	0
XM_048219071.1	1465	1285.9	0	0
XM_048219072.1	11446	11266.9	0.148333	0.00565259
XM_048219073.1	3990	3810.9	50.2372	5.65992
XM_048219074.1	10392	10212.9	0	0
XM_048219075.1	10355	10175.9	0	0
XM_048219076.1	2317	2137.9	108.69	21.8281
XM_048219077.1	6455	6275.9	0	0
XM_048219078.1	3257	3077.9	0	0
XM_048219079.1	2245	2065.9	9.50301e-05	1.97499e-05
XM_048219080.1	5395	5215.9	0	0
XM_048219081.1	8149	7969.9	2.08335	0.112233
XM_048219082.1	7072	6892.9	0	0
XM_048219083.1	7049	6869.9	0	0
XM_048219084.1	6906	6726.9	51.9992	3.31891
XM_048219085.1	7083	6903.9	16.2123	1.00824
XM_048219086.1	7024	6844.9	0	0
XM_048219087.1	7021	6841.9	0	0
XM_048219088.1	2171	1991.9	47.4192	10.2211
XM_048219089.1	1274	1094.9	0	0
XM_048219090.1	3494	3314.9	0.24495	0.0317263
XM_048219091.1	7883	7703.9	0	0
XM_048219092.1	7628	7448.9	8	0.461117
XM_048219093.1	453	274.419	0	0
XM_048219094.1	1625	1445.9	0	0
XM_048219095.1	1621	1441.9	0	0
XM_048219096.1	1552	1372.9	0	0
XM_048219097.1	6853	6673.9	0	0
XM_048219098.1	6841	6661.9	0	0
XM_048219099.1	6805	6625.9	0	0
XM_048219100.1	6805	6625.9	0	0
XM_048219101.1	6802	6622.9	0	0
XM_048219102.1	6793	6613.9	0	0
XM_048219103.1	6778	6598.9	0	0
XM_048219104.1	6727	6547.9	0	0
XM_048219105.1	6727	6547.9	0	0
XM_048219106.1	6724	6544.9	0	0
XM_048219107.1	6700	6520.9	0	0
XM_048219108.1	6676	6496.9	0	0
XM_048219109.1	6661	6481.9	0	0
XM_048219110.1	6649	6469.9	0	0
XM_048219111.1	6570	6390.9	0.000246877	1.65856e-05
XM_048219112.1	6570	6390.9	0.000246877	1.65856e-05
XM_048219113.1	6654	6474.9	0	0
XM_048219114.1	7082	6902.9	0	0
XM_048219115.1	6627	6447.9	0	0
XM_048219116.1	1981	1801.9	0	0
XM_048219117.1	6591	6411.9	3.41369e-06	2.28587e-07
XM_048219118.1	38234	38054.9	10.4053	0.117397
XM_048219119.1	3258	3078.9	0	0
XM_048219120.1	1515	1335.9	0	0
XM_048219121.1	1368	1188.9	0	0
XM_048219122.1	5962	5782.9	0.000600016	4.45482e-05
XM_048219123.1	704	524.98	2.71781	2.22275
XM_048219124.1	6866	6686.9	0	0
XM_048219125.1	4516	4336.9	1.92837	0.190908
XM_048219126.1	6457	6277.9	0	0
XM_048219127.1	2267	2087.9	3.07163	0.631643
XM_048219128.1	7845	7665.9	58.7229	3.28895
XM_048219129.1	6416	6236.9	0	0
XM_048219130.1	6383	6203.9	0.128992	0.0089271
XM_048219131.1	6380	6200.9	0.242489	0.01679
XM_048219132.1	6655	6475.9	9.98686	0.662128
XM_048219133.1	1726	1546.9	1.31585	0.365221
XM_048219134.1	1737	1557.9	6.05889	1.6698
XM_048219135.1	1818	1638.9	0	0
XM_048219136.1	3589	3409.9	0	0
XM_048219137.1	1871	1691.9	0	0
XM_048219138.1	1527	1347.9	9.8415	3.13484
XM_048219139.1	611	431.98	3.43284	3.41195
XM_048219140.1	10289	10109.9	7.86127	0.333856
XM_048219141.1	2452	2272.9	0	0
XM_048219142.1	1854	1674.9	0	0
XM_048219143.1	1600	1420.9	0	0
XM_048219144.1	2657	2477.9	3.24094	0.561564
XM_048219145.1	2694	2514.9	1.28965e-08	2.20173e-09
XM_048219146.1	4651	4471.9	0.79063	0.0759092
XM_048219147.1	2378	2198.9	0	0
XM_048219148.1	2970	2790.9	0	0
XM_048219149.1	2010	1830.9	0	0
XM_048219150.1	3148	2968.9	0	0
XM_048219151.1	1772	1592.9	3.53862	0.9538
XM_048219152.1	4359	4179.9	0	0
XM_048219153.1	5655	5475.9	17.3829	1.36295
XM_048219154.1	4861	4681.9	7.33552	0.672701
XM_048219155.1	5515	5335.9	0	0
XM_048219156.1	5338	5158.9	8.06825	0.671484
XM_048219157.1	5397	5217.9	2.98743	0.245819
XM_048219158.1	8579	8399.9	28.4977	1.45663
XM_048219159.1	6394	6214.9	0.000176013	1.21597e-05
XM_048219160.1	8901	8721.9	0	0
XM_048219161.1	8487	8307.9	0	0
XM_048219162.1	8823	8643.9	0	0
XM_048219163.1	3556	3376.9	0	0
XM_048219164.1	1247	1067.9	11.439	4.59905
XM_048219165.1	1748	1568.9	0	0
XM_048219166.1	3444	3264.9	8.48068	1.11525
XM_048219167.1	3389	3209.9	8.38169	1.12112
XM_048219168.1	640	460.98	0.380396	0.354297
XM_048219169.1	2318	2138.9	0	0
XM_048219170.1	1571	1391.9	10.2626	3.16563
XM_048219171.1	5080	4900.9	3.72117	0.325999
XM_048219172.1	5082	4902.9	2.18495	0.191338
XM_048219173.1	6936	6756.9	3.37993	0.21477
XM_048219174.1	8800	8620.9	12.1178	0.60351
XM_048219175.1	6425	6245.9	32.0431	2.20268
XM_048219176.1	6324	6144.9	0	0
XM_048219177.1	11953	11773.9	134.249	4.89556
XM_048219178.1	13036	12856.9	0	0
XM_048219179.1	12118	11938.9	0	0
XM_048219180.1	11976	11796.9	0	0
XM_048219181.1	12445	12265.9	16.1024	0.563645
XM_048219182.1	11894	11714.9	0	0
XM_048219183.1	8475	8295.9	1.81433	0.0939002
XM_048219184.1	1661	1481.9	25	7.24325
XM_048219185.1	1722	1542.9	0	0
XM_048219186.1	1567	1387.9	0	0
XM_048219187.1	12724	12544.9	0	0
XM_048219188.1	9189	9009.9	0	0
XM_048219189.1	12802	12622.9	0	0
XM_048219190.1	12742	12562.9	11.5145	0.39352
XM_048219191.1	12559	12379.9	4.24062e-08	1.47071e-09
XM_048219192.1	3832	3652.9	121.706	14.305
XM_048219193.1	6493	6313.9	0	0
XM_048219194.1	6537	6357.9	0	0
XM_048219195.1	6372	6192.9	0	0
XM_048219196.1	6471	6291.9	2.6115e-07	1.78205e-08
XM_048219197.1	6413	6233.9	1.76518e-07	1.21574e-08
XM_048219198.1	6369	6189.9	82.0116	5.68859
XM_048219199.1	7622	7442.9	0	0
XM_048219200.1	7619	7439.9	0	0
XM_048219201.1	5745	5565.9	5.4008	0.416616
XM_048219202.1	4745	4565.9	0	0
XM_048219203.1	4739	4559.9	0	0
XM_048219204.1	7459	7279.9	0	0
XM_048219205.1	7456	7276.9	0	0
XM_048219206.1	7420	7240.9	0	0
XM_048219207.1	7450	7270.9	0	0
XM_048219208.1	12693	12513.9	11.511	0.394941
XM_048219209.1	3048	2868.9	2.12052e-08	3.1735e-09
XM_048219210.1	3046	2866.9	0	0
XM_048219211.1	4429	4249.9	1.52112e-05	1.53673e-06
XM_048219212.1	2966	2786.9	1	0.154061
XM_048219213.1	4885	4705.9	0	0
XM_048219214.1	4780	4600.9	0	0
XM_048219215.1	4733	4553.9	0	0
XM_048219216.1	4742	4562.9	0	0
XM_048219217.1	4599	4419.9	0	0
XM_048219218.1	4611	4431.9	0	0
XM_048219219.1	4608	4428.9	0	0
XM_048219220.1	4596	4416.9	0	0
XM_048219221.1	4743	4563.9	0	0
XM_048219222.1	4605	4425.9	4	0.388035
XM_048219223.1	6864	6684.9	0	0
XM_048219224.1	6638	6458.9	0.000115697	7.69089e-06
XM_048219225.1	10692	10512.9	2.45025	0.100069
XM_048219226.1	5373	5193.9	0	0
XM_048219227.1	2195	2015.9	0	0
XM_048219228.1	5678	5498.9	0	0
XM_048219229.1	2710	2530.9	4.25045	0.721062
XM_048219230.1	5565	5385.9	0	0
XM_048219231.1	5562	5382.9	0	0
XM_048219232.1	5166	4986.9	0	0
XM_048219233.1	9702	9522.9	6.54945	0.29529
XM_048219234.1	1265	1085.9	0	0
XM_048219235.1	5423	5243.9	0	0
XM_048219236.1	5351	5171.9	0	0
XM_048219237.1	5276	5096.9	0	0
XM_048219238.1	4476	4296.9	0	0
XM_048219239.1	2872	2692.9	9	1.43494
XM_048219240.1	3545	3365.9	0	0
XM_048219241.1	6354	6174.9	39.4794	2.74507
XM_048219242.1	6129	5949.9	0	0
XM_048219243.1	7992	7812.9	0.00060006	3.29758e-05
XM_048219244.1	6130	5950.9	0	0
XM_048219245.1	6176	5996.9	1.42523e-07	1.0204e-08
XM_048219246.1	4967	4787.9	7.2293	0.648283
XM_048219247.1	9545	9365.9	1.50809e-07	6.91341e-09
XM_048219248.1	9519	9339.9	9.32804e-08	4.28807e-09
XM_048219249.1	9368	9188.9	62.941	2.94092
XM_048219250.1	9334	9154.9	0	0
XM_048219251.1	9330	9150.9	26.1655	1.22766
XM_048219252.1	3793	3613.9	1.49407	0.177504
XM_048219253.1	2517	2337.9	0	0
XM_048219254.1	1160	980.905	0	0
XM_048219255.1	1063	883.905	6.55123	3.18223
XM_048219256.1	2518	2338.9	0	0
XM_048219257.1	710	530.98	0	0
XM_048219258.1	9001	8821.9	6.0834	0.296072
XM_048219259.1	6499	6319.9	0	0
XM_048219260.1	4466	4286.9	2.08129	0.208451
XM_048219261.1	4337	4157.9	1.75097e-07	1.80808e-08
XM_048219262.1	8740	8560.9	1.32533	0.0664687
XM_048219263.1	6323	6143.9	0	0
XM_048219264.1	2033	1853.9	0	0
XM_048219265.1	5308	5128.9	26	2.17652
XM_048219266.1	12488	12308.9	0	0
XM_048219267.1	12478	12298.9	0	0
XM_048219268.1	8904	8724.9	3.20561e-06	1.57748e-07
XM_048219269.1	8902	8722.9	2.92566e-05	1.44005e-06
XM_048219270.1	3078	2898.9	40.3555	5.97698
XM_048219271.1	12412	12232.9	0	0
XM_048219272.1	4958	4778.9	0	0
XM_048219273.1	7677	7497.9	0	0
XM_048219274.1	3959	3779.9	0	0
XM_048219275.1	6286	6106.9	0	0
XM_048219276.1	6108	5928.9	16.9156	1.22497
XM_048219277.1	3304	3124.9	1.08444	0.148998
XM_048219278.1	12407	12227.9	3.29531e-05	1.15707e-06
XM_048219279.1	10560	10380.9	0	0
XM_048219280.1	12402	12222.9	0	0
XM_048219281.1	12397	12217.9	9.5847e-05	3.36818e-06
XM_048219282.1	5990	5810.9	0.000250966	1.85432e-05
XM_048219283.1	12331	12151.9	5.21601	0.184292
XM_048219284.1	2894	2714.9	0	0
XM_048219285.1	12321	12141.9	15.2729	0.540068
XM_048219286.1	11830	11650.9	18.7125	0.689583
XM_048219287.1	4377	4197.9	5.80691	0.593917
XM_048219288.1	7441	7261.9	43.6778	2.5824
XM_048219289.1	7412	7232.9	2.42316e-06	1.43841e-07
XM_048219290.1	7455	7275.9	0.00577331	0.000340684
XM_048219291.1	9557	9377.9	0	0
XM_048219292.1	9474	9294.9	0	0
XM_048219293.1	14795	14615.9	0	0
XM_048219294.1	9436	9256.9	0	0
XM_048219295.1	8932	8752.9	0	0
XM_048219296.1	8850	8670.9	0	0
XM_048219297.1	8814	8634.9	0	0
XM_048219298.1	8791	8611.9	56.8639	2.83499
XM_048219299.1	8745	8565.9	36.801	1.84459
XM_048219300.1	8709	8529.9	60.3154	3.03597
XM_048219301.1	8732	8552.9	0	0
XM_048219302.1	10929	10749.9	33.1282	1.32314
XM_048219303.1	16943	16763.9	0	0
XM_048219304.1	22190	22010.9	0	0
XM_048219305.1	22187	22007.9	0	0
XM_048219306.1	16940	16760.9	0	0
XM_048219307.1	22154	21974.9	0	0
XM_048219308.1	22151	21971.9	0	0
XM_048219309.1	22085	21905.9	7.67145	0.150359
XM_048219310.1	16838	16658.9	2.52162	0.0649901
XM_048219311.1	16835	16655.9	0	0
XM_048219312.1	22049	21869.9	9.60196	0.188506
XM_048219313.1	16802	16622.9	3.44354	0.0889429
XM_048219314.1	14583	14403.9	0	0
XM_048219315.1	7209	7029.9	0	0
XM_048219316.1	7644	7464.9	0	0
XM_048219317.1	7130	6950.9	0	0
XM_048219318.1	7128	6948.9	0	0
XM_048219319.1	7101	6921.9	0	0
XM_048219320.1	7025	6845.9	0	0
XM_048219321.1	9223	9043.9	0.069855	0.00331631
XM_048219322.1	17314	17134.9	0.000195797	4.90611e-06
XM_048219323.1	22484	22304.9	0.50138	0.00965118
XM_048219324.1	17235	17055.9	0.0814427	0.00205017
XM_048219325.1	14428	14248.9	0	0
XM_048219326.1	9564	9384.9	0.218752	0.0100077
XM_048219327.1	9266	9086.9	188.436	8.90352
XM_048219328.1	11104	10924.9	0	0
XM_048219329.1	14658	14478.9	0	0
XM_048219330.1	597	417.98	0	0
XM_048219331.1	2452	2272.9	14.6175	2.76124
XM_048219332.1	17315	17135.9	0	0
XM_048219333.1	16660	16480.9	1.5784e-06	4.11197e-08
XM_048219334.1	21220	21040.9	0	0
XM_048219335.1	16773	16593.9	0	0
XM_048219336.1	6601	6421.9	1.45882	0.0975331
XM_048219337.1	6446	6266.9	0	0
XM_048219338.1	6594	6414.9	6.05498	0.405262
XM_048219339.1	6039	5859.9	0	0
XM_048219340.1	5078	4898.9	0	0
XM_048219341.1	5065	4885.9	18.989	1.66867
XM_048219342.1	1648	1468.9	0	0
XM_048219343.1	4510	4330.9	0	0
XM_048219344.1	2033	1853.9	1	0.231593
XM_048219345.1	4498	4318.9	0	0
XM_048219346.1	1870	1690.9	1	0.253918
XM_048219347.1	1882	1702.9	15.6859	3.95488
XM_048219348.1	486	307.217	1	1.39755
XM_048219349.1	741	561.98	0	0
XM_048219350.1	2328	2148.9	6	1.1988
XM_048219351.1	4335	4155.9	31.4126	3.24528
XM_048219352.1	8157	7977.9	184.329	9.92014
XM_048219353.1	4525	4345.9	0	0
XM_048219354.1	4157	3977.9	0	0
XM_048219355.1	15188	15008.9	3.9153	0.112003
XM_048219356.1	22628	22448.9	3.23801	0.0619294
XM_048219357.1	4470	4290.9	0	0
XM_048219358.1	10793	10613.9	3.97908	0.160961
XM_048219359.1	10791	10611.9	13.7969	0.558217
XM_048219360.1	10652	10472.9	23.8543	0.977941
XM_048219361.1	10529	10349.9	0	0
XM_048219362.1	4958	4778.9	11.8966	1.06883
XM_048219363.1	1210	1030.9	3.57833	1.49031
XM_048219364.1	1554	1374.9	0	0
XM_048219365.1	3522	3342.9	3.52615e-07	4.52887e-08
XM_048219366.1	3691	3511.9	97.3487	11.9015
XM_048219367.1	3474	3294.9	55.4863	7.23031
XM_048219368.1	6513	6333.9	0	0
XM_048219369.1	6465	6285.9	0	0
XM_048219370.1	6300	6120.9	26.1759	1.83611
XM_048219371.1	6443	6263.9	0	0
XM_048219372.1	5186	5006.9	28.1279	2.41202
XM_048219373.1	6395	6215.9	0	0
XM_048219374.1	6369	6189.9	0	0
XM_048219375.1	6204	6024.9	0.124375	0.00886334
XM_048219376.1	5343	5163.9	0	0
XM_048219377.1	5918	5738.9	0	0
XM_048219378.1	4667	4487.9	30.1346	2.88294
XM_048219379.1	4644	4464.9	0	0
XM_048219380.1	8002	7822.9	2	0.109768
XM_048219381.1	9193	9013.9	0	0
XM_048219382.1	9169	8989.9	0	0
XM_048219383.1	9100	8920.9	0	0
XM_048219384.1	9073	8893.9	0	0
XM_048219385.1	9126	8946.9	0	0
XM_048219386.1	9049	8869.9	0	0
XM_048219387.1	9031	8851.9	0	0
XM_048219388.1	8998	8818.9	0	0
XM_048219389.1	8962	8782.9	0	0
XM_048219390.1	8935	8755.9	0	0
XM_048219391.1	8881	8701.9	0	0
XM_048219392.1	8788	8608.9	0	0
XM_048219393.1	8786	8606.9	0	0
XM_048219394.1	8276	8096.9	53.1421	2.81795
XM_048219395.1	4361	4181.9	3.55306	0.364789
XM_048219396.1	4668	4488.9	0	0
XM_048219397.1	771	591.98	0	0
XM_048219398.1	1109	929.905	0	0
XM_048219399.1	1472	1292.9	0	0
XM_048219400.1	2351	2171.9	0	0
XM_048219401.1	1284	1104.9	0	0
XM_048219402.1	1270	1090.9	0	0
XM_048219403.1	9164	8984.9	0	0
XM_048219404.1	8471	8291.9	5.90996	0.306016
XM_048219405.1	3533	3353.9	0	0
XM_048219406.1	9649	9469.9	15	0.680079
XM_048219407.1	2698	2518.9	56.5522	9.63943
XM_048219408.1	2817	2637.9	0	0
XM_048219409.1	3466	3286.9	4.50925	0.589021
XM_048219410.1	4715	4535.9	5	0.473281
XM_048219411.1	2555	2375.9	0	0
XM_048219412.1	6045	5865.9	0	0
XM_048219413.1	2552	2372.9	0	0
XM_048219414.1	2839	2659.9	0	0
XM_048219415.1	6042	5862.9	0	0
XM_048219416.1	5436	5256.9	11.7415	0.958971
XM_048219417.1	9611	9431.9	0	0
XM_048219418.1	9613	9433.9	0.910703	0.0414475
XM_048219419.1	9638	9458.9	6.70989	0.304571
XM_048219420.1	9609	9429.9	0	0
XM_048219421.1	9644	9464.9	0	0
XM_048219422.1	9451	9271.9	44.736	2.07158
XM_048219423.1	9487	9307.9	71.5864	3.30211
XM_048219424.1	9468	9288.9	0	0
XM_048219425.1	9410	9230.9	0	0
XM_048219426.1	6880	6700.9	0	0
XM_048219427.1	6622	6442.9	23	1.53271
XM_048219428.1	6806	6626.9	0	0
XM_048219429.1	1171	991.905	700.293	303.126
XM_048219430.1	2839	2659.9	0	0
XM_048219431.1	4443	4263.9	0	0
XM_048219432.1	2876	2696.9	15.5752	2.4796
XM_048219433.1	2767	2587.9	8.94044	1.48328
XM_048219434.1	1641	1461.9	2.62845e-07	7.71958e-08
XM_048219435.1	1556	1376.9	0	0
XM_048219436.1	4012	3832.9	0	0
XM_048219437.1	3465	3285.9	0.924816	0.120841
XM_048219438.1	3332	3152.9	3.22402e-06	4.39037e-07
XM_048219439.1	3323	3143.9	0.000134437	1.83595e-05
XM_048219440.1	2693	2513.9	0	0
XM_048219441.1	3120	2940.9	143.684	20.9768
XM_048219442.1	3271	3091.9	2.36212	0.328011
XM_048219443.1	2719	2539.9	0	0
XM_048219444.1	2002	1822.9	0	0
XM_048219445.1	2003	1823.9	0	0
XM_048219446.1	1999	1819.9	0	0
XM_048219447.1	4515	4335.9	0	0
XM_048219448.1	2774	2594.9	0	0
XM_048219449.1	3834	3654.9	9	1.05726
XM_048219450.1	2756	2576.9	0.00141372	0.000235547
XM_048219451.1	2732	2552.9	1.12688	0.189521
XM_048219452.1	2633	2453.9	0	0
XM_048219453.1	8388	8208.9	0	0
XM_048219454.1	8353	8173.9	51.4429	2.70215
XM_048219455.1	8308	8128.9	0	0
XM_048219456.1	8275	8095.9	1.11036e-06	5.88857e-08
XM_048219457.1	2958	2778.9	26.9327	4.16121
XM_048219458.1	2752	2572.9	0	0
XM_048219459.1	14601	14421.9	0	0
XM_048219460.1	13835	13655.9	132.423	4.16349
XM_048219461.1	14520	14340.9	9.34053e-07	2.79646e-08
XM_048219462.1	14506	14326.9	0	0
XM_048219463.1	14470	14290.9	637.217	19.1444
XM_048219464.1	14425	14245.9	0	0
XM_048219465.1	14375	14195.9	3.94705	0.119378
XM_048219466.1	11947	11767.9	2064.11	75.3091
XM_048219467.1	12376	12196.9	289.508	10.1912
XM_048219468.1	12170	11990.9	274.221	9.8189
XM_048219469.1	12062	11882.9	6.52451	0.235743
XM_048219470.1	12159	11979.9	0.000161035	5.77139e-06
XM_048219471.1	12266	12086.9	0	0
XM_048219472.1	13568	13388.9	170.628	5.47165
XM_048219473.1	11050	10870.9	270.81	10.6958
XM_048219474.1	13250	13070.9	36.2628	1.19116
XM_048219475.1	6474	6294.9	0	0
XM_048219476.1	10454	10274.9	111	4.6383
XM_048219477.1	5493	5313.9	0	0
XM_048219478.1	3330	3150.9	21	2.86152
XM_048219479.1	4032	3852.9	61	6.79759
XM_048219480.1	5289	5109.9	0	0
XM_048219481.1	5430	5250.9	7.15917	0.585386
XM_048219482.1	5765	5585.9	0	0
XM_048219483.1	5723	5543.9	0	0
XM_048219484.1	5720	5540.9	0	0
XM_048219485.1	5693	5513.9	0	0
XM_048219486.1	1583	1403.9	8	2.44662
XM_048219487.1	5681	5501.9	0	0
XM_048219488.1	5678	5498.9	0	0
XM_048219489.1	5639	5459.9	0	0
XM_048219490.1	5621	5441.9	25.0104	1.97326
XM_048219491.1	5612	5432.9	0	0
XM_048219492.1	5576	5396.9	0	0
XM_048219493.1	5012	4832.9	0	0
XM_048219494.1	3262	3082.9	47.3112	6.58896
XM_048219495.1	3172	2992.9	0	0
XM_048219496.1	3134	2954.9	0	0
XM_048219497.1	6836	6656.9	3434	221.483
XM_048219498.1	5886	5706.9	2.49967	0.18806
XM_048219499.1	7259	7079.9	0	0
XM_048219500.1	1836	1656.9	69.5563	18.0241
XM_048219501.1	11331	11151.9	2	0.0770006
XM_048219502.1	7683	7503.9	22.5538	1.29047
XM_048219503.1	3089	2909.9	0	0
XM_048219504.1	3638	3458.9	3.8376	0.47636
XM_048219505.1	14605	14425.9	11.0353	0.328439
XM_048219506.1	3241	3061.9	0	0
XM_048219507.1	1370	1190.9	12.4266	4.48013
XM_048219508.1	950	770.905	0	0
XM_048219509.1	1533	1353.9	67.7665	21.4902
XM_048219510.1	1399	1219.9	0	0
XM_048219511.1	2295	2115.9	4.33783	0.880217
XM_048219512.1	1585	1405.9	0	0
XM_048219513.1	1414	1234.9	318.739	110.819
XM_048219514.1	1288	1108.9	379.741	147.03
XM_048219515.1	1583	1403.9	31.9287	9.76467
XM_048219516.1	1821	1641.9	151.092	39.5101
XM_048219517.1	1392	1212.9	7.16921	2.5378
XM_048219518.1	3500	3320.9	6.48772	0.838782
XM_048219519.1	1650	1470.9	8.88384	2.59316
XM_048219520.1	1285	1105.9	354.267	137.539
XM_048219521.1	1593	1413.9	43.2045	13.1196
XM_048219522.1	2397	2217.9	7.05011	1.36479
XM_048219523.1	1362	1182.9	52.5849	19.0864
XM_048219524.1	1845	1665.9	0	0
XM_048219525.1	1415	1235.9	0	0
XM_048219526.1	1366	1186.9	0	0
XM_048219527.1	1275	1095.9	22.747	8.9118
XM_048219528.1	5485	5305.9	147.328	11.9217
XM_048219529.1	5446	5266.9	0	0
XM_048219530.1	5046	4866.9	0.246247	0.0217236
XM_048219531.1	5040	4860.9	1.2317	0.108793
XM_048219532.1	5349	5169.9	0	0
XM_048219533.1	5163	4983.9	1.14053e-08	9.82539e-10
XM_048219534.1	5085	4905.9	9.935	0.869485
XM_048219535.1	5331	5151.9	0	0
XM_048219536.1	5067	4887.9	0	0
XM_048219537.1	5408	5228.9	0	0
XM_048219538.1	5130	4950.9	0	0
XM_048219539.1	5022	4842.9	8.88691	0.787877
XM_048219540.1	12512	12332.9	5.81284	0.202365
XM_048219541.1	3993	3813.9	6.57711	0.740421
XM_048219542.1	4878	4698.9	0	0
XM_048219543.1	1561	1381.9	0	0
XM_048219544.1	1576	1396.9	0	0
XM_048219545.1	6029	5849.9	19.0845	1.4007
XM_048219546.1	7715	7535.9	3.28275	0.187032
XM_048219547.1	4945	4765.9	0	0
XM_048219548.1	8722	8542.9	0	0
XM_048219549.1	8625	8445.9	0	0
XM_048219550.1	8476	8296.9	6.49984e-07	3.36357e-08
XM_048219551.1	4701	4521.9	55.9193	5.3095
XM_048219552.1	4111	3931.9	27.7395	3.02907
XM_048219553.1	4046	3866.9	0	0
XM_048219554.1	4130	3950.9	0	0
XM_048219555.1	4106	3926.9	13.8247	1.51153
XM_048219556.1	4212	4032.9	0	0
XM_048219557.1	4041	3861.9	0	0
XM_048219558.1	3868	3688.9	0	0
XM_048219559.1	3860	3680.9	0	0
XM_048219560.1	3903	3723.9	0	0
XM_048219561.1	3965	3785.9	0	0
XM_048219562.1	7878	7698.9	0	0
XM_048219563.1	19034	18854.9	0.669388	0.0152429
XM_048219564.1	7596	7416.9	0.00895406	0.000518335
XM_048219565.1	18940	18760.9	7.19638	0.164692
XM_048219566.1	5533	5353.9	0	0
XM_048219567.1	5514	5334.9	3.99956	0.321884
XM_048219568.1	2796	2616.9	58	9.51598
XM_048219569.1	2304	2124.9	0	0
XM_048219570.1	3309	3129.9	3.68975	0.506151
XM_048219571.1	2067	1887.9	0	0
XM_048219572.1	510	331.091	0	0
XM_048219573.1	2486	2306.9	22.7116	4.22699
XM_048219574.1	3472	3292.9	23.3776	3.04814
XM_048219575.1	8715	8535.9	20	1.00599
XM_048219576.1	2787	2607.9	0	0
XM_048219577.1	1308	1128.9	1.95129	0.742125
XM_048219578.1	2757	2577.9	0	0
XM_048219579.1	2709	2529.9	37.9543	6.44125
XM_048219580.1	11318	11138.9	0.000352975	1.36055e-05
XM_048219581.1	2675	2495.9	0	0
XM_048219582.1	2553	2373.9	0	0
XM_048219583.1	2450	2270.9	3.47179	0.656399
XM_048219584.1	2470	2290.9	0	0
XM_048219585.1	19474	19294.9	0	0
XM_048219586.1	19275	19095.9	0	0
XM_048219587.1	19260	19080.9	0	0
XM_048219588.1	24192	24012.9	2.72834	0.0487829
XM_048219589.1	24151	23971.9	0.0950136	0.00170175
XM_048219590.1	24088	23908.9	99.6877	1.79017
XM_048219591.1	7021	6841.9	0	0
XM_048219592.1	23879	23699.9	0.00200395	3.6304e-05
XM_048219593.1	24210	24030.9	2.51167e-06	4.48751e-08
XM_048219594.1	24153	23973.9	2676.66	47.9367
XM_048219595.1	23704	23524.9	65.5945	1.19716
XM_048219596.1	18159	17979.9	2.05768e-07	4.91365e-09
XM_048219597.1	7158	6978.9	0	0
XM_048219598.1	18147	17967.9	0	0
XM_048219599.1	17630	17450.9	0	0
XM_048219600.1	17961	17781.9	0	0
XM_048219601.1	10767	10587.9	19.726	0.799912
XM_048219602.1	10237	10057.9	0	0
XM_048219603.1	7021	6841.9	0	0
XM_048219604.1	8437	8257.9	36.9875	1.92308
XM_048219605.1	7030	6850.9	0	0
XM_048219606.1	2570	2390.9	0	0
XM_048219607.1	4496	4316.9	0	0
XM_048219608.1	5635	5455.9	9.44081	0.742944
XM_048219609.1	5261	5081.9	49.8455	4.21126
XM_048219610.1	3043	2863.9	0	0
XM_048219611.1	3023	2843.9	0	0
XM_048219612.1	3016	2836.9	0	0
XM_048219613.1	18607	18427.9	245.287	5.71493
XM_048219614.1	1853	1673.9	0	0
XM_048219615.1	18796	18616.9	7.85224	0.181092
XM_048219616.1	7674	7494.9	4.99857	0.286347
XM_048219617.1	3945	3765.9	0	0
XM_048219618.1	4235	4055.9	0	0
XM_048219619.1	4511	4331.9	0	0
XM_048219620.1	4788	4608.9	0	0
XM_048219621.1	4527	4347.9	0	0
XM_048219622.1	4507	4327.9	0	0
XM_048219623.1	4822	4642.9	0	0
XM_048219624.1	4801	4621.9	0	0
XM_048219625.1	4504	4324.9	0	0
XM_048219626.1	4513	4333.9	0	0
XM_048219627.1	4493	4313.9	0	0
XM_048219628.1	4510	4330.9	0	0
XM_048219629.1	4789	4609.9	0	0
XM_048219630.1	4495	4315.9	0	0
XM_048219631.1	4497	4317.9	0	0
XM_048219632.1	4487	4307.9	0	0
XM_048219633.1	3865	3685.9	0.386853	0.0450625
XM_048219634.1	4726	4546.9	0	0
XM_048219635.1	4170	3990.9	0	0
XM_048219636.1	4425	4245.9	0	0
XM_048219637.1	4405	4225.9	0	0
XM_048219638.1	6599	6419.9	20.4539	1.36792
XM_048219639.1	3768	3588.9	398.927	47.7249
XM_048219640.1	1126	946.905	71.9703	32.6333
XM_048219641.1	13442	13262.9	5.31206	0.171964
XM_048219642.1	1352	1172.9	0	0
XM_048219643.1	5746	5566.9	0	0
XM_048219644.1	5484	5304.9	0	0
XM_048219645.1	5425	5245.9	21.8048	1.78462
XM_048219646.1	4965	4785.9	0	0
XM_048219647.1	4872	4692.9	0.0422536	0.00386576
XM_048219648.1	4869	4689.9	7.2007	0.65921
XM_048219649.1	4851	4671.9	0	0
XM_048219650.1	7226	7046.9	0	0
XM_048219651.1	7199	7019.9	0	0
XM_048219652.1	7142	6962.9	0	0
XM_048219653.1	2418	2238.9	11.1512	2.13845
XM_048219654.1	2642	2462.9	0	0
XM_048219655.1	4682	4502.9	40.571	3.86845
XM_048219656.1	3602	3422.9	0	0
XM_048219657.1	2100	1920.9	0	0
XM_048219658.1	2770	2590.9	0	0
XM_048219659.1	3264	3084.9	197	27.4181
XM_048219660.1	750	570.98	0	0
XM_048219661.1	3287	3107.9	0.0334482	0.00462081
XM_048219662.1	3092	2912.9	0	0
XM_048219663.1	2828	2648.9	0	0
XM_048219664.1	7077	6897.9	11.9219	0.742062
XM_048219665.1	2765	2585.9	2.98064	0.494893
XM_048219666.1	3460	3280.9	0	0
XM_048219667.1	824	644.98	0	0
XM_048219668.1	3038	2858.9	0	0
XM_048219669.1	2665	2485.9	9.14101	1.57879
XM_048219670.1	2494	2314.9	0	0
XM_048219671.1	2812	2632.9	0	0
XM_048219672.1	2960	2780.9	5.91406	0.913088
XM_048219673.1	3191	3011.9	2.60627	0.371528
XM_048219674.1	2709	2529.9	0	0
XM_048219675.1	2797	2617.9	0	0
XM_048219676.1	3040	2860.9	0	0
XM_048219677.1	2644	2464.9	0.141768	0.024694
XM_048219678.1	2526	2346.9	0	0
XM_048219679.1	2745	2565.9	0	0
XM_048219680.1	2589	2409.9	0	0
XM_048219681.1	2881	2701.9	8.64989	1.37453
XM_048219682.1	3143	2963.9	0	0
XM_048219683.1	4938	4758.9	8	0.721766
XM_048219684.1	4955	4775.9	0.00482193	0.000433489
XM_048219685.1	9428	9248.9	0	0
XM_048219686.1	2966	2786.9	4.48055	0.690276
XM_048219687.1	2344	2164.9	0.519446	0.103018
XM_048219688.1	3444	3264.9	20	2.6301
XM_048219689.1	9226	9046.9	4.55818e-08	2.16324e-09
XM_048219690.1	6541	6361.9	0	0
XM_048219691.1	2627	2447.9	2.74429	0.481336
XM_048219692.1	5364	5184.9	0	0
XM_048219693.1	9092	8912.9	1.99146e-08	9.59327e-10
XM_048219694.1	7507	7327.9	17.8876	1.04806
XM_048219695.1	7469	7289.9	0	0
XM_048219696.1	7466	7286.9	0	0
XM_048219697.1	9001	8821.9	0	0
XM_048219698.1	9191	9011.9	40.9616	1.95152
XM_048219699.1	3591	3411.9	4	0.503357
XM_048219700.1	3548	3368.9	0	0
XM_048219701.1	9399	9219.9	0	0
XM_048219702.1	9198	9018.9	0	0
XM_048219703.1	8986	8806.9	26	1.26755
XM_048219704.1	9199	9019.9	1.47294e-08	7.01129e-10
XM_048219705.1	7715	7535.9	1.95361	0.111305
XM_048219706.1	7715	7535.9	30.5928	1.743
XM_048219707.1	7712	7532.9	13.0429	0.743405
XM_048219708.1	9375	9195.9	0	0
XM_048219709.1	9021	8841.9	31.7624	1.54234
XM_048219710.1	15386	15206.9	0	0
XM_048219711.1	15363	15183.9	0	0
XM_048219712.1	15374	15194.9	0.122014	0.00344768
XM_048219713.1	15308	15128.9	0	0
XM_048219714.1	15297	15117.9	0	0
XM_048219715.1	15234	15054.9	26.6625	0.760389
XM_048219716.1	15010	14830.9	0	0
XM_048219717.1	15004	14824.9	0	0
XM_048219718.1	15177	14997.9	34.586	0.99011
XM_048219719.1	15156	14976.9	0	0
XM_048219720.1	15153	14973.9	6.37036	0.182659
XM_048219721.1	14956	14776.9	0	0
XM_048219722.1	14950	14770.9	0	0
XM_048219723.1	15100	14920.9	0	0
XM_048219724.1	15477	15297.9	35.8458	1.00605
XM_048219725.1	15234	15054.9	0	0
XM_048219726.1	15118	14938.9	0	0
XM_048219727.1	15080	14900.9	3.75838	0.108293
XM_048219728.1	15023	14843.9	4.92081	0.142332
XM_048219729.1	2904	2724.9	0	0
XM_048219730.1	13815	13635.9	5.98952	0.188591
XM_048219731.1	2817	2637.9	0	0
XM_048219732.1	2759	2579.9	0	0
XM_048219733.1	3350	3170.9	0	0
XM_048219734.1	15148	14968.9	0	0
XM_048219735.1	2645	2465.9	0	0
XM_048219736.1	5401	5221.9	35.2054	2.89464
XM_048219737.1	2448	2268.9	0	0
XM_048219738.1	2266	2086.9	3	0.617209
XM_048219739.1	4727	4547.9	0	0
XM_048219740.1	6076	5896.9	0	0
XM_048219741.1	5475	5295.9	0	0
XM_048219742.1	5301	5121.9	2	0.167653
XM_048219743.1	3926	3746.9	0	0
XM_048219744.1	2623	2443.9	0	0
XM_048219745.1	4964	4784.9	359	32.2133
XM_048219746.1	1899	1719.9	1	0.249637
XM_048219747.1	5375	5195.9	5.592	0.462082
XM_048219748.1	5320	5140.9	0	0
XM_048219749.1	9263	9083.9	0	0
XM_048219750.1	8762	8582.9	0	0
XM_048219751.1	8674	8494.9	58.7006	2.96686
XM_048219752.1	8248	8068.9	0	0
XM_048219753.1	8006	7826.9	12.3367	0.676739
XM_048219754.1	5751	5571.9	0	0
XM_048219755.1	6364	6184.9	4.10995e-05	2.8531e-06
XM_048219756.1	6475	6295.9	0	0
XM_048219757.1	6331	6151.9	0.0442477	0.00308813
XM_048219758.1	6301	6121.9	26.0886	1.82969
XM_048219759.1	2208	2028.9	5.73174	1.21294
XM_048219760.1	2191	2011.9	0	0
XM_048219761.1	2182	2002.9	2.58269	0.553638
XM_048219762.1	2129	1949.9	42.6856	9.39899
XM_048219763.1	1468	1288.9	0	0
XM_048219764.1	2005	1825.9	0	0
XM_048219765.1	1978	1798.9	0	0
XM_048219766.1	3662	3482.9	0	0
XM_048219767.1	1037	857.905	3.60943	1.8064
XM_048219768.1	4456	4276.9	32.8816	3.30093
XM_048219769.1	1305	1125.9	0.0024525	0.000935234
XM_048219770.1	1307	1127.9	0.000241962	9.21062e-05
XM_048219771.1	16684	16504.9	0.664743	0.0172924
XM_048219772.1	16419	16239.9	103.478	2.73577
XM_048219773.1	16368	16188.9	93.6936	2.48488
XM_048219774.1	1308	1128.9	7.61178e-05	2.89496e-05
XM_048219775.1	14514	14334.9	0	0
XM_048219776.1	10056	9876.9	0	0
XM_048219777.1	9988	9808.9	0	0
XM_048219778.1	9933	9753.9	0	0
XM_048219779.1	9561	9381.9	0	0
XM_048219780.1	9727	9547.9	0	0
XM_048219781.1	15454	15274.9	16.4504	0.462393
XM_048219782.1	6120	5940.9	48.266	3.4882
XM_048219783.1	6384	6204.9	0	0
XM_048219784.1	3990	3810.9	0	0
XM_048219785.1	2522	2342.9	7.93584	1.45429
XM_048219786.1	6695	6515.9	0	0
XM_048219787.1	6671	6491.9	0	0
XM_048219788.1	6900	6720.9	0	0
XM_048219789.1	6654	6474.9	9.11059	0.604125
XM_048219790.1	6653	6473.9	0	0
XM_048219791.1	6636	6456.9	0	0
XM_048219792.1	6617	6437.9	0	0
XM_048219793.1	6253	6073.9	0	0
XM_048219794.1	6607	6427.9	0	0
XM_048219795.1	6699	6519.9	70.1035	4.61649
XM_048219796.1	6590	6410.9	0	0
XM_048219797.1	6214	6034.9	0	0
XM_048219798.1	6565	6385.9	0	0
XM_048219799.1	6548	6368.9	0	0
XM_048219800.1	6548	6368.9	0	0
XM_048219801.1	6530	6350.9	0	0
XM_048219802.1	6505	6325.9	0	0
XM_048219803.1	6135	5955.9	36.3287	2.61888
XM_048219804.1	6488	6308.9	15.3974	1.04787
XM_048219805.1	6027	5847.9	0	0
XM_048219806.1	6621	6441.9	12.1422	0.809277
XM_048219807.1	7312	7132.9	35.0727	2.11114
XM_048219808.1	7347	7167.9	22.346	1.33851
XM_048219809.1	7369	7189.9	0	0
XM_048219810.1	7448	7268.9	0	0
XM_048219811.1	7384	7204.9	0.0269896	0.00160835
XM_048219812.1	7353	7173.9	7.49874	0.448793
XM_048219813.1	7094	6914.9	3.24302e-08	2.01362e-09
XM_048219814.1	7019	6839.9	0.0491613	0.00308593
XM_048219815.1	1502	1322.9	0	0
XM_048219816.1	4431	4251.9	0	0
XM_048219817.1	4264	4084.9	1.99959	0.210171
XM_048219818.1	4230	4050.9	7	0.741924
XM_048219819.1	6482	6302.9	5.43101	0.369959
XM_048219820.1	6488	6308.9	1.56899	0.106777
XM_048219821.1	6637	6457.9	0	0
XM_048219822.1	11650	11470.9	0.015691	0.000587309
XM_048219823.1	7048	6868.9	15.0501	0.940732
XM_048219824.1	7135	6955.9	0.459147	0.0283408
XM_048219825.1	7223	7043.9	3.44231e-08	2.09821e-09
XM_048219826.1	6996	6816.9	0	0
XM_048219827.1	7300	7120.9	35.7191	2.15367
XM_048219828.1	7045	6865.9	33.0066	2.06403
XM_048219829.1	7265	7085.9	0	0
XM_048219830.1	6933	6753.9	0.26102	0.0165933
XM_048219831.1	7027	6847.9	0	0
XM_048219832.1	6888	6708.9	19.5406	1.25055
XM_048219833.1	8609	8429.9	1.881	0.0958029
XM_048219834.1	6707	6527.9	286.963	18.8741
XM_048219835.1	6982	6802.9	15.544	0.981027
XM_048219836.1	9296	9116.9	0	0
XM_048219837.1	7024	6844.9	46.8078	2.93605
XM_048219838.1	7069	6889.9	0.459769	0.028651
XM_048219839.1	6870	6690.9	0.115196	0.00739208
XM_048219840.1	8544	8364.9	1.30697	0.0670837
XM_048219841.1	6643	6463.9	166.066	11.0306
XM_048219842.1	7105	6925.9	0	0
XM_048219843.1	3528	3348.9	5.25901	0.67424
XM_048219844.1	14391	14211.9	0.00664452	0.000200736
XM_048219845.1	2293	2113.9	0	0
XM_048219846.1	2302	2122.9	3.1458e-05	6.36231e-06
XM_048219847.1	2299	2119.9	0	0
XM_048219848.1	2195	2015.9	0.000103286	2.19981e-05
XM_048219849.1	12615	12435.9	7.56748	0.261269
XM_048219850.1	1768	1588.9	5.86428	1.58464
XM_048219851.1	11723	11543.9	26.5674	0.98812
XM_048219852.1	4296	4116.9	1.73561	0.181006
XM_048219853.1	12759	12579.9	0	0
XM_048219854.1	4293	4113.9	0	0
XM_048219855.1	4296	4116.9	0	0
XM_048219856.1	11839	11659.9	46.8282	1.72435
XM_048219857.1	2091	1911.9	0	0
XM_048219858.1	5287	5107.9	0	0
XM_048219859.1	4194	4014.9	0	0
XM_048219860.1	3886	3706.9	0.000791012	9.16189e-05
XM_048219861.1	12011	11831.9	0	0
XM_048219862.1	3859	3679.9	10.9992	1.28333
XM_048219863.1	6076	5896.9	0	0
XM_048219864.1	1721	1541.9	0	0
XM_048219865.1	11961	11781.9	0	0
XM_048219866.1	11967	11787.9	2.49148e-08	9.07476e-10
XM_048219867.1	11828	11648.9	1.96066e-08	7.22655e-10
XM_048219868.1	12038	11858.9	0	0
XM_048219869.1	3494	3314.9	5	0.647608
XM_048219870.1	3030	2850.9	0	0
XM_048219871.1	12102	11922.9	0	0
XM_048219872.1	3595	3415.9	0	0
XM_048219873.1	3522	3342.9	0	0
XM_048219874.1	4579	4399.9	0	0
XM_048219875.1	2077	1897.9	0	0
XM_048219876.1	1763	1583.9	0	0
XM_048219877.1	2471	2291.9	1	0.187334
XM_048219878.1	1545	1365.9	6	1.88601
XM_048219879.1	1670	1490.9	0	0
XM_048219880.1	11675	11495.9	250.027	9.33806
XM_048219881.1	6236	6056.9	0	0
XM_048219882.1	1554	1374.9	0	0
XM_048219883.1	2814	2634.9	255.379	41.6135
XM_048219884.1	3368	3188.9	0	0
XM_048219885.1	5610	5430.9	0	0
XM_048219886.1	2875	2695.9	0	0
XM_048219887.1	3053	2873.9	9.87768	1.47569
XM_048219888.1	3697	3517.9	3	0.366143
XM_048219889.1	3451	3271.9	0	0
XM_048219890.1	3356	3176.9	0	0
XM_048219891.1	3301	3121.9	0	0
XM_048219892.1	2854	2674.9	3.76437	0.604223
XM_048219893.1	3162	2982.9	0	0
XM_048219894.1	3195	3015.9	0	0
XM_048219895.1	2958	2778.9	0	0
XM_048219896.1	9923	9743.9	1.40443	0.0618842
XM_048219897.1	9894	9714.9	8.7316e-07	3.85895e-08
XM_048219898.1	9884	9704.9	3.34796e-06	1.48116e-07
XM_048219899.1	9855	9675.9	0.000166295	7.37907e-06
XM_048219900.1	9877	9697.9	8.58459e-06	3.80063e-07
XM_048219901.1	3569	3389.9	4.42752	0.560773
XM_048219902.1	2633	2453.9	5.83445	1.02083
XM_048219903.1	3846	3666.9	0	0
XM_048219904.1	2619	2439.9	0	0
XM_048219905.1	777	597.98	0	0
XM_048219906.1	1824	1644.9	0	0
XM_048219907.1	4685	4505.9	3.74604e-07	3.56947e-08
XM_048219908.1	4579	4399.9	34.9513	3.41062
XM_048219909.1	4761	4581.9	0	0
XM_048219910.1	2505	2325.9	79.1472	14.6102
XM_048219911.1	9895	9715.9	0	0
XM_048219912.1	2459	2279.9	32.9895	6.21259
XM_048219913.1	2032	1852.9	11.4049	2.64272
XM_048219914.1	1812	1632.9	0	0
XM_048219915.1	2043	1863.9	0	0
XM_048219916.1	1179	999.905	3.10962	1.33525
XM_048219917.1	1606	1426.9	0	0
XM_048219918.1	1882	1702.9	0	0
XM_048219919.1	1795	1615.9	0	0
XM_048219920.1	1442	1262.9	0	0
XM_048219921.1	1407	1227.9	0	0
XM_048219922.1	1243	1063.9	0	0
XM_048219923.1	3286	3106.9	3.92943	0.543019
XM_048219924.1	3279	3099.9	11.2125	1.55298
XM_048219925.1	1263	1083.9	220.24	87.2406
XM_048219926.1	3012	2832.9	58	8.79042
XM_048219927.1	2447	2267.9	0	0
XM_048219928.1	5719	5539.9	0	0
XM_048219929.1	5516	5336.9	0	0
XM_048219930.1	5461	5281.9	0	0
XM_048219931.1	3541	3361.9	4.55149	0.581275
XM_048219932.1	1130	950.905	9.81349	4.43098
XM_048219933.1	4691	4511.9	18.1864	1.73061
XM_048219934.1	6794	6614.9	0	0
XM_048219935.1	6742	6562.9	5.54717	0.362901
XM_048219936.1	7450	7270.9	0	0
XM_048219937.1	7466	7286.9	40.0736	2.36118
XM_048219938.1	7386	7206.9	61.9264	3.68927
XM_048219939.1	2253	2073.9	0	0
XM_048219940.1	1053	873.905	0	0
XM_048219941.1	6499	6319.9	0	0
XM_048219942.1	7337	7157.9	0	0
XM_048219943.1	9726	9546.9	10.1568	0.456781
XM_048219944.1	1300	1120.9	0	0
XM_048219945.1	13575	13395.9	69	2.21152
XM_048219946.1	17580	17400.9	0	0
XM_048219947.1	17356	17176.9	0.034963	0.000873931
XM_048219948.1	17272	17092.9	20.9893	0.527226
XM_048219949.1	17277	17097.9	14.3297	0.359838
XM_048219950.1	17325	17145.9	0.369302	0.00924772
XM_048219951.1	17278	17098.9	13.2767	0.333377
XM_048219952.1	1601	1421.9	1.75613e-08	5.30274e-09
XM_048219953.1	9686	9506.9	41.6316	1.88017
XM_048219954.1	8612	8432.9	0.789844	0.040214
XM_048219955.1	9900	9720.9	0	0
XM_048219956.1	6388	6208.9	39.1451	2.70692
XM_048219957.1	9662	9482.9	72	3.2599
XM_048219958.1	9342	9162.9	0	0
XM_048219959.1	2607	2427.9	0	0
XM_048219960.1	4885	4705.9	6.22871	0.568288
XM_048219961.1	2330	2150.9	7.03719	1.40473
XM_048219962.1	2717	2537.9	2.96883e-07	5.02255e-08
XM_048219963.1	2693	2513.9	41.7648	7.13304
XM_048219964.1	2511	2331.9	29.9175	5.50842
XM_048219965.1	10051	9871.9	0	0
XM_048219966.1	9926	9746.9	0	0
XM_048219967.1	9889	9709.9	0	0
XM_048219968.1	8599	8419.9	0	0
XM_048219969.1	8748	8568.9	0	0
XM_048219970.1	9772	9592.9	0	0
XM_048219971.1	4549	4369.9	1.81776	0.178599
XM_048219972.1	8454	8274.9	0	0
XM_048219973.1	2194	2014.9	1.38336	0.294778
XM_048219974.1	7397	7217.9	193.941	11.5365
XM_048219975.1	7319	7139.9	0	0
XM_048219976.1	7286	7106.9	38.0587	2.29925
XM_048219977.1	8411	8231.9	1.49644	0.0780498
XM_048219978.1	2910	2730.9	3.50356	0.550829
XM_048219979.1	3085	2905.9	0	0
XM_048219980.1	2793	2613.9	0	0
XM_048219981.1	4603	4423.9	0	0
XM_048219982.1	32349	32169.9	20.4985	0.273581
XM_048219983.1	2314	2134.9	5.85319	1.17714
XM_048219984.1	4275	4095.9	0	0
XM_048219985.1	3806	3626.9	0	0
XM_048219986.1	1389	1209.9	0	0
XM_048219987.1	32110	31930.9	7.78959e-08	1.04741e-09
XM_048219988.1	13737	13557.9	22.3236	0.706944
XM_048219989.1	2859	2679.9	3.58814	0.574862
XM_048219990.1	35723	35543.9	9.56358	0.115523
XM_048219991.1	36438	36258.9	5.46529	0.0647161
XM_048219992.1	1928	1748.9	0	0
XM_048219993.1	35606	35426.9	0.00135793	1.64573e-05
XM_048219994.1	10646	10466.9	5.9746	0.245078
XM_048219995.1	3207	3027.9	482	68.3468
XM_048219996.1	1857	1677.9	0	0
XM_048219997.1	5472	5292.9	0	0
XM_048219998.1	4620	4440.9	0	0
XM_048219999.1	5433	5253.9	0	0
XM_048220000.1	4581	4401.9	0.000811677	7.91691e-05
XM_048220001.1	5391	5211.9	0	0
XM_048220002.1	5388	5208.9	0	0
XM_048220003.1	4515	4335.9	0	0
XM_048220004.1	5325	5145.9	0	0
XM_048220005.1	5190	5010.9	0	0
XM_048220006.1	5322	5142.9	0	0
XM_048220007.1	5190	5010.9	0	0
XM_048220008.1	4472	4292.9	4.85188	0.485258
XM_048220009.1	5151	4971.9	0	0
XM_048220010.1	5280	5100.9	0	0
XM_048220011.1	5148	4968.9	0	0
XM_048220012.1	5067	4887.9	0	0
XM_048220013.1	4935	4755.9	0	0
XM_048220014.1	5031	4851.9	0	0
XM_048220015.1	4899	4719.9	0	0
XM_048220016.1	4986	4806.9	0.00969896	0.00086631
XM_048220017.1	4827	4647.9	0	0
XM_048220018.1	3852	3672.9	0	0
XM_048220019.1	4788	4608.9	0	0
XM_048220020.1	4917	4737.9	0.000408204	3.69917e-05
XM_048220021.1	4878	4698.9	19.7431	1.80398
XM_048220022.1	4680	4500.9	5.73495	0.54707
XM_048220023.1	2554	2374.9	0	0
XM_048220024.1	2182	2002.9	0	0
XM_048220025.1	3711	3531.9	0	0
XM_048220026.1	2835	2655.9	0	0
XM_048220027.1	2816	2636.9	71.0989	11.5766
XM_048220028.1	2701	2521.9	0	0
XM_048220029.1	2663	2483.9	0	0
XM_048220030.1	2547	2367.9	0.470025	0.0852256
XM_048220031.1	2851	2671.9	43.3231	6.96164
XM_048220032.1	2788	2608.9	0	0
XM_048220033.1	2143	1963.9	7.34577	1.60594
XM_048220034.1	1810	1630.9	1	0.26326
XM_048220035.1	3635	3455.9	12.9445	1.60818
XM_048220036.1	3615	3435.9	20.0555	2.50615
XM_048220037.1	3726	3546.9	0	0
XM_048220038.1	3878	3698.9	0	0
XM_048220039.1	11167	10987.9	9	0.351675
XM_048220040.1	1303	1123.9	8	3.05615
XM_048220041.1	1384	1204.9	0	0
XM_048220042.1	3379	3199.9	0	0
XM_048220043.1	2673	2493.9	2.04418	0.351928
XM_048220044.1	1453	1273.9	8.95582	3.01843
XM_048220045.1	1479	1299.9	1.4971	0.494486
XM_048220046.1	1556	1376.9	0	0
XM_048220047.1	1469	1289.9	1.5029	0.500247
XM_048220048.1	5492	5312.9	129	10.4249
XM_048220049.1	1196	1016.9	31.1812	13.1652
XM_048220050.1	1583	1403.9	0	0
XM_048220051.1	6130	5950.9	0.67614	0.0487829
XM_048220052.1	2824	2644.9	0	0
XM_048220053.1	3683	3503.9	0	0
XM_048220054.1	21757	21577.9	97.9184	1.94836
XM_048220055.1	1980	1800.9	0	0
XM_048220056.1	2111	1931.9	0	0
XM_048220057.1	4212	4032.9	0	0
XM_048220058.1	1350	1170.9	0	0
XM_048220059.1	10226	10046.9	52.1244	2.22752
XM_048220060.1	6016	5836.9	7.06947	0.520017
XM_048220061.1	6550	6370.9	11.9305	0.80403
XM_048220062.1	6122	5942.9	0	0
XM_048220063.1	4473	4293.9	0	0
XM_048220064.1	2955	2775.9	17.4957	2.70608
XM_048220065.1	6620	6440.9	0	0
XM_048220066.1	6590	6410.9	2.77936e-06	1.86139e-07
XM_048220067.1	4578	4398.9	3.11712e-08	3.04244e-09
XM_048220068.1	2574	2394.9	0	0
XM_048220069.1	1977	1797.9	0	0
XM_048220070.1	22614	22434.9	0	0
XM_048220071.1	5090	4910.9	3	0.262285
XM_048220072.1	22565	22385.9	11.5796	0.222091
XM_048220073.1	22337	22157.9	0	0
XM_048220074.1	22608	22428.9	0	0
XM_048220075.1	22593	22413.9	0	0
XM_048220076.1	22353	22173.9	0	0
XM_048220077.1	22281	22101.9	0	0
XM_048220078.1	22247	22067.9	0	0
XM_048220079.1	11440	11260.9	0	0
XM_048220080.1	11354	11174.9	0	0
XM_048220081.1	11180	11000.9	0	0
XM_048220082.1	8613	8433.9	5.99909	0.305401
XM_048220083.1	6201	6021.9	0	0
XM_048220084.1	7390	7210.9	9.008	0.536355
XM_048220085.1	5789	5609.9	26.992	2.06582
XM_048220086.1	5438	5258.9	109.333	8.92624
XM_048220087.1	604	424.98	0	0
XM_048220088.1	15178	14998.9	0	0
XM_048220089.1	14920	14740.9	0	0
XM_048220090.1	2486	2306.9	0	0
XM_048220091.1	2301	2121.9	0	0
XM_048220092.1	2388	2208.9	0	0
XM_048220093.1	2481	2301.9	0	0
XM_048220094.1	2363	2183.9	0	0
XM_048220095.1	2360	2180.9	0	0
XM_048220096.1	2273	2093.9	0	0
XM_048220097.1	2330	2150.9	0	0
XM_048220098.1	2245	2065.9	0	0
XM_048220099.1	2884	2704.9	0	0
XM_048220100.1	2208	2028.9	0	0
XM_048220101.1	2291	2111.9	0	0
XM_048220102.1	2185	2005.9	0	0
XM_048220103.1	2262	2082.9	0	0
XM_048220104.1	2180	2000.9	0	0
XM_048220105.1	2253	2073.9	0	0
XM_048220106.1	2737	2557.9	25.5213	4.28382
XM_048220107.1	2241	2061.9	0	0
XM_048220108.1	2312	2132.9	0	0
XM_048220109.1	2341	2161.9	0	0
XM_048220110.1	2062	1882.9	0	0
XM_048220111.1	2144	1964.9	0	0
XM_048220112.1	2038	1858.9	0	0
XM_048220113.1	3474	3294.9	0	0
XM_048220114.1	2207	2027.9	0	0
XM_048220115.1	2237	2057.9	0	0
XM_048220116.1	2033	1853.9	0	0
XM_048220117.1	2170	1990.9	8.47874	1.8285
XM_048220118.1	2111	1931.9	0	0
XM_048220119.1	2200	2020.9	0	0
XM_048220120.1	2005	1825.9	0	0
XM_048220121.1	2078	1898.9	0	0
XM_048220122.1	2066	1886.9	0	0
XM_048220123.1	3258	3078.9	147.036	20.5042
XM_048220124.1	2961	2781.9	0	0
XM_048220125.1	4257	4077.9	0	0
XM_048220126.1	4319	4139.9	83.973	8.70889
XM_048220127.1	6501	6321.9	70.6917	4.80103
XM_048220128.1	4721	4541.9	0	0
XM_048220129.1	603	423.98	0	0
XM_048220130.1	4452	4272.9	0	0
XM_048220131.1	4371	4191.9	0	0
XM_048220132.1	3595	3415.9	0	0
XM_048220133.1	3741	3561.9	0	0
XM_048220134.1	2020	1840.9	0	0
XM_048220135.1	2112	1932.9	0	0
XM_048220136.1	2070	1890.9	0	0
XM_048220137.1	2012	1832.9	0	0
XM_048220138.1	2082	1902.9	18.342	4.13851
XM_048220139.1	1997	1817.9	0	0
XM_048220140.1	2918	2738.9	0	0
XM_048220141.1	3964	3784.9	0	0
XM_048220142.1	2045	1865.9	0.00730888	0.0016818
XM_048220143.1	2036	1856.9	4.01926	0.929331
XM_048220144.1	1518	1338.9	0	0
XM_048220145.1	6484	6304.9	3.7966	0.258541
XM_048220146.1	2659	2479.9	11.2852	1.95384
XM_048220147.1	3478	3298.9	6	0.780899
XM_048220148.1	23063	22883.9	38.2542	0.717733
XM_048220149.1	12416	12236.9	15.119	0.530477
XM_048220150.1	12332	12152.9	27.2811	0.963819
XM_048220151.1	12330	12150.9	0.357912	0.0126468
XM_048220152.1	12246	12066.9	0.651693	0.0231878
XM_048220153.1	719	539.98	0	0
XM_048220154.1	2836	2656.9	0	0
XM_048220155.1	5807	5627.9	0	0
XM_048220156.1	5315	5135.9	0	0
XM_048220157.1	4963	4783.9	33.1066	2.97129
XM_048220158.1	11174	10994.9	0	0
XM_048220159.1	11313	11133.9	0	0
XM_048220160.1	1044	864.905	1	0.496415
XM_048220161.1	2211	2031.9	0	0
XM_048220162.1	2223	2043.9	1	0.210065
XM_048220163.1	723	543.98	0	0
XM_048220164.1	2031	1851.9	4	0.927374
XM_048220165.1	9861	9681.9	0	0
XM_048220166.1	2528	2348.9	0	0
XM_048220167.1	2371	2191.9	0	0
XM_048220168.1	2306	2126.9	22	4.44107
XM_048220169.1	554	375.018	0	0
XM_048220170.1	5620	5440.9	101.066	7.9753
XM_048220171.1	5010	4830.9	57	5.06594
XM_048220172.1	14033	13853.9	0	0
XM_048220173.1	1615	1435.9	25.8245	7.72182
XM_048220174.1	1606	1426.9	0	0
XM_048220175.1	5271	5091.9	0	0
XM_048220176.1	5253	5073.9	0	0
XM_048220177.1	2866	2686.9	0	0
XM_048220178.1	956	776.905	0	0
XM_048220179.1	4543	4363.9	1.419	0.139611
XM_048220180.1	3473	3293.9	0	0
XM_048220181.1	3017	2837.9	0	0
XM_048220182.1	2820	2640.9	14.2505	2.31682
XM_048220183.1	7014	6834.9	0	0
XM_048220184.1	997	817.905	5.45795	2.86511
XM_048220185.1	6538	6358.9	34.6767	2.34136
XM_048220186.1	6645	6465.9	5.52026e-08	3.66559e-09
XM_048220187.1	7268	7088.9	9.24238	0.559781
XM_048220188.1	1677	1497.9	424	121.533
XM_048220189.1	11394	11214.9	1.3165	0.0504009
XM_048220190.1	11097	10917.9	108.706	4.2749
XM_048220191.1	2262	2082.9	2.19808	0.453094
XM_048220192.1	40502	40322.9	0	0
XM_048220193.1	41343	41163.9	4.63686	0.0483638
XM_048220194.1	41388	41208.9	1.11427	0.0116095
XM_048220195.1	40685	40505.9	0	0
XM_048220196.1	47788	47608.9	0	0
XM_048220197.1	40622	40442.9	32.6298	0.346406
XM_048220198.1	40560	40380.9	0	0
XM_048220199.1	3427	3247.9	1	0.132194
XM_048220200.1	12989	12809.9	7.17213	0.24039
XM_048220201.1	11353	11173.9	148.919	5.72213
XM_048220202.1	2708	2528.9	0	0
XM_048220203.1	2672	2492.9	11.9528	2.05862
XM_048220204.1	2737	2557.9	0	0
XM_048220205.1	2573	2393.9	15.05	2.69926
XM_048220206.1	2370	2190.9	0	0
XM_048220207.1	2312	2132.9	0	0
XM_048220208.1	2268	2088.9	0	0
XM_048220209.1	2247	2067.9	0	0
XM_048220210.1	2181	2001.9	0	0
XM_048220211.1	1615	1435.9	9.04749	2.7053
XM_048220212.1	291	122.777	0	0
XM_048220213.1	4830	4650.9	0	0
XM_048220214.1	8132	7952.9	0	0
XM_048220215.1	5998	5818.9	0	0
XM_048220216.1	6084	5904.9	0	0
XM_048220217.1	5993	5813.9	0	0
XM_048220218.1	5984	5804.9	41.7907	3.09099
XM_048220219.1	5998	5818.9	0	0
XM_048220220.1	5847	5667.9	0	0
XM_048220221.1	4692	4512.9	0	0
XM_048220222.1	7166	6986.9	5.00175	0.307362
XM_048220223.1	4323	4143.9	10.0451	1.04078
XM_048220224.1	1908	1728.9	0	0
XM_048220225.1	6320	6140.9	8.60711	0.601781
XM_048220226.1	5973	5793.9	0	0
XM_048220227.1	5657	5477.9	108.541	8.50734
XM_048220228.1	6384	6204.9	74.7172	5.1701
XM_048220229.1	5289	5109.9	0	0
XM_048220230.1	5432	5252.9	1	0.0817361
XM_048220231.1	846	666.98	1	0.643725
XM_048220232.1	4042	3862.9	6	0.666885
XM_048220233.1	963	783.905	0	0
XM_048220234.1	654	474.98	0	0
XM_048220235.1	1059	879.905	0	0
XM_048220236.1	834	654.98	0	0
XM_048220237.1	1783	1603.9	0	0
XM_048220238.1	1958	1778.9	0	0
XM_048220239.1	25816	25636.9	0	0
XM_048220240.1	25756	25576.9	0	0
XM_048220241.1	25819	25639.9	0	0
XM_048220242.1	25972	25792.9	0	0
XM_048220243.1	5231	5051.9	0	0
XM_048220244.1	5254	5074.9	0	0
XM_048220245.1	5363	5183.9	0	0
XM_048220246.1	11796	11616.9	2.22748e-08	8.2326e-10
XM_048220247.1	5303	5123.9	0	0
XM_048220248.1	5202	5022.9	29.1365	2.49055
XM_048220249.1	22622	22442.9	6.61882	0.126624
XM_048220250.1	4408	4228.9	1	0.101528
XM_048220251.1	1955	1775.9	15.2237	3.68056
XM_048220252.1	2094	1914.9	13.7763	3.08886
XM_048220253.1	1753	1573.9	6.51614	1.77757
XM_048220254.1	27224	27044.9	0	0
XM_048220255.1	25696	25516.9	0	0
XM_048220256.1	25537	25357.9	0	0
XM_048220257.1	2897	2717.9	17.6716	2.79161
XM_048220258.1	25534	25354.9	0	0
XM_048220259.1	819	639.98	2.48386	1.66638
XM_048220260.1	1187	1007.9	0	0
XM_048220261.1	6970	6790.9	1	0.0632246
XM_048220262.1	1591	1411.9	4.17557	1.26977
XM_048220263.1	1618	1438.9	4.09204	1.22102
XM_048220264.1	1641	1461.9	0	0
XM_048220265.1	5290	5110.9	0	0
XM_048220266.1	7585	7405.9	86.5351	5.01681
XM_048220267.1	4880	4700.9	13	1.18734
XM_048220268.1	6548	6368.9	0.816798	0.0550635
XM_048220269.1	6217	6037.9	0	0
XM_048220270.1	2632	2452.9	0.000135926	2.37922e-05
XM_048220271.1	2807	2627.9	0	0
XM_048220272.1	2390	2210.9	0	0
XM_048220273.1	2753	2573.9	0	0
XM_048220274.1	2267	2087.9	0	0
XM_048220275.1	2349	2169.9	0	0
XM_048220276.1	7581	7401.9	0	0
XM_048220277.1	1501	1321.9	33.8891	11.0071
XM_048220278.1	12937	12757.9	3.30982	0.111388
XM_048220279.1	3678	3498.9	6.47301	0.794306
XM_048220280.1	8349	8169.9	0	0
XM_048220281.1	4728	4548.9	7.27744	0.686887
XM_048220282.1	4842	4662.9	0	0
XM_048220283.1	4941	4761.9	27.6569	2.49365
XM_048220284.1	4746	4566.9	5.65823	0.531951
XM_048220285.1	5404	5224.9	0	0
XM_048220286.1	7192	7012.9	40.5989	2.48559
XM_048220287.1	3279	3099.9	0	0
XM_048220288.1	8794	8614.9	0	0
XM_048220289.1	4154	3974.9	79	8.53324
XM_048220290.1	3834	3654.9	0	0
XM_048220291.1	3982	3802.9	0	0
XM_048220292.1	3697	3517.9	0	0
XM_048220293.1	10442	10262.9	6	0.251012
XM_048220294.1	12302	12122.9	0	0
XM_048220295.1	12254	12074.9	0	0
XM_048220296.1	2046	1866.9	44.0616	10.1333
XM_048220297.1	12099	11919.9	0	0
XM_048220298.1	12031	11851.9	0	0
XM_048220299.1	12126	11946.9	0	0
XM_048220300.1	1909	1729.9	53.2585	13.2184
XM_048220301.1	11992	11812.9	0	0
XM_048220302.1	11847	11667.9	0	0
XM_048220303.1	11982	11802.9	0	0
XM_048220304.1	5587	5407.9	0	0
XM_048220305.1	10920	10740.9	0	0
XM_048220306.1	21504	21324.9	3.51279	0.0707259
XM_048220307.1	8932	8752.9	35.5576	1.74419
XM_048220308.1	3020	2840.9	3	0.453396
XM_048220309.1	4689	4509.9	0	0
XM_048220310.1	4080	3900.9	0.0665439	0.00732413
XM_048220311.1	4061	3881.9	38.9335	4.30617
XM_048220312.1	3984	3804.9	0	0
XM_048220313.1	3782	3602.9	0	0
XM_048220314.1	3950	3770.9	0	0
XM_048220315.1	3748	3568.9	0	0
XM_048220316.1	3918	3738.9	0	0
XM_048220317.1	3725	3545.9	0	0
XM_048220318.1	3715	3535.9	0	0
XM_048220319.1	3598	3418.9	0	0
XM_048220320.1	2025	1845.9	6.24063	1.45155
XM_048220321.1	25312	25132.9	32.8034	0.560389
XM_048220322.1	10667	10487.9	0	0
XM_048220323.1	3798	3618.9	3.94216	0.467704
XM_048220324.1	2226	2046.9	8	1.67805
XM_048220325.1	2539	2359.9	0	0
XM_048220326.1	2759	2579.9	0	0
XM_048220327.1	2483	2303.9	2	0.372717
XM_048220328.1	2229	2049.9	0	0
XM_048220329.1	4913	4733.9	0	0
XM_048220330.1	1719	1539.9	0	0
XM_048220331.1	2481	2301.9	6	1.11912
XM_048220332.1	2286	2106.9	0	0
XM_048220333.1	1533	1353.9	0	0
XM_048220334.1	1637	1457.9	0	0
XM_048220335.1	1931	1751.9	54.745	13.4168
XM_048220336.1	4837	4657.9	1.00185	0.0923474
XM_048220337.1	764	584.98	30.4788	22.3702
XM_048220338.1	10139	9959.9	5	0.21554
XM_048220339.1	1161	981.905	12.1807	5.3262
XM_048220340.1	3412	3232.9	101.669	13.5023
XM_048220341.1	1040	860.905	10.8237	5.39804
XM_048220342.1	1122	942.905	0	0
XM_048220343.1	1279	1099.9	3.56633	1.39213
XM_048220344.1	1176	996.905	7.76063	3.34239
XM_048220345.1	10019	9839.9	14.9026	0.650257
XM_048220346.1	7936	7756.9	0	0
XM_048220347.1	7909	7729.9	0	0
XM_048220348.1	1212	1032.9	0	0
XM_048220349.1	1512	1332.9	0	0
XM_048220350.1	346	170.979	0	0
XM_048220351.1	5742	5562.9	0	0
XM_048220352.1	4646	4466.9	4	0.384474
XM_048220353.1	5761	5581.9	3.65244	0.28094
XM_048220354.1	7215	7035.9	3.86407	0.235797
XM_048220355.1	5115	4935.9	0	0
XM_048220356.1	5372	5192.9	0	0
XM_048220357.1	5252	5072.9	0	0
XM_048220358.1	5012	4832.9	4	0.355357
XM_048220359.1	843	663.98	0	0
XM_048220360.1	913	733.98	348.429	203.818
XM_048220361.1	2023	1843.9	0.00468617	0.00109117
XM_048220362.1	1356	1176.9	9.52308	3.47416
XM_048220363.1	6626	6446.9	5	0.332991
XM_048220364.1	5573	5393.9	0	0
XM_048220365.1	5468	5288.9	0	0
XM_048220366.1	2262	2082.9	0	0
XM_048220367.1	2550	2370.9	0	0
XM_048220368.1	2562	2382.9	9.71269	1.75003
XM_048220369.1	1775	1595.9	0	0
XM_048220370.1	1858	1678.9	0	0
XM_048220371.1	14236	14056.9	4.53082	0.138389
XM_048220372.1	5401	5221.9	0	0
XM_048220373.1	2168	1988.9	0	0
XM_048220374.1	1670	1490.9	0	0
XM_048220375.1	2389	2209.9	4	0.777141
XM_048220376.1	1524	1344.9	10.8319	3.45801
XM_048220377.1	2175	1995.9	0	0
XM_048220378.1	6555	6375.9	0	0
XM_048220379.1	6391	6211.9	4	0.27647
XM_048220380.1	8051	7871.9	0	0
XM_048220381.1	2269	2089.9	0	0
XM_048220382.1	1573	1393.9	13.7724	4.2422
XM_048220383.1	1570	1390.9	5.62978	1.73783
XM_048220384.1	1552	1372.9	0	0
XM_048220385.1	1535	1355.9	45.8548	14.5201
XM_048220386.1	538	359.056	0	0
XM_048220387.1	1813	1633.9	0	0
XM_048220388.1	1012	832.905	0	0
XM_048220389.1	2635	2455.9	2.44728	0.427844
XM_048220390.1	2928	2748.9	0	0
XM_048220391.1	1748	1568.9	0	0
XM_048220392.1	3313	3133.9	0	0
XM_048220393.1	6050	5870.9	61.376	4.48856
XM_048220394.1	2285	2105.9	342.504	69.8297
XM_048220395.1	2354	2174.9	382.557	75.5213
XM_048220396.1	2077	1897.9	0	0
XM_048220397.1	2188	2008.9	0	0
XM_048220398.1	2120	1940.9	0	0
XM_048220399.1	2056	1876.9	0	0
XM_048220400.1	4259	4079.9	2.74223	0.288581
XM_048220401.1	2949	2769.9	0.000918697	0.000142404
XM_048220402.1	4256	4076.9	2.51831	0.265211
XM_048220403.1	4199	4019.9	20.0457	2.14101
XM_048220404.1	7365	7185.9	0	0
XM_048220405.1	4198	4018.9	9.70406	1.03671
XM_048220406.1	7355	7175.9	0	0
XM_048220407.1	7304	7124.9	0	0
XM_048220408.1	7305	7125.9	0	0
XM_048220409.1	4136	3956.9	0	0
XM_048220410.1	7304	7124.9	0	0
XM_048220411.1	7295	7115.9	0	0
XM_048220412.1	7318	7138.9	1.20644	0.0725582
XM_048220413.1	7315	7135.9	0	0
XM_048220414.1	7241	7061.9	0	0
XM_048220415.1	7235	7055.9	0	0
XM_048220416.1	7232	7052.9	35.7083	2.17378
XM_048220417.1	5496	5316.9	0	0
XM_048220418.1	9346	9166.9	30.8007	1.44262
XM_048220419.1	9280	9100.9	27.5081	1.29775
XM_048220420.1	10811	10631.9	0	0
XM_048220421.1	10886	10706.9	0	0
XM_048220422.1	9343	9163.9	47.2138	2.21208
XM_048220423.1	9277	9097.9	42.2976	1.99612
XM_048220424.1	10808	10628.9	0	0
XM_048220425.1	17989	17809.9	0	0
XM_048220426.1	7452	7272.9	0	0
XM_048220427.1	7439	7259.9	0	0
XM_048220428.1	2673	2493.9	0	0
XM_048220429.1	7569	7389.9	0	0
XM_048220430.1	2925	2745.9	0	0
XM_048220431.1	2910	2730.9	0	0
XM_048220432.1	6734	6554.9	65.2311	4.2727
XM_048220433.1	2077	1897.9	0	0
XM_048220434.1	7405	7225.9	10.7689	0.639869
XM_048220435.1	10450	10270.9	0	0
XM_048220436.1	11283	11103.9	0	0
XM_048220437.1	10241	10061.9	0	0
XM_048220438.1	12724	12544.9	3.42769	0.117314
XM_048220439.1	10149	9969.9	0	0
XM_048220440.1	16016	15836.9	2.7048	0.0733294
XM_048220441.1	10997	10817.9	9.45138	0.375116
XM_048220442.1	3796	3616.9	0	0
XM_048220443.1	8068	7888.9	3.98427	0.216843
XM_048220444.1	3030	2850.9	0	0
XM_048220445.1	7306	7126.9	0	0
XM_048220446.1	7219	7039.9	0	0
XM_048220447.1	6364	6184.9	4.63289	0.321612
XM_048220448.1	7309	7129.9	0	0
XM_048220449.1	7118	6938.9	0	0
XM_048220450.1	6902	6722.9	2	0.127728
XM_048220451.1	8324	8144.9	0	0
XM_048220452.1	8301	8121.9	0	0
XM_048220453.1	13503	13323.9	1.57233	0.050667
XM_048220454.1	2866	2686.9	0	0
XM_048220455.1	1682	1502.9	0	0
XM_048220456.1	1594	1414.9	0	0
XM_048220457.1	2017	1837.9	0	0
XM_048220458.1	6704	6524.9	0	0
XM_048220459.1	4837	4657.9	523.607	48.2646
XM_048220460.1	4128	3948.9	103.187	11.2192
XM_048220461.1	4039	3859.9	0	0
XM_048220462.1	3932	3752.9	52.2058	5.97262
XM_048220463.1	895	715.98	4.08955	2.45238
XM_048220464.1	841	661.98	0	0
XM_048220465.1	1107	927.905	0	0
XM_048220466.1	871	691.98	7.71919	4.78952
XM_048220467.1	4322	4142.9	73.4201	7.60893
XM_048220468.1	12648	12468.9	0	0
XM_048220469.1	13074	12894.9	1	0.0332962
XM_048220470.1	1247	1067.9	0	0
XM_048220471.1	852	672.98	1	0.637986
XM_048220472.1	6041	5861.9	0	0
XM_048220473.1	10674	10494.9	5.00125	0.204604
XM_048220474.1	1701	1521.9	0	0
XM_048220475.1	1317	1137.9	0	0
XM_048220476.1	3969	3789.9	0.00328752	0.000372438
XM_048220477.1	3893	3713.9	9046.22	1045.8
XM_048220478.1	3714	3534.9	386.963	47.0008
XM_048220479.1	6187	6007.9	105.364	7.5298
XM_048220480.1	737	557.98	8.34447	6.42086
XM_048220481.1	1068	888.905	11.4653	5.53787
XM_048220482.1	2591	2411.9	15	2.6702
XM_048220483.1	7434	7254.9	3.16169	0.187111
XM_048220484.1	2850	2670.9	0	0
XM_048220485.1	11944	11764.9	1	0.0364943
XM_048220486.1	3373	3193.9	0	0
XM_048220487.1	948	768.905	0	0
XM_048220488.1	2832	2652.9	0	0
XM_048220489.1	2266	2086.9	0	0
XM_048220490.1	2197	2017.9	0	0
XM_048220491.1	7229	7049.9	10.9881	0.669197
XM_048220492.1	948	768.905	0	0
XM_048220493.1	3923	3743.9	0	0
XM_048220494.1	3920	3740.9	0	0
XM_048220495.1	3698	3518.9	0	0
XM_048220496.1	3702	3522.9	9.89739	1.20624
XM_048220497.1	3664	3484.9	5.06887	0.624502
XM_048220498.1	1885	1705.9	17.6384	4.43934
XM_048220499.1	3789	3609.9	0	0
XM_048220500.1	2796	2616.9	12.8905	2.11493
XM_048220501.1	3807	3627.9	0	0
XM_048220502.1	3799	3619.9	0	0
XM_048220503.1	2966	2786.9	0	0
XM_048220504.1	4885	4705.9	1.91572	0.174785
XM_048220505.1	2462	2282.9	0	0
XM_048220506.1	2614	2434.9	0	0
XM_048220507.1	8938	8758.9	1.00206e-05	4.91201e-07
XM_048220508.1	2853	2673.9	0	0
XM_048220509.1	2667	2487.9	0	0
XM_048220510.1	2704	2524.9	0	0
XM_048220511.1	2575	2395.9	0	0
XM_048220512.1	2636	2456.9	0	0
XM_048220513.1	2610	2430.9	0	0
XM_048220514.1	2596	2416.9	0	0
XM_048220515.1	2518	2338.9	0	0
XM_048220516.1	2504	2324.9	0	0
XM_048220517.1	5084	4904.9	6.31894	0.55313
XM_048220518.1	5971	5791.9	3.05385	0.226381
XM_048220519.1	3830	3650.9	0	0
XM_048220520.1	4117	3937.9	59.7744	6.51724
XM_048220521.1	2986	2806.9	937.197	143.356
XM_048220522.1	3976	3796.9	90.3052	10.2117
XM_048220523.1	3009	2829.9	0	0
XM_048220524.1	3733	3553.9	0	0
XM_048220525.1	3762	3582.9	0	0
XM_048220526.1	5866	5686.9	0	0
XM_048220527.1	4717	4537.9	0	0
XM_048220528.1	4717	4537.9	0	0
XM_048220529.1	4690	4510.9	0	0
XM_048220530.1	5636	5456.9	0	0
XM_048220531.1	5636	5456.9	0	0
XM_048220532.1	4690	4510.9	0	0
XM_048220533.1	4690	4510.9	0	0
XM_048220534.1	5567	5387.9	1.48637e-07	1.18446e-08
XM_048220535.1	4621	4441.9	0	0
XM_048220536.1	5498	5318.9	3	0.242166
XM_048220537.1	5498	5318.9	3	0.242166
XM_048220538.1	4414	4234.9	0	0
XM_048220539.1	4414	4234.9	0	0
XM_048220540.1	4318	4138.9	0	0
XM_048220541.1	4318	4138.9	0	0
XM_048220542.1	4276	4096.9	0	0
XM_048220543.1	4276	4096.9	0	0
XM_048220544.1	4234	4054.9	0	0
XM_048220545.1	4207	4027.9	0	0
XM_048220546.1	4180	4000.9	0	0
XM_048220547.1	2805	2625.9	4.94677	0.808828
XM_048220548.1	4111	3931.9	0	0
XM_048220549.1	3973	3793.9	0	0
XM_048220550.1	3904	3724.9	0	0
XM_048220551.1	3904	3724.9	0	0
XM_048220552.1	3437	3257.9	0	0
XM_048220553.1	3384	3204.9	0	0
XM_048220554.1	2459	2279.9	0	0
XM_048220555.1	1905	1725.9	0	0
XM_048220556.1	495	316.154	6.28081	8.52962
XM_048220557.1	1173	993.905	0	0
XM_048220558.1	4931	4751.9	0	0
XM_048220559.1	1173	993.905	0	0
XM_048220560.1	4642	4462.9	0	0
XM_048220561.1	4100	3920.9	0	0
XM_048220562.1	1569	1389.9	0	0
XM_048220563.1	1603	1423.9	0	0
XM_048220564.1	2635	2455.9	6.15889	1.07672
XM_048220565.1	2515	2335.9	4.89998e-06	9.00643e-07
XM_048220566.1	2428	2248.9	45.9852	8.77932
XM_048220567.1	2536	2356.9	0	0
XM_048220568.1	2412	2232.9	0	0
XM_048220569.1	4023	3843.9	45.9512	5.1326
XM_048220570.1	1356	1176.9	5.90753e-07	2.15515e-07
XM_048220571.1	1172	992.905	0.00274815	0.00118835
XM_048220572.1	270	105.978	85	344.363
XM_048220573.1	4071	3891.9	187.944	20.7338
XM_048220574.1	3467	3287.9	19.9505	2.60524
XM_048220575.1	3727	3547.9	0	0
XM_048220576.1	3679	3499.9	0	0
XM_048220577.1	3612	3432.9	0	0
XM_048220578.1	3566	3386.9	0	0
XM_048220579.1	3566	3386.9	0	0
XM_048220580.1	3521	3341.9	0	0
XM_048220581.1	3513	3333.9	0	0
XM_048220582.1	3467	3287.9	0	0
XM_048220583.1	3467	3287.9	3.58575	0.468246
XM_048220584.1	3421	3241.9	6.19011	0.819807
XM_048220585.1	2609	2429.9	8.86298	1.56604
XM_048220586.1	3641	3461.9	3.67206e-07	4.55416e-08
XM_048220587.1	3595	3415.9	14	1.75969
XM_048220588.1	2123	1943.9	0	0
XM_048220589.1	11118	10938.9	0.000224192	8.79953e-06
XM_048220590.1	2688	2508.9	0	0
XM_048220591.1	11021	10841.9	25.0432	0.991741
XM_048220592.1	2544	2364.9	0	0
XM_048220593.1	2494	2314.9	2	0.370946
XM_048220594.1	11011	10831.9	83.498	3.30967
XM_048220595.1	3837	3657.9	25.638	3.00929
XM_048220596.1	3677	3497.9	0	0
XM_048220597.1	5117	4937.9	61.1123	5.31373
XM_048220598.1	794	614.98	0	0
XM_048220599.1	2298	2118.9	5.11551	1.03655
XM_048220600.1	1985	1805.9	9.10709	2.1652
XM_048220601.1	536	357.056	0	0
XM_048220602.1	561	381.98	92.5038	103.976
XM_048220603.1	4500	4320.9	139.467	13.8583
XM_048220604.1	1785	1605.9	0	0
XM_048220605.1	1758	1578.9	18.2275	4.9566
XM_048220606.1	5036	4856.9	11.9784	1.05889
XM_048220607.1	5388	5208.9	30.3596	2.50243
XM_048220608.1	764	584.98	0	0
XM_048220609.1	3105	2925.9	4	0.586966
XM_048220610.1	2218	2038.9	0	0
XM_048220611.1	2110	1930.9	28.1193	6.25255
XM_048220612.1	9540	9360.9	14.6906	0.673805
XM_048220613.1	6212	6032.9	0	0
XM_048220614.1	1755	1575.9	0	0
XM_048220615.1	2013	1833.9	3.34045	0.782062
XM_048220616.1	1597	1417.9	4.06326	1.23038
XM_048220617.1	1464	1284.9	4.20707	1.4058
XM_048220618.1	5689	5509.9	0	0
XM_048220619.1	5670	5490.9	0	0
XM_048220620.1	5945	5765.9	7.3651	0.548435
XM_048220621.1	5486	5306.9	1.65238e-08	1.33685e-09
XM_048220622.1	4542	4362.9	1.13454e-07	1.1165e-08
XM_048220623.1	5828	5648.9	0	0
XM_048220624.1	5816	5636.9	0	0
XM_048220625.1	5840	5660.9	0	0
XM_048220626.1	5825	5645.9	0	0
XM_048220627.1	5771	5591.9	0	0
XM_048220628.1	5756	5576.9	0	0
XM_048220629.1	5618	5438.9	18.1038	1.42913
XM_048220630.1	5632	5452.9	18.3516	1.44497
XM_048220631.1	3104	2924.9	0	0
XM_048220632.1	2608	2428.9	0	0
XM_048220633.1	4778	4598.9	2.85061	0.266132
XM_048220634.1	375	198.081	0	0
XM_048220635.1	1638	1458.9	12.1386	3.57235
XM_048220636.1	3063	2883.9	0	0
XM_048220637.1	2965	2785.9	0	0
XM_048220638.1	3051	2871.9	27.8216	4.15935
XM_048220639.1	3009	2829.9	0	0
XM_048220640.1	6120	5940.9	30.1635	2.17993
XM_048220641.1	5840	5660.9	3.67051	0.27839
XM_048220642.1	6130	5950.9	28.7544	2.0746
XM_048220643.1	2940	2760.9	0	0
XM_048220644.1	3473	3293.9	8.59298	1.12007
XM_048220645.1	2440	2260.9	2	0.379805
XM_048220646.1	7018	6838.9	0	0
XM_048220647.1	7000	6820.9	52.9735	3.3345
XM_048220648.1	16647	16467.9	13.3228	0.347353
XM_048220649.1	16059	15879.9	87.9081	2.37681
XM_048220650.1	10079	9899.9	48.2281	2.09162
XM_048220651.1	10065	9885.9	0	0
XM_048220652.1	9990	9810.9	80.2162	3.51048
XM_048220653.1	9931	9751.9	0	0
XM_048220654.1	10012	9832.9	0	0
XM_048220655.1	10004	9824.9	3.03117e-05	1.32463e-06
XM_048220656.1	9941	9761.9	1.77207e-08	7.79397e-10
XM_048220657.1	9971	9791.9	0	0
XM_048220658.1	9968	9788.9	0	0
XM_048220659.1	9893	9713.9	0	0
XM_048220660.1	9963	9783.9	0	0
XM_048220661.1	10007	9827.9	0	0
XM_048220662.1	9977	9797.9	0.00584183	0.000255994
XM_048220663.1	9674	9494.9	0	0
XM_048220664.1	10101	9921.9	1.41649e-07	6.12959e-09
XM_048220665.1	9625	9445.9	2.5297e-08	1.14984e-09
XM_048220666.1	9654	9474.9	0	0
XM_048220667.1	9881	9701.9	0	0
XM_048220668.1	9806	9626.9	0	0
XM_048220669.1	9976	9796.9	32.7239	1.43413
XM_048220670.1	9896	9716.9	22.2043	0.981123
XM_048220671.1	9567	9387.9	0	0
XM_048220672.1	9874	9694.9	0	0
XM_048220673.1	10276	10096.9	2.21522	0.094198
XM_048220674.1	10113	9933.9	0.0140688	0.000608066
XM_048220675.1	9727	9547.9	6.60079e-05	2.96826e-06
XM_048220676.1	9957	9777.9	44.861	1.96987
XM_048220677.1	9885	9705.9	70.638	3.12475
XM_048220678.1	223	72.8938	0	0
XM_048220679.1	4586	4406.9	0	0
XM_048220680.1	1372	1192.9	0	0
XM_048220681.1	19944	19764.9	8.6953	0.188887
XM_048220682.1	2917	2737.9	25	3.92044
XM_048220683.1	10937	10757.9	0	0
XM_048220684.1	14644	14464.9	1.87861e-05	5.57615e-07
XM_048220685.1	6929	6749.9	24.3078	1.54618
XM_048220686.1	6743	6563.9	2.49646e-08	1.63296e-09
XM_048220687.1	29862	29682.9	0	0
XM_048220688.1	8820	8640.9	0	0
XM_048220689.1	8308	8128.9	0	0
XM_048220690.1	5010	4830.9	5	0.44438
XM_048220691.1	4842	4662.9	0	0
XM_048220692.1	2620	2440.9	0	0
XM_048220693.1	2124	1944.9	0	0
XM_048220694.1	3103	2923.9	4	0.587368
XM_048220695.1	5762	5582.9	0	0
XM_048220696.1	6232	6052.9	1.62135	0.115007
XM_048220697.1	8915	8735.9	1.16262e-07	5.71403e-09
XM_048220698.1	5676	5496.9	0	0
XM_048220699.1	2572	2392.9	6.66755	1.19634
XM_048220700.1	1069	889.905	0	0
XM_048220701.1	2777	2597.9	0	0
XM_048220702.1	919	739.98	0	0
XM_048220703.1	1245	1065.9	290.664	117.081
XM_048220704.1	1244	1064.9	222.697	89.7876
XM_048220705.1	7031	6851.9	0	0
XM_048220706.1	2364	2184.9	0.263192	0.0517194
XM_048220707.1	7020	6840.9	0.00391071	0.000245446
XM_048220708.1	6981	6801.9	17.0794	1.07809
XM_048220709.1	6673	6493.9	25.0652	1.65721
XM_048220710.1	6664	6484.9	0	0
XM_048220711.1	6624	6444.9	0	0
XM_048220712.1	5748	5568.9	0	0
XM_048220713.1	3259	3079.9	0	0
XM_048220714.1	4002	3822.9	1	0.11231
XM_048220715.1	2182	2002.9	0	0
XM_048220716.1	2192	2012.9	5.31109	1.13285
XM_048220717.1	2149	1969.9	0	0
XM_048220718.1	2147	1967.9	0	0
XM_048220719.1	1898	1718.9	0	0
XM_048220720.1	2102	1922.9	0	0
XM_048220721.1	6974	6794.9	0	0
XM_048220722.1	1605	1425.9	0	0
XM_048220723.1	2908	2728.9	0	0
XM_048220724.1	939	759.905	0	0
XM_048220725.1	11552	11372.9	21.5471	0.81345
XM_048220726.1	11581	11401.9	0	0
XM_048220727.1	11407	11227.9	0	0
XM_048220728.1	1063	883.905	3	1.45723
XM_048220729.1	5044	4864.9	0	0
XM_048220730.1	945	765.905	0	0
XM_048220731.1	44955	44775.9	7.53042	0.0722085
XM_048220732.1	14770	14590.9	11.5461	0.339755
XM_048220733.1	4090	3910.9	0	0
XM_048220734.1	5636	5456.9	0	0
XM_048220735.1	3884	3704.9	0.000263053	3.04846e-05
XM_048220736.1	5910	5730.9	7	0.524431
XM_048220737.1	4428	4248.9	653.005	65.9862
XM_048220738.1	162	40.4033	3	31.8799
XM_048220739.1	5537	5357.9	2.03147	0.16279
XM_048220740.1	2094	1914.9	4	0.896863
XM_048220741.1	4490	4310.9	0	0
XM_048220742.1	4477	4297.9	0	0
XM_048220743.1	2470	2290.9	0	0
XM_048220744.1	2012	1832.9	0	0
XM_048220745.1	1301	1121.9	1	0.382699
XM_048220746.1	1914	1734.9	0	0
XM_048220747.1	4428	4248.9	29.7741	3.00867
XM_048220748.1	1119	939.905	0	0
XM_048220749.1	957	777.905	0	0
XM_048220750.1	1128	948.905	0	0
XM_048220751.1	951	771.905	0	0
XM_048220752.1	2004	1824.9	4.36471	1.0269
XM_048220753.1	681	501.98	0	0
XM_048220754.1	930	750.98	0	0
XM_048220755.1	948	768.905	0	0
XM_048220756.1	1338	1158.9	1	0.370481
XM_048220757.1	957	777.905	0	0
XM_048220758.1	873	693.98	0	0
XM_048220759.1	945	765.905	0	0
XM_048220760.1	630	450.98	0	0
XM_048220761.1	723	543.98	0	0
XM_048220762.1	948	768.905	0	0
XM_048220763.1	954	774.905	0	0
XM_048220764.1	939	759.905	0	0
XM_048220765.1	1152	972.905	0	0
XM_048220766.1	1627	1447.9	0	0
XM_048220767.1	942	762.905	0	0
XM_048220768.1	951	771.905	0	0
XM_048220769.1	753	573.98	0	0
XM_048220770.1	960	780.905	0	0
XM_048220771.1	960	780.905	0	0
XM_048220772.1	936	756.98	0	0
XM_048220773.1	954	774.905	0	0
XM_048220774.1	939	759.905	0	0
XM_048220775.1	966	786.905	0	0
XM_048220776.1	1142	962.905	1.33543	0.595459
XM_048220777.1	11483	11303.9	0	0
XM_048220778.1	6565	6385.9	338.179	22.7373
XM_048220779.1	5917	5737.9	22	1.6462
XM_048220780.1	6194	6014.9	0	0
XM_048220781.1	5857	5677.9	0	0
XM_048220782.1	6268	6088.9	0	0
XM_048220783.1	5696	5516.9	0	0
XM_048220784.1	1225	1045.9	0	0
XM_048220785.1	11768	11588.9	0	0
XM_048220786.1	11628	11448.9	0	0
XM_048220787.1	10874	10694.9	0	0
XM_048220788.1	11360	11180.9	0	0
XM_048220789.1	11028	10848.9	0	0
XM_048220790.1	10858	10678.9	0	0
XM_048220791.1	6257	6077.9	0	0
XM_048220792.1	11432	11252.9	0	0
XM_048220793.1	6135	5955.9	0	0
XM_048220794.1	4962	4782.9	0	0
XM_048220795.1	2939	2759.9	0	0
XM_048220796.1	12127	11947.9	0	0
XM_048220797.1	12325	12145.9	0	0
XM_048220798.1	2194	2014.9	0	0
XM_048220799.1	2776	2596.9	202.733	33.5183
XM_048220800.1	1434	1254.9	0	0
XM_048220801.1	11246	11066.9	0	0
XM_048220802.1	4246	4066.9	1.02151	0.107843
XM_048220803.1	11077	10897.9	0	0
XM_048220804.1	13454	13274.9	0	0
XM_048220805.1	13174	12994.9	0	0
XM_048220806.1	12895	12715.9	0	0
XM_048220807.1	12661	12481.9	0	0
XM_048220808.1	12773	12593.9	0	0
XM_048220809.1	12846	12666.9	0	0
XM_048220810.1	12505	12325.9	0.0013368	4.65653e-05
XM_048220811.1	10957	10777.9	0	0
XM_048220812.1	13364	13184.9	0	0
XM_048220813.1	17770	17590.9	3.27443	0.0799211
XM_048220814.1	28062	27882.9	3.15342	0.0485576
XM_048220815.1	10837	10657.9	0	0
XM_048220816.1	17243	17063.9	0.160281	0.00403289
XM_048220817.1	1866	1686.9	6.99201	1.77961
XM_048220818.1	10771	10591.9	0.0197349	0.00079997
XM_048220819.1	8645	8465.9	72.1827	3.66078
XM_048220820.1	8609	8429.9	0.00470775	0.000239775
XM_048220821.1	8444	8264.9	18.6523	0.968964
XM_048220822.1	8322	8142.9	0	0
XM_048220823.1	8247	8067.9	0	0
XM_048220824.1	18886	18706.9	5.48096	0.125796
XM_048220825.1	10700	10520.9	0.549118	0.0224092
XM_048220826.1	5322	5142.9	0	0
XM_048220827.1	5195	5015.9	18.6099	1.59297
XM_048220828.1	5369	5189.9	0	0
XM_048220829.1	2911	2731.9	0	0
XM_048220830.1	2958	2778.9	0	0
XM_048220831.1	2802	2622.9	0	0
XM_048220832.1	3777	3597.9	0	0
XM_048220833.1	5148	4968.9	0	0
XM_048220834.1	24928	24748.9	1.74775	0.0303204
XM_048220835.1	24925	24745.9	9.53352	0.165411
XM_048220836.1	24766	24586.9	13.787	0.240757
XM_048220837.1	24763	24583.9	75.0891	1.31141
XM_048220838.1	24225	24045.9	1862.78	33.2608
XM_048220839.1	24222	24042.9	10335.3	184.565
XM_048220840.1	24885	24705.9	44.9969	0.781978
XM_048220841.1	24882	24702.9	245.02	4.25861
XM_048220842.1	24720	24540.9	1968.76	34.4442
XM_048220843.1	3690	3510.9	0	0
XM_048220844.1	8592	8412.9	0.456482	0.0232965
XM_048220845.1	3681	3501.9	0	0
XM_048220846.1	8408	8228.9	0	0
XM_048220847.1	2382	2202.9	0.585837	0.114181
XM_048220848.1	4938	4758.9	1.42231	0.128322
XM_048220849.1	2190	2010.9	0	0
XM_048220850.1	2132	1952.9	1	0.219853
XM_048220851.1	1985	1805.9	0	0
XM_048220852.1	2599	2419.9	135.263	23.9991
XM_048220853.1	1926	1746.9	1.01675	0.249895
XM_048220854.1	1982	1802.9	0	0
XM_048220855.1	5494	5314.9	0.0127548	0.00103036
XM_048220856.1	5481	5301.9	0.311619	0.0252351
XM_048220857.1	5503	5323.9	0.00140207	0.000113071
XM_048220858.1	2787	2607.9	0.0514259	0.0084665
XM_048220859.1	6213	6033.9	0	0
XM_048220860.1	952	772.905	91	50.5509
XM_048220861.1	2797	2617.9	6	0.984036
XM_048220862.1	3390	3210.9	0	0
XM_048220863.1	2499	2319.9	0	0
XM_048220864.1	1630	1450.9	0	0
XM_048220865.1	3197	3017.9	0	0
XM_048220866.1	1554	1374.9	12.3676	3.86214
XM_048220867.1	2734	2554.9	0	0
XM_048220868.1	1565	1385.9	15.821	4.90133
XM_048220869.1	7083	6903.9	0	0
XM_048220870.1	5748	5568.9	3.03809	0.234231
XM_048220871.1	6899	6719.9	0	0
XM_048220872.1	8195	8015.9	0	0
XM_048220873.1	6507	6327.9	0	0
XM_048220874.1	6818	6638.9	4.96601	0.321162
XM_048220875.1	2621	2441.9	2.35657	0.414348
XM_048220876.1	2001	1821.9	9.3862	2.21196
XM_048220877.1	2824	2644.9	0	0
XM_048220878.1	2821	2641.9	0	0
XM_048220879.1	2817	2637.9	0	0
XM_048220880.1	2814	2634.9	0	0
XM_048220881.1	2684	2504.9	0	0
XM_048220882.1	2661	2481.9	0	0
XM_048220883.1	7206	7026.9	33.9034	2.07154
XM_048220884.1	6070	5890.9	7.84078	0.571467
XM_048220885.1	3513	3333.9	2.28869	0.294745
XM_048220886.1	3580	3400.9	6.27551	0.79226
XM_048220887.1	1613	1433.9	0	0
XM_048220888.1	4369	4189.9	11.5923	1.1879
XM_048220889.1	3370	3190.9	0	0
XM_048220890.1	5286	5106.9	22.2039	1.86675
XM_048220891.1	4997	4817.9	0	0
XM_048220892.1	5016	4836.9	0	0
XM_048220893.1	7033	6853.9	6.35543e-05	3.98126e-06
XM_048220894.1	1901	1721.9	76.4244	19.0562
XM_048220895.1	16501	16321.9	0	0
XM_048220896.1	16560	16380.9	0	0
XM_048220897.1	15930	15750.9	14.4308	0.393367
XM_048220898.1	2878	2698.9	5.1948	0.826408
XM_048220899.1	4029	3849.9	2.17657	0.242738
XM_048220900.1	5262	5082.9	4.22902	0.357224
XM_048220901.1	5620	5440.9	4.21315	0.332467
XM_048220902.1	7491	7311.9	8.32393	0.488778
XM_048220903.1	3228	3048.9	5.49621	0.773985
XM_048220904.1	4047	3867.9	7.61488	0.845281
XM_048220905.1	2174	1994.9	0	0
XM_048220906.1	5027	4847.9	5.1427e-08	4.55461e-09
XM_048220907.1	2850	2670.9	27.4915	4.41931
XM_048220908.1	2367	2187.9	12.4093	2.43518
XM_048220909.1	2496	2316.9	0	0
XM_048220910.1	1752	1572.9	5.60304	1.52945
XM_048220911.1	1072	892.905	0	0
XM_048220912.1	1456	1276.9	0	0
XM_048220913.1	5718	5538.9	0	0
XM_048220914.1	5670	5490.9	0	0
XM_048220915.1	5654	5474.9	0	0
XM_048220916.1	5603	5423.9	0	0
XM_048220917.1	5711	5531.9	82	6.36433
XM_048220918.1	5697	5517.9	0	0
XM_048220919.1	5659	5479.9	3.26415e-08	2.55747e-09
XM_048220920.1	5644	5464.9	1.16751e-06	9.17255e-08
XM_048220921.1	1191	1011.9	0	0
XM_048220922.1	2667	2487.9	0	0
XM_048220923.1	4048	3868.9	0	0
XM_048220924.1	8780	8600.9	0	0
XM_048220925.1	4125	3945.9	0	0
XM_048220926.1	4447	4267.9	0	0
XM_048220927.1	4212	4032.9	0	0
XM_048220928.1	4140	3960.9	0	0
XM_048220929.1	5909	5729.9	0	0
XM_048220930.1	4083	3903.9	0	0
XM_048220931.1	4798	4618.9	0	0
XM_048220932.1	4133	3953.9	0	0
XM_048220933.1	7081	6901.9	0	0
XM_048220934.1	3827	3647.9	0	0
XM_048220935.1	3814	3634.9	0	0
XM_048220936.1	3833	3653.9	0	0
XM_048220937.1	2503	2323.9	0	0
XM_048220938.1	3242	3062.9	0	0
XM_048220939.1	2252	2072.9	5	1.03563
XM_048220940.1	1365	1185.9	0	0
XM_048220941.1	7674	7494.9	0	0
XM_048220942.1	3034	2854.9	0	0
XM_048220943.1	3678	3498.9	0	0
XM_048220944.1	3442	3262.9	2	0.263172
XM_048220945.1	3500	3320.9	0	0
XM_048220946.1	5474	5294.9	0	0
XM_048220947.1	3049	2869.9	0	0
XM_048220948.1	5545	5365.9	0	0
XM_048220949.1	5427	5247.9	0	0
XM_048220950.1	19171	18991.9	31.4078	0.71004
XM_048220951.1	15823	15643.9	1.37497	0.0377364
XM_048220952.1	4803	4623.9	0	0
XM_048220953.1	4941	4761.9	27.5471	2.48375
XM_048220954.1	5081	4901.9	0	0
XM_048220955.1	1810	1630.9	8.38409	2.20719
XM_048220956.1	1907	1727.9	0	0
XM_048220957.1	1259	1079.9	0	0
XM_048220958.1	4361	4181.9	4	0.410676
XM_048220959.1	4858	4678.9	2.10082e-06	1.92778e-07
XM_048220960.1	13792	13612.9	4.71458	0.148698
XM_048220961.1	2620	2440.9	2.95284e-08	5.194e-09
XM_048220962.1	2572	2392.9	85.7812	15.3915
XM_048220963.1	2542	2362.9	14.245	2.58839
XM_048220964.1	2450	2270.9	0.622354	0.117666
XM_048220965.1	2382	2202.9	21.0391	4.10057
XM_048220966.1	2383	2203.9	2.72602e-08	5.31068e-09
XM_048220967.1	2338	2158.9	12.5501	2.4959
XM_048220968.1	10980	10800.9	0.108643	0.00431871
XM_048220969.1	1547	1367.9	0.0322705	0.0101289
XM_048220970.1	5018	4838.9	5.23483e-06	4.64482e-07
XM_048220971.1	4964	4784.9	12	1.07677
XM_048220972.1	2828	2648.9	0	0
XM_048220973.1	5139	4959.9	0	0
XM_048220974.1	5076	4896.9	0	0
XM_048220975.1	5039	4859.9	0	0
XM_048220976.1	4895	4715.9	0	0
XM_048220977.1	5000	4820.9	0	0
XM_048220978.1	5472	5292.9	0.5721	0.0464078
XM_048220979.1	1320	1140.9	5.14081	1.93462
XM_048220980.1	1149	969.905	2.62153	1.16049
XM_048220981.1	2858	2678.9	0	0
XM_048220982.1	3507	3327.9	0	0
XM_048220983.1	2944	2764.9	0	0
XM_048220984.1	5111	4931.9	7.59818	0.661467
XM_048220985.1	5988	5808.9	0	0
XM_048220986.1	2304	2124.9	4.02357	0.812991
XM_048220987.1	2082	1902.9	0	0
XM_048220988.1	6501	6321.9	6.13075	0.41637
XM_048220989.1	2244	2064.9	0	0
XM_048220990.1	2087	1907.9	0.00367018	0.000825933
XM_048220991.1	2101	1921.9	3	0.670198
XM_048220992.1	2144	1964.9	0	0
XM_048220993.1	2293	2113.9	0	0
XM_048220994.1	3652	3472.9	0	0
XM_048220995.1	3918	3738.9	1.46624	0.168373
XM_048220996.1	1820	1640.9	0	0
XM_048220997.1	3620	3440.9	4.94016e-05	6.16427e-06
XM_048220998.1	3381	3201.9	1.96729e-08	2.63799e-09
XM_048220999.1	3386	3206.9	0	0
XM_048221000.1	3454	3274.9	297.719	39.032
XM_048221001.1	3311	3131.9	29.0743	3.98579
XM_048221002.1	3281	3101.9	0	0
XM_048221003.1	3285	3105.9	161.577	22.336
XM_048221004.1	3230	3050.9	0	0
XM_048221005.1	2349	2169.9	0	0
XM_048221006.1	2308	2128.9	0.000623217	0.000125689
XM_048221007.1	2638	2458.9	0	0
XM_048221008.1	2164	1984.9	79.0157	17.0918
XM_048221009.1	4176	3996.9	96.2352	10.3377
XM_048221010.1	3426	3246.9	40.0234	5.29247
XM_048221011.1	6196	6016.9	1.87843e-05	1.3404e-06
XM_048221012.1	3451	3271.9	21	2.7557
XM_048221013.1	3707	3527.9	0	0
XM_048221014.1	3562	3382.9	0	0
XM_048221015.1	1510	1330.9	0	0
XM_048221016.1	1356	1176.9	0	0
XM_048221017.1	3182	3002.9	0	0
XM_048221018.1	3198	3018.9	0	0
XM_048221019.1	10239	10059.9	3.89789	0.16636
XM_048221020.1	4205	4025.9	0	0
XM_048221021.1	3732	3552.9	1.30398	0.15758
XM_048221022.1	3900	3720.9	2.14047	0.246987
XM_048221023.1	4129	3949.9	1.37574	0.149542
XM_048221024.1	4063	3883.9	2.07687	0.22959
XM_048221025.1	3111	2931.9	2.3313	0.341399
XM_048221026.1	3473	3293.9	0	0
XM_048221027.1	3185	3005.9	1.93806	0.276825
XM_048221028.1	3358	3178.9	3.79689	0.512819
XM_048221029.1	4063	3883.9	2.07687	0.22959
XM_048221030.1	4172	3992.9	4.73395	0.509036
XM_048221031.1	5360	5180.9	0	0
XM_048221032.1	3187	3007.9	0	0
XM_048221033.1	5313	5133.9	3.15639	0.263971
XM_048221034.1	3576	3396.9	3.23045	0.408313
XM_048221035.1	4172	3992.9	5.91744	0.636295
XM_048221036.1	5487	5307.9	1.04822	0.0847899
XM_048221037.1	5279	5099.9	0	0
XM_048221038.1	5951	5771.9	4.1767	0.31069
XM_048221039.1	4941	4761.9	4	0.360656
XM_048221040.1	5314	5134.9	0	0
XM_048221041.1	2937	2757.9	1.18116	0.183884
XM_048221042.1	4541	4361.9	1	0.0984322
XM_048221043.1	957	777.905	1	0.551934
XM_048221044.1	9351	9171.9	0	0
XM_048221045.1	15448	15268.9	56	1.57468
XM_048221046.1	6146	5966.9	0	0
XM_048221047.1	2855	2675.9	0	0
XM_048221048.1	5965	5785.9	0	0
XM_048221049.1	5962	5782.9	12.8297	0.952539
XM_048221050.1	5910	5730.9	0	0
XM_048221051.1	2374	2194.9	158.804	31.0642
XM_048221052.1	5854	5674.9	0	0
XM_048221053.1	5791	5611.9	0	0
XM_048221054.1	5736	5556.9	0	0
XM_048221055.1	5734	5554.9	0	0
XM_048221056.1	7646	7466.9	0	0
XM_048221057.1	7490	7310.9	3.38008	0.198504
XM_048221058.1	7719	7539.9	0	0
XM_048221059.1	7476	7296.9	67.3771	3.96448
XM_048221060.1	2826	2646.9	10.0873	1.63625
XM_048221061.1	7559	7379.9	0	0
XM_048221062.1	7439	7259.9	36.1546	2.13819
XM_048221063.1	7367	7187.9	0	0
XM_048221064.1	7268	7088.9	0	0
XM_048221065.1	2808	2628.9	0	0
XM_048221066.1	7303	7123.9	0	0
XM_048221067.1	7265	7085.9	0	0
XM_048221068.1	7223	7043.9	0	0
XM_048221069.1	7214	7034.9	0	0
XM_048221070.1	7213	7033.9	18.4692	1.12736
XM_048221071.1	7169	6989.9	0	0
XM_048221072.1	7119	6939.9	0	0
XM_048221073.1	7160	6980.9	0	0
XM_048221074.1	7148	6968.9	0.0002194	1.35172e-05
XM_048221075.1	7024	6844.9	50.0506	3.13946
XM_048221076.1	7109	6929.9	0.000158615	9.82721e-06
XM_048221077.1	7046	6866.9	0	0
XM_048221078.1	2801	2621.9	0	0
XM_048221079.1	7019	6839.9	0	0
XM_048221080.1	7013	6833.9	0	0
XM_048221081.1	6965	6785.9	0	0
XM_048221082.1	6956	6776.9	0	0
XM_048221083.1	6938	6758.9	0	0
XM_048221084.1	6935	6755.9	0	0
XM_048221085.1	6884	6704.9	0	0
XM_048221086.1	6881	6701.9	6.86178e-05	4.39594e-06
XM_048221087.1	2343	2163.9	31.9096	6.33136
XM_048221088.1	2863	2683.9	0	0
XM_048221089.1	3989	3809.9	0	0
XM_048221090.1	4235	4055.9	0	0
XM_048221091.1	2851	2671.9	0	0
XM_048221092.1	2747	2567.9	0.0309691	0.00517801
XM_048221093.1	2839	2659.9	0	0
XM_048221094.1	2732	2552.9	0	0
XM_048221095.1	3330	3150.9	9.79049	1.33408
XM_048221096.1	4500	4320.9	0	0
XM_048221097.1	2812	2632.9	42.3446	6.9052
XM_048221098.1	5242	5062.9	11.9991	1.01757
XM_048221099.1	2725	2545.9	34.6776	5.84818
XM_048221100.1	2707	2527.9	0	0
XM_048221101.1	2788	2608.9	9.01262	1.48322
XM_048221102.1	641	461.98	0	0
XM_048221103.1	2701	2521.9	7.11632	1.21155
XM_048221104.1	496	317.123	0	0
XM_048221105.1	696	516.98	0	0
XM_048221106.1	8273	8093.9	0	0
XM_048221107.1	3026	2846.9	0	0
XM_048221108.1	963	783.905	0	0
XM_048221109.1	2107	1927.9	0	0
XM_048221110.1	2118	1938.9	0	0
XM_048221111.1	2364	2184.9	6	1.17905
XM_048221112.1	8403	8223.9	124.55	6.50246
XM_048221113.1	12273	12093.9	0	0
XM_048221114.1	12113	11933.9	0	0
XM_048221115.1	7724	7544.9	5.29363	0.301241
XM_048221116.1	9919	9739.9	3.49514	0.154072
XM_048221117.1	7198	7018.9	1	0.0611708
XM_048221118.1	14483	14303.9	0	0
XM_048221119.1	7956	7776.9	30.7441	1.69734
XM_048221120.1	3409	3229.9	0	0
XM_048221121.1	5468	5288.9	30.7493	2.49622
XM_048221122.1	10542	10362.9	1.52905e-05	6.33512e-07
XM_048221123.1	10494	10314.9	31.0769	1.29356
XM_048221124.1	9321	9141.9	8.87634	0.416879
XM_048221125.1	9269	9089.9	11.8017	0.557441
XM_048221126.1	1824	1644.9	0	0
XM_048221127.1	1788	1608.9	0	0
XM_048221128.1	3334	3154.9	0	0
XM_048221129.1	1755	1575.9	0	0
XM_048221130.1	6981	6801.9	0	0
XM_048221131.1	948	768.905	0	0
XM_048221132.1	4500	4320.9	1.29996	0.129172
XM_048221133.1	996	816.905	0	0
XM_048221134.1	6726	6546.9	0	0
XM_048221135.1	11149	10969.9	40.7806	1.59612
XM_048221136.1	2051	1871.9	0	0
XM_048221137.1	1122	942.905	0	0
XM_048221138.1	1743	1563.9	0	0
XM_048221139.1	3020	2840.9	0	0
XM_048221140.1	3001	2821.9	27.8859	4.24284
XM_048221141.1	1106	926.905	16.114	7.46418
XM_048221142.1	5304	5124.9	0.00154239	0.000129218
XM_048221143.1	5338	5158.9	22.3674	1.86153
XM_048221144.1	7160	6980.9	0	0
XM_048221145.1	12945	12765.9	0	0
XM_048221146.1	4485	4305.9	0	0
XM_048221147.1	3363	3183.9	2	0.269702
XM_048221148.1	6495	6315.9	0	0
XM_048221149.1	2491	2311.9	0	0
XM_048221150.1	7139	6959.9	0	0
XM_048221151.1	4734	4554.9	0	0
XM_048221152.1	7052	6872.9	0	0
XM_048221153.1	6010	5830.9	1.68319	0.123939
XM_048221154.1	4802	4622.9	259.144	24.068
XM_048221155.1	4847	4667.9	0.13644	0.0125497
XM_048221156.1	4831	4651.9	33.817	3.12117
XM_048221157.1	6034	5854.9	3.45101e-06	2.53069e-07
XM_048221158.1	6037	5857.9	1.76856e-06	1.29626e-07
XM_048221159.1	4716	4536.9	0	0
XM_048221160.1	4932	4752.9	0	0
XM_048221161.1	4822	4642.9	69.3091	6.40935
XM_048221162.1	4825	4645.9	83.5778	7.72385
XM_048221163.1	6026	5846.9	1.20919e-05	8.87934e-07
XM_048221164.1	4629	4449.9	0	0
XM_048221165.1	4741	4561.9	13.604	1.28036
XM_048221166.1	5990	5810.9	0	0
XM_048221167.1	4732	4552.9	1.54947	0.146119
XM_048221168.1	6955	6775.9	14.5332	0.920892
XM_048221169.1	4735	4555.9	1.88974	0.178091
XM_048221170.1	5939	5759.9	2.03651e-07	1.51804e-08
XM_048221171.1	4748	4568.9	10.6025	0.996346
XM_048221172.1	4615	4435.9	0	0
XM_048221173.1	5858	5678.9	21.6557	1.63727
XM_048221174.1	4584	4404.9	0	0
XM_048221175.1	4721	4541.9	0.201751	0.0190718
XM_048221176.1	4726	4546.9	3.9253	0.370656
XM_048221177.1	4729	4549.9	4.77217	0.450326
XM_048221178.1	6916	6736.9	0	0
XM_048221179.1	5930	5750.9	9.18733e-07	6.85909e-08
XM_048221180.1	4532	4352.9	0	0
XM_048221181.1	4709	4529.9	2.7561	0.261228
XM_048221182.1	4639	4459.9	30.4519	2.93158
XM_048221183.1	4687	4507.9	0.0132748	0.00126435
XM_048221184.1	4684	4504.9	0.0106514	0.00101516
XM_048221185.1	4590	4410.9	1.26324e-06	1.22963e-07
XM_048221186.1	4924	4744.9	1.3242e-06	1.19822e-07
XM_048221187.1	6895	6715.9	0	0
XM_048221188.1	2181	2001.9	0	0
XM_048221189.1	2331	2151.9	0	0
XM_048221190.1	5302	5122.9	0	0
XM_048221191.1	2908	2728.9	3	0.472005
XM_048221192.1	6900	6720.9	0	0
XM_048221193.1	6528	6348.9	6.55509	0.443296
XM_048221194.1	6565	6385.9	0.00333617	0.000224305
XM_048221195.1	6512	6332.9	176.47	11.9641
XM_048221196.1	6669	6489.9	0	0
XM_048221197.1	2542	2362.9	22.2283	4.039
XM_048221198.1	5811	5631.9	20.343	1.55087
XM_048221199.1	3055	2875.9	0	0
XM_048221200.1	3073	2893.9	0	0
XM_048221201.1	8088	7908.9	39	2.1172
XM_048221202.1	11679	11499.9	0.469908	0.0175441
XM_048221203.1	11625	11445.9	0.00114929	4.31116e-05
XM_048221204.1	12233	12053.9	0	0
XM_048221205.1	11565	11385.9	1.75211	0.0660703
XM_048221206.1	12174	11994.9	0	0
XM_048221207.1	11511	11331.9	0.00404363	0.000153208
XM_048221208.1	12119	11939.9	0	0
XM_048221209.1	11376	11196.9	8.04795	0.308603
XM_048221210.1	11984	11804.9	0	0
XM_048221211.1	11322	11142.9	96.0804	3.70212
XM_048221212.1	11930	11750.9	0	0
XM_048221213.1	11262	11082.9	31.7298	1.22921
XM_048221214.1	11871	11691.9	0	0
XM_048221215.1	1732	1552.9	150.583	41.6337
XM_048221216.1	3592	3412.9	11	1.38383
XM_048221217.1	5025	4845.9	1	0.088601
XM_048221218.1	5729	5549.9	0	0
XM_048221219.1	5740	5560.9	0	0
XM_048221220.1	1448	1268.9	138.551	46.8808
XM_048221221.1	2742	2562.9	3.44864	0.577736
XM_048221222.1	1392	1212.9	19.8329	7.02058
XM_048221223.1	5032	4852.9	0	0
XM_048221224.1	5315	5135.9	3.49364	0.292062
XM_048221225.1	5102	4922.9	0	0
XM_048221226.1	4868	4688.9	2.69637	0.2469
XM_048221227.1	5099	4919.9	0	0
XM_048221228.1	11823	11643.9	3.7088e-08	1.36756e-09
XM_048221229.1	11688	11508.9	0.150869	0.00562832
XM_048221230.1	11659	11479.9	4.05978	0.151837
XM_048221231.1	11819	11639.9	5.80714e-08	2.14203e-09
XM_048221232.1	15335	15155.9	3.71264	0.105175
XM_048221233.1	14923	14743.9	0	0
XM_048221234.1	16323	16143.9	14.8766	0.395646
XM_048221235.1	5989	5809.9	19.8291	1.46537
XM_048221236.1	6777	6597.9	8.24051	0.536243
XM_048221237.1	4740	4560.9	0	0
XM_048221238.1	5992	5812.9	0	0
XM_048221239.1	4720	4540.9	0	0
XM_048221240.1	5951	5771.9	0	0
XM_048221241.1	13827	13647.9	0	0
XM_048221242.1	13297	13117.9	142.952	4.67886
XM_048221243.1	8659	8479.9	23.3774	1.18364
XM_048221244.1	1025	845.905	0	0
XM_048221245.1	3317	3137.9	0	0
XM_048221246.1	15728	15548.9	6.29036	0.173696
XM_048221247.1	9073	8893.9	0	0
XM_048221248.1	14884	14704.9	26.6403	0.777841
XM_048221249.1	4677	4497.9	5.49253	0.524295
XM_048221250.1	3749	3569.9	6	0.721619
XM_048221251.1	699	519.98	3.16138	2.61037
XM_048221252.1	627	447.98	2.52661	2.42154
XM_048221253.1	2019	1839.9	0	0
XM_048221254.1	1932	1752.9	0	0
XM_048221255.1	2645	2465.9	0	0
XM_048221256.1	1932	1752.9	0	0
XM_048221257.1	1106	926.905	0	0
XM_048221258.1	6609	6429.9	0	0
XM_048221259.1	672	492.98	4.95061	4.31164
XM_048221260.1	3498	3318.9	43.4936	5.62658
XM_048221261.1	6426	6246.9	168.435	11.5766
XM_048221262.1	3148	2968.9	0.956622	0.138343
XM_048221263.1	1917	1737.9	0.679329	0.167829
XM_048221264.1	2022	1842.9	0	0
XM_048221265.1	3011	2831.9	0	0
XM_048221266.1	2806	2626.9	1.5	0.245166
XM_048221267.1	2848	2668.9	0	0
XM_048221268.1	3424	3244.9	0	0
XM_048221269.1	13473	13293.9	0	0
XM_048221270.1	13633	13453.9	86.3944	2.75709
XM_048221271.1	18769	18589.9	1.19008e-08	2.7486e-10
XM_048221272.1	1977	1797.9	0	0
XM_048221273.1	6195	6015.9	40.889	2.91823
XM_048221274.1	1917	1737.9	0	0
XM_048221275.1	10421	10241.9	0.181322	0.00760122
XM_048221276.1	10397	10217.9	107.919	4.5347
XM_048221277.1	10358	10178.9	0	0
XM_048221278.1	10367	10187.9	60.214	2.53762
XM_048221279.1	10386	10206.9	59.061	2.48439
XM_048221280.1	10340	10160.9	0	0
XM_048221281.1	10300	10120.9	0.0140172	0.000594642
XM_048221282.1	10226	10046.9	0	0
XM_048221283.1	10256	10076.9	0.0457338	0.00194861
XM_048221284.1	10229	10049.9	0	0
XM_048221285.1	5870	5690.9	0	0
XM_048221286.1	6935	6755.9	36	2.28788
XM_048221287.1	4574	4394.9	63	6.15467
XM_048221288.1	3856	3676.9	22	2.56894
XM_048221289.1	2700	2520.9	0	0
XM_048221290.1	1236	1056.9	0	0
XM_048221291.1	864	684.98	0	0
XM_048221292.1	3347	3167.9	68	9.21616
XM_048221293.1	3979	3799.9	0	0
XM_048221294.1	1179	999.905	0	0
XM_048221295.1	1498	1318.9	0	0
XM_048221296.1	1071	891.905	0	0
XM_048221297.1	615	435.98	0	0
XM_048221298.1	18240	18060.9	0	0
XM_048221299.1	18237	18057.9	15.3914	0.365951
XM_048221300.1	18234	18054.9	0	0
XM_048221301.1	18213	18033.9	0	0
XM_048221302.1	18207	18027.9	94.5476	2.25174
XM_048221303.1	18165	17985.9	0	0
XM_048221304.1	18132	17952.9	0.061031	0.00145958
XM_048221305.1	17146	16966.9	0	0
XM_048221306.1	16652	16472.9	0	0
XM_048221307.1	846	666.98	2	1.28745
XM_048221308.1	1180	1000.9	0	0
XM_048221309.1	1156	976.905	0	0
XM_048221310.1	5837	5657.9	0	0
XM_048221311.1	3200	3020.9	1.95077e-05	2.77257e-06
XM_048221312.1	5720	5540.9	0	0
XM_048221313.1	603	423.98	0	0
XM_048221314.1	10379	10199.9	0	0
XM_048221315.1	10033	9853.9	0	0
XM_048221316.1	7562	7382.9	12.012	0.698557
XM_048221317.1	9686	9506.9	0	0
XM_048221318.1	9752	9572.9	0	0
XM_048221319.1	9617	9437.9	0	0
XM_048221320.1	9689	9509.9	10.188	0.459966
XM_048221321.1	10146	9966.9	11.2916	0.486416
XM_048221322.1	9120	8940.9	0	0
XM_048221323.1	7876	7696.9	0.00864391	0.000482178
XM_048221324.1	8154	7974.9	17.7732	0.956874
XM_048221325.1	7931	7751.9	0	0
XM_048221326.1	7926	7746.9	0	0
XM_048221327.1	8107	7927.9	29.1858	1.58062
XM_048221328.1	7828	7648.9	30.3537	1.70383
XM_048221329.1	9676	9496.9	0	0
XM_048221330.1	7851	7671.9	0.603334	0.0337651
XM_048221331.1	8387	8207.9	0	0
XM_048221332.1	8356	8176.9	0	0
XM_048221333.1	8252	8072.9	0	0
XM_048221334.1	8229	8049.9	0	0
XM_048221335.1	7951	7771.9	0	0
XM_048221336.1	7986	7806.9	0	0
XM_048221337.1	8047	7867.9	0	0
XM_048221338.1	8029	7849.9	0	0
XM_048221339.1	8024	7844.9	0	0
XM_048221340.1	8849	8669.9	28.599	1.41628
XM_048221341.1	7583	7403.9	0	0
XM_048221342.1	7560	7380.9	0	0
XM_048221343.1	5339	5159.9	0.00139858	0.000116375
XM_048221344.1	1141	961.905	0	0
XM_048221345.1	1051	871.905	0	0
XM_048221346.1	5253	5073.9	0	0
XM_048221347.1	5446	5266.9	0	0
XM_048221348.1	4777	4597.9	0	0
XM_048221349.1	3801	3621.9	0	0
XM_048221350.1	931	751.98	2.60904	1.48966
XM_048221351.1	3657	3477.9	0	0
XM_048221352.1	3923	3743.9	0	0
XM_048221353.1	2393	2213.9	4.55643	0.883647
XM_048221354.1	3974	3794.9	2.01916	0.228446
XM_048221355.1	13767	13587.9	1.99258e-07	6.29618e-09
XM_048221356.1	13596	13416.9	3	0.0960024
XM_048221357.1	3879	3699.9	4.6516e-08	5.39791e-09
XM_048221358.1	9878	9698.9	0	0
XM_048221359.1	9838	9658.9	0	0
XM_048221360.1	9825	9645.9	0	0
XM_048221361.1	9794	9614.9	0	0
XM_048221362.1	9767	9587.9	0	0
XM_048221363.1	9759	9579.9	0	0
XM_048221364.1	3924	3744.9	0	0
XM_048221365.1	9749	9569.9	0	0
XM_048221366.1	30864	30684.9	0	0
XM_048221367.1	7054	6874.9	21.4317	1.33845
XM_048221368.1	29100	28920.9	0	0
XM_048221369.1	3902	3722.9	0	0
XM_048221370.1	30706	30526.9	0	0
XM_048221371.1	30695	30515.9	0	0
XM_048221372.1	30553	30373.9	0	0
XM_048221373.1	26568	26388.9	0	0
XM_048221374.1	26420	26240.9	0	0
XM_048221375.1	1360	1180.9	5.76958	2.0977
XM_048221376.1	10956	10776.9	0	0
XM_048221377.1	4369	4189.9	2	0.204946
XM_048221378.1	5545	5365.9	43.852	3.50881
XM_048221379.1	5827	5647.9	32.1679	2.44539
XM_048221380.1	5383	5203.9	0	0
XM_048221381.1	1009	829.905	10.6114	5.48981
XM_048221382.1	4217	4037.9	0	0
XM_048221383.1	5528	5348.9	0	0
XM_048221384.1	5322	5142.9	0	0
XM_048221385.1	5278	5098.9	0	0
XM_048221386.1	2979	2799.9	7.03216e-08	1.07835e-08
XM_048221387.1	2473	2293.9	7.4714e-08	1.39843e-08
XM_048221388.1	7608	7428.9	0	0
XM_048221389.1	7720	7540.9	44.6194	2.54047
XM_048221390.1	10553	10373.9	3.16888	0.131153
XM_048221391.1	2092	1912.9	1.99888	0.44865
XM_048221392.1	9226	9046.9	0	0
XM_048221393.1	6172	5992.9	0	0
XM_048221394.1	6156	5976.9	0	0
XM_048221395.1	11174	10994.9	0.62649	0.0244645
XM_048221396.1	11158	10978.9	4.19051	0.163878
XM_048221397.1	13860	13680.9	39.5944	1.2426
XM_048221398.1	6820	6640.9	60.5977	3.9178
XM_048221399.1	10763	10583.9	42.0684	1.70657
XM_048221400.1	6068	5888.9	0	0
XM_048221401.1	10407	10227.9	1.07849e-06	4.52733e-08
XM_048221402.1	10284	10104.9	7.76021	0.329727
XM_048221403.1	9832	9652.9	19.1479	0.851681
XM_048221404.1	5411	5231.9	0	0
XM_048221405.1	9202	9022.9	0	0
XM_048221406.1	9121	8941.9	0	0
XM_048221407.1	4032	3852.9	0	0
XM_048221408.1	6042	5862.9	0	0
XM_048221409.1	4273	4093.9	0	0
XM_048221410.1	3722	3542.9	0	0
XM_048221411.1	6049	5869.9	61	4.46182
XM_048221412.1	3075	2895.9	0.00014289	2.11852e-05
XM_048221413.1	3112	2932.9	0	0
XM_048221414.1	3597	3417.9	19.8715	2.49623
XM_048221415.1	14854	14674.9	0	0
XM_048221416.1	5924	5744.9	0	0
XM_048221417.1	3486	3306.9	52.7603	6.85013
XM_048221418.1	2568	2388.9	15.5592	2.79642
XM_048221419.1	2416	2236.9	31.2942	6.00661
XM_048221420.1	2534	2354.9	0	0
XM_048221421.1	1104	924.905	3.52337	1.63559
XM_048221422.1	4985	4805.9	2.47663	0.221258
XM_048221423.1	12809	12629.9	35	1.18982
XM_048221424.1	857	677.98	0	0
XM_048221425.1	2458	2278.9	61.5876	11.6033
XM_048221426.1	6360	6180.9	22.588	1.56906
XM_048221427.1	6168	5988.9	0	0
XM_048221428.1	3350	3170.9	22.412	3.03466
XM_048221429.1	6058	5878.9	0	0
XM_048221430.1	10046	9866.9	2.51627e-07	1.09494e-08
XM_048221431.1	6077	5897.9	0	0
XM_048221432.1	2737	2557.9	0	0
XM_048221433.1	10034	9854.9	4.69576e-08	2.04582e-09
XM_048221434.1	2037	1857.9	1	0.231095
XM_048221435.1	10120	9940.9	92.4619	3.99347
XM_048221436.1	1751	1571.9	0	0
XM_048221437.1	10836	10656.9	40	1.61154
XM_048221438.1	1345	1165.9	0	0
XM_048221439.1	10141	9961.9	0.244032	0.0105176
XM_048221440.1	9824	9644.9	0	0
XM_048221441.1	4094	3914.9	0	0
XM_048221442.1	9849	9669.9	0	0
XM_048221443.1	4026	3846.9	0	0
XM_048221444.1	4085	3905.9	0	0
XM_048221445.1	4005	3825.9	69.8494	7.83867
XM_048221446.1	4064	3884.9	0	0
XM_048221447.1	4141	3961.9	0	0
XM_048221448.1	4019	3839.9	0	0
XM_048221449.1	4082	3902.9	0	0
XM_048221450.1	1179	999.905	10.2941	4.42019
XM_048221451.1	1319	1139.9	0	0
XM_048221452.1	1261	1081.9	0	0
XM_048221453.1	4272	4092.9	0	0
XM_048221454.1	5091	4911.9	51.9016	4.53674
XM_048221455.1	1978	1798.9	9.44858	2.25513
XM_048221456.1	5171	4991.9	0	0
XM_048221457.1	5165	4985.9	0	0
XM_048221458.1	5166	4986.9	0	0
XM_048221459.1	14256	14076.9	26.8634	0.819345
XM_048221460.1	9453	9273.9	54.2896	2.51343
XM_048221461.1	2680	2500.9	0	0
XM_048221462.1	8019	7839.9	181.364	9.93236
XM_048221463.1	6685	6505.9	0	0
XM_048221464.1	6587	6407.9	5.04766	0.338211
XM_048221465.1	6567	6387.9	0	0
XM_048221466.1	4380	4200.9	8.50515	0.869266
XM_048221467.1	4815	4635.9	4.57936	0.424115
XM_048221468.1	645	465.98	0	0
XM_048221469.1	1041	861.905	0	0
XM_048221470.1	1471	1291.9	0	0
XM_048221471.1	3249	3069.9	2	0.279717
XM_048221472.1	5542	5362.9	0.0182767	0.00146323
XM_048221473.1	1520	1340.9	0	0
XM_048221474.1	5705	5525.9	0	0
XM_048221475.1	2429	2249.9	0	0
XM_048221476.1	3444	3264.9	0	0
XM_048221477.1	5512	5332.9	27.6194	2.22364
XM_048221478.1	5656	5476.9	0	0
XM_048221479.1	5685	5505.9	0	0
XM_048221480.1	6248	6068.9	0	0
XM_048221481.1	6216	6036.9	0	0
XM_048221482.1	5525	5345.9	0	0
XM_048221483.1	5886	5706.9	12.5304	0.942708
XM_048221484.1	5395	5215.9	0	0
XM_048221485.1	5407	5227.9	0	0
XM_048221486.1	6478	6298.9	220.263	15.0137
XM_048221487.1	6568	6388.9	146.674	9.8569
XM_048221488.1	6892	6712.9	466.167	29.8157
XM_048221489.1	7249	7069.9	93.325	5.66758
XM_048221490.1	5435	5255.9	0	0
XM_048221491.1	4366	4186.9	0	0
XM_048221492.1	4012	3832.9	70	7.84122
XM_048221493.1	1706	1526.9	0	0
XM_048221494.1	5404	5224.9	0	0
XM_048221495.1	2990	2810.9	0	0
XM_048221496.1	5436	5256.9	31.3623	2.56148
XM_048221497.1	1440	1260.9	0	0
XM_048221498.1	3910	3730.9	0	0
XM_048221499.1	3909	3729.9	0	0
XM_048221500.1	2563	2383.9	0	0
XM_048221501.1	5466	5286.9	0	0
XM_048221502.1	5281	5101.9	0	0
XM_048221503.1	1234	1054.9	1.3962	0.56826
XM_048221504.1	16225	16045.9	14.7716	0.395255
XM_048221505.1	15596	15416.9	4.77377	0.132947
XM_048221506.1	16141	15961.9	0.000168707	4.53797e-06
XM_048221507.1	16229	16049.9	10.67	0.285433
XM_048221508.1	4067	3887.9	5.43003	0.599654
XM_048221509.1	3599	3419.9	0	0
XM_048221510.1	2312	2132.9	0	0
XM_048221511.1	9167	8987.9	0	0
XM_048221512.1	9107	8927.9	0	0
XM_048221513.1	7367	7187.9	0	0
XM_048221514.1	3521	3341.9	4.88107	0.627096
XM_048221515.1	1467	1287.9	0.118932	0.0396486
XM_048221516.1	4044	3864.9	0	0
XM_048221517.1	6133	5953.9	2.28638	0.164877
XM_048221518.1	4787	4607.9	0	0
XM_048221519.1	2628	2448.9	59.2672	10.391
XM_048221520.1	5703	5523.9	4.99934	0.388579
XM_048221521.1	6899	6719.9	1.00083	0.0639455
XM_048221522.1	4370	4190.9	0.000254368	2.60597e-05
XM_048221523.1	10002	9822.9	0	0
XM_048221524.1	10431	10251.9	0	0
XM_048221525.1	3078	2898.9	17.8755	2.64751
XM_048221526.1	3136	2956.9	0	0
XM_048221527.1	3016	2836.9	0	0
XM_048221528.1	10234	10054.9	17.3854	0.742371
XM_048221529.1	10207	10027.9	0	0
XM_048221530.1	10130	9950.9	0	0
XM_048221531.1	2571	2391.9	6	1.07701
XM_048221532.1	3552	3372.9	0	0
XM_048221533.1	2411	2231.9	0	0
XM_048221534.1	3437	3257.9	0	0
XM_048221535.1	2252	2072.9	0	0
XM_048221536.1	10489	10309.9	0	0
XM_048221537.1	2178	1998.9	0	0
XM_048221538.1	893	713.98	1	0.60135
XM_048221539.1	10070	9890.9	18.7962	0.81592
XM_048221540.1	1345	1165.9	0	0
XM_048221541.1	1022	842.905	0	0
XM_048221542.1	5322	5142.9	0	0
XM_048221543.1	5210	5030.9	0	0
XM_048221544.1	2468	2288.9	0	0
XM_048221545.1	1910	1730.9	0	0
XM_048221546.1	2534	2354.9	0	0
XM_048221547.1	2606	2426.9	0	0
XM_048221548.1	1762	1582.9	0	0
XM_048221549.1	2931	2751.9	0	0
XM_048221550.1	2942	2762.9	2	0.310798
XM_048221551.1	2414	2234.9	0	0
XM_048221552.1	1570	1390.9	0	0
XM_048221553.1	2438	2258.9	0	0
XM_048221554.1	5313	5133.9	0	0
XM_048221555.1	3470	3290.9	0	0
XM_048221556.1	3248	3068.9	6.55954	0.917706
XM_048221557.1	1539	1359.9	0	0
XM_048221558.1	5482	5302.9	0	0
XM_048221559.1	5203	5023.9	0	0
XM_048221560.1	7217	7037.9	0	0
XM_048221561.1	7215	7035.9	0	0
XM_048221562.1	7202	7022.9	0	0
XM_048221563.1	1663	1483.9	0	0
XM_048221564.1	2497	2317.9	0	0
XM_048221565.1	1390	1210.9	0	0
XM_048221566.1	1360	1180.9	0	0
XM_048221567.1	1521	1341.9	0	0
XM_048221568.1	5433	5253.9	1.13567	0.0928072
XM_048221569.1	5578	5398.9	0	0
XM_048221570.1	6030	5850.9	28.2415	2.07242
XM_048221571.1	5811	5631.9	0	0
XM_048221572.1	3781	3601.9	0	0
XM_048221573.1	3652	3472.9	0	0
XM_048221574.1	4211	4031.9	0	0
XM_048221575.1	2517	2337.9	0	0
XM_048221576.1	9559	9379.9	76	3.47879
XM_048221577.1	3493	3313.9	0	0
XM_048221578.1	3274	3094.9	0	0
XM_048221579.1	3492	3312.9	0	0
XM_048221580.1	2780	2600.9	0	0
XM_048221581.1	3351	3171.9	0	0
XM_048221582.1	1221	1041.9	0	0
XM_048221583.1	4100	3920.9	0	0
XM_048221584.1	24952	24772.9	0	0
XM_048221585.1	24034	23854.9	0	0
XM_048221586.1	9001	8821.9	0	0
XM_048221587.1	1497	1317.9	3.44603	1.12266
XM_048221588.1	8733	8553.9	0	0
XM_048221589.1	8393	8213.9	0	0
XM_048221590.1	8314	8134.9	0	0
XM_048221591.1	7954	7774.9	0	0
XM_048221592.1	7853	7673.9	0	0
XM_048221593.1	8089	7909.9	0	0
XM_048221594.1	7937	7757.9	0	0
XM_048221595.1	7932	7752.9	0	0
XM_048221596.1	8301	8121.9	78.3624	4.14251
XM_048221597.1	8331	8151.9	0.637581	0.0335807
XM_048221598.1	8298	8118.9	0	0
XM_048221599.1	7926	7746.9	0	0
XM_048221600.1	7657	7477.9	1.08773e-05	6.24534e-07
XM_048221601.1	8002	7822.9	0	0
XM_048221602.1	7654	7474.9	1.83628e-05	1.05475e-06
XM_048221603.1	4112	3932.9	0	0
XM_048221604.1	1904	1724.9	0	0
XM_048221605.1	1835	1655.9	3.24685	0.841862
XM_048221606.1	1727	1547.9	0	0
XM_048221607.1	4998	4818.9	0	0
XM_048221608.1	3656	3476.9	29.3528	3.62469
XM_048221609.1	4815	4635.9	0	0
XM_048221610.1	1729	1549.9	0	0
XM_048221611.1	1655	1475.9	0	0
XM_048221612.1	12259	12079.9	4.92423	0.17502
XM_048221613.1	14690	14510.9	3.95537	0.117032
XM_048221614.1	2596	2416.9	26.356	4.68202
XM_048221615.1	1777	1597.9	0	0
XM_048221616.1	9098	8918.9	0	0
XM_048221617.1	1321	1141.9	213.998	80.4625
XM_048221618.1	4465	4285.9	0	0
XM_048221619.1	2975	2795.9	328	50.3692
XM_048221620.1	726	546.98	0	0
XM_048221621.1	4977	4797.9	262.356	23.4775
XM_048221622.1	4990	4810.9	0	0
XM_048221623.1	5054	4874.9	33.4556	2.94656
XM_048221624.1	2589	2409.9	0	0
XM_048221625.1	2574	2394.9	2	0.358555
XM_048221626.1	1077	897.905	19.5095	9.32888
XM_048221627.1	4422	4242.9	15	1.51789
XM_048221628.1	3629	3449.9	42	5.22704
XM_048221629.1	1121	941.905	0	0
XM_048221630.1	1099	919.905	6.06889	2.83256
XM_048221631.1	1020	840.905	0	0
XM_048221632.1	1136	956.905	0	0
XM_048221633.1	1900	1720.9	0	0
XM_048221634.1	21596	21416.9	11.5805	0.232158
XM_048221635.1	4620	4440.9	0	0
XM_048221636.1	3300	3120.9	0	0
XM_048221637.1	1353	1173.9	31.4762	11.5123
XM_048221638.1	3422	3242.9	0.016462	0.00217952
XM_048221639.1	3486	3306.9	7	0.908845
XM_048221640.1	4515	4335.9	5	0.495112
XM_048221641.1	2736	2556.9	0	0
XM_048221642.1	2732	2552.9	0	0
XM_048221643.1	2621	2441.9	1	0.175827
XM_048221644.1	2649	2469.9	3.45391e-07	6.00404e-08
XM_048221645.1	3681	3501.9	41.7351	5.11694
XM_048221646.1	4427	4247.9	0	0
XM_048221647.1	3503	3323.9	0	0
XM_048221648.1	2361	2181.9	1	0.196779
XM_048221649.1	3495	3315.9	0	0
XM_048221650.1	3657	3477.9	2.328	0.287395
XM_048221651.1	3603	3423.9	0	0
XM_048221652.1	3719	3539.9	0	0
XM_048221653.1	3601	3421.9	0	0
XM_048221654.1	3393	3213.9	17.9587	2.39913
XM_048221655.1	3381	3201.9	0	0
XM_048221656.1	3579	3399.9	0	0
XM_048221657.1	3493	3313.9	0	0
XM_048221658.1	3397	3217.9	0	0
XM_048221659.1	3798	3618.9	0	0
XM_048221660.1	10146	9966.9	0.000122382	5.27196e-06
XM_048221661.1	6324	6144.9	0	0
XM_048221662.1	3465	3285.9	0	0
XM_048221663.1	9247	9067.9	0	0
XM_048221664.1	6095	5915.9	0	0
XM_048221665.1	6779	6599.9	0	0
XM_048221666.1	4870	4690.9	0	0
XM_048221667.1	5487	5307.9	0	0
XM_048221668.1	5965	5785.9	4.80557	0.356605
XM_048221669.1	6668	6488.9	0	0
XM_048221670.1	5011	4831.9	0	0
XM_048221671.1	4761	4581.9	14.1944	1.3301
XM_048221672.1	618	438.98	0	0
XM_048221673.1	4559	4379.9	0	0
XM_048221674.1	945	765.905	0	0
XM_048221675.1	939	759.905	0	0
XM_048221676.1	1461	1281.9	1	0.334933
XM_048221677.1	924	744.98	0	0
XM_048221678.1	942	762.905	0	0
XM_048221679.1	846	666.98	0	0
XM_048221680.1	1368	1188.9	0	0
XM_048221681.1	3328	3148.9	18.7049	2.55041
XM_048221682.1	2441	2261.9	0	0
XM_048221683.1	3053	2873.9	0	0
XM_048221684.1	1944	1764.9	0	0
XM_048221685.1	2202	2022.9	0	0
XM_048221686.1	8340	8160.9	0	0
XM_048221687.1	8303	8123.9	0	0
XM_048221688.1	12004	11824.9	69.2204	2.51333
XM_048221689.1	18410	18230.9	0	0
XM_048221690.1	345	170.118	0	0
XM_048221691.1	1378	1198.9	22.7987	8.16466
XM_048221692.1	4549	4369.9	50.2431	4.93648
XM_048221693.1	4691	4511.9	0	0
XM_048221694.1	7990	7810.9	0.0158481	0.000871141
XM_048221695.1	1274	1094.9	101.591	39.8377
XM_048221696.1	7107	6927.9	7.96006	0.493319
XM_048221697.1	4801	4621.9	0	0
XM_048221698.1	4016	3836.9	37.0572	4.14673
XM_048221699.1	4086	3906.9	3.33414	0.366408
XM_048221700.1	1768	1588.9	155.399	41.9917
XM_048221701.1	3910	3730.9	0	0
XM_048221702.1	909	729.98	0	0
XM_048221703.1	1249	1069.9	0	0
XM_048221704.1	1842	1662.9	0	0
XM_048221705.1	3388	3208.9	24.5789	3.28866
XM_048221706.1	4129	3949.9	0	0
XM_048221707.1	3919	3739.9	7.29978	0.838036
XM_048221708.1	5116	4936.9	0	0
XM_048221709.1	4645	4465.9	0	0
XM_048221710.1	4644	4464.9	0	0
XM_048221711.1	6204	6024.9	0	0
XM_048221712.1	4852	4672.9	0	0
XM_048221713.1	1884	1704.9	0	0
XM_048221714.1	4999	4819.9	0	0
XM_048221715.1	4870	4690.9	5	0.457643
XM_048221716.1	7831	7651.9	0	0
XM_048221717.1	7694	7514.9	0	0
XM_048221718.1	7840	7660.9	0	0
XM_048221719.1	5414	5234.9	30	2.46051
XM_048221720.1	7685	7505.9	0	0
XM_048221721.1	5131	4951.9	0	0
XM_048221722.1	6172	5992.9	0	0
XM_048221723.1	6160	5980.9	0.000194174	1.39392e-05
XM_048221724.1	6226	6046.9	0	0
XM_048221725.1	6154	5974.9	0	0
XM_048221726.1	6185	6005.9	0	0
XM_048221727.1	6118	5938.9	19.258	1.39225
XM_048221728.1	6113	5933.9	0.000478284	3.46066e-05
XM_048221729.1	6212	6032.9	15.2136	1.08273
XM_048221730.1	3272	3092.9	0	0
XM_048221731.1	2156	1976.9	0	0
XM_048221732.1	3658	3478.9	0	0
XM_048221733.1	9078	8898.9	4568.78	220.433
XM_048221734.1	6021	5841.9	1.38201e-07	1.01571e-08
XM_048221735.1	6557	6377.9	13.2618	0.892768
XM_048221736.1	6274	6094.9	0	0
XM_048221737.1	6605	6425.9	0	0
XM_048221738.1	6026	5846.9	0	0
XM_048221739.1	6002	5822.9	0	0
XM_048221740.1	4383	4203.9	7	0.714922
XM_048221741.1	1871	1691.9	0	0
XM_048221742.1	3913	3733.9	0	0
XM_048221743.1	3903	3723.9	21	2.42122
XM_048221744.1	1947	1767.9	0	0
XM_048221745.1	3044	2864.9	0	0
XM_048221746.1	5769	5589.9	81.5453	6.26337
XM_048221747.1	2999	2819.9	0	0
XM_048221748.1	2854	2674.9	7.47435	1.19972
XM_048221749.1	5342	5162.9	0	0
XM_048221750.1	1234	1054.9	0	0
XM_048221751.1	7701	7521.9	0	0
XM_048221752.1	11610	11430.9	0	0
XM_048221753.1	1221	1041.9	2.13143	0.878328
XM_048221754.1	5458	5278.9	0	0
XM_048221755.1	893	713.98	27.697	16.6556
XM_048221756.1	1330	1150.9	0	0
XM_048221757.1	1059	879.905	5.30305	2.58764
XM_048221758.1	4996	4816.9	10.2439	0.913088
XM_048221759.1	2593	2413.9	3.83523	0.682158
XM_048221760.1	3576	3396.9	0	0
XM_048221761.1	7695	7515.9	2.23648	0.127761
XM_048221762.1	11159	10979.9	4.09669	0.160195
XM_048221763.1	7185	7005.9	1.71854	0.105319
XM_048221764.1	6004	5824.9	22.2425	1.63949
XM_048221765.1	5827	5647.9	0	0
XM_048221766.1	6039	5859.9	15.0681	1.10403
XM_048221767.1	5746	5566.9	0	0
XM_048221768.1	5724	5544.9	14.7612	1.14298
XM_048221769.1	5258	5078.9	3.49776	0.295688
XM_048221770.1	5578	5398.9	0	0
XM_048221771.1	4049	3869.9	1130.5	125.425
XM_048221772.1	6260	6080.9	75.4765	5.32914
XM_048221773.1	6331	6151.9	0	0
XM_048221774.1	5725	5545.9	40	3.09671
XM_048221775.1	2795	2615.9	6.68387	1.09703
XM_048221776.1	2755	2575.9	111.097	18.5176
XM_048221777.1	2707	2527.9	13.9203	2.3643
XM_048221778.1	4381	4201.9	3.53383	0.361087
XM_048221779.1	5597	5417.9	0	0
XM_048221780.1	4543	4363.9	0	0
XM_048221781.1	4627	4447.9	5.54217	0.534981
XM_048221782.1	4540	4360.9	6.09443	0.600026
XM_048221783.1	4498	4318.9	0	0
XM_048221784.1	4495	4315.9	0	0
XM_048221785.1	4144	3964.9	11.3634	1.23052
XM_048221786.1	3009	2829.9	12.7473	1.93402
XM_048221787.1	4074	3894.9	0	0
XM_048221788.1	1601	1421.9	173.425	52.3667
XM_048221789.1	7334	7154.9	67.0257	4.02208
XM_048221790.1	3360	3180.9	0	0
XM_048221791.1	2618	2438.9	0	0
XM_048221792.1	5355	5175.9	8	0.663616
XM_048221793.1	1078	898.905	0	0
XM_048221794.1	7235	7055.9	0	0
XM_048221795.1	2521	2341.9	1	0.183335
XM_048221796.1	7175	6995.9	0	0
XM_048221797.1	7142	6962.9	6.44467e-07	3.97396e-08
XM_048221798.1	6067	5887.9	5.38705e-07	3.92829e-08
XM_048221799.1	7082	6902.9	2.16839e-06	1.34871e-07
XM_048221800.1	6064	5884.9	0	0
XM_048221801.1	6037	5857.9	0	0
XM_048221802.1	5502	5322.9	47.0638	3.79622
XM_048221803.1	10710	10530.9	25.9828	1.05934
XM_048221804.1	8842	8662.9	0	0
XM_048221805.1	8756	8576.9	0	0
XM_048221806.1	5263	5083.9	3	0.25336
XM_048221807.1	3208	3028.9	0	0
XM_048221808.1	1840	1660.9	3	0.775515
XM_048221809.1	22879	22699.9	5.31843e-05	1.00594e-06
XM_048221810.1	22870	22690.9	0.00179461	3.39571e-05
XM_048221811.1	23233	23053.9	2.85379	0.0531485
XM_048221812.1	24220	24040.9	14.339	0.256083
XM_048221813.1	22975	22795.9	204.705	3.85554
XM_048221814.1	16880	16700.9	4.63903e-07	1.19262e-08
XM_048221815.1	16784	16604.9	4.58231e-06	1.18485e-07
XM_048221816.1	22778	22598.9	0.000388666	7.38418e-06
XM_048221817.1	22787	22607.9	43.4102	0.824412
XM_048221818.1	16595	16415.9	5.66681	0.148213
XM_048221819.1	11698	11518.9	185.709	6.92206
XM_048221820.1	3199	3019.9	31.8045	4.52177
XM_048221821.1	5442	5262.9	1.60328	0.130797
XM_048221822.1	2480	2300.9	32.305	6.02815
XM_048221823.1	6145	5965.9	0	0
XM_048221824.1	6135	5955.9	0	0
XM_048221825.1	6131	5951.9	0	0
XM_048221826.1	6115	5935.9	0	0
XM_048221827.1	6101	5921.9	0	0
XM_048221828.1	6328	6148.9	0	0
XM_048221829.1	6036	5856.9	0	0
XM_048221830.1	5968	5788.9	6.97979e-07	5.17678e-08
XM_048221831.1	6023	5843.9	0	0
XM_048221832.1	6018	5838.9	0	0
XM_048221833.1	5953	5773.9	199.576	14.8406
XM_048221834.1	5998	5818.9	0	0
XM_048221835.1	5989	5809.9	0	0
XM_048221836.1	5985	5805.9	0	0
XM_048221837.1	5986	5806.9	0	0
XM_048221838.1	6216	6036.9	0	0
XM_048221839.1	5914	5734.9	31.3171	2.3446
XM_048221840.1	6203	6023.9	0	0
XM_048221841.1	5967	5787.9	0	0
XM_048221842.1	5965	5785.9	1.66631e-06	1.23651e-07
XM_048221843.1	5927	5747.9	1.82887e-06	1.36611e-07
XM_048221844.1	5920	5740.9	4.36647e-07	3.2656e-08
XM_048221845.1	5903	5723.9	232.277	17.4232
XM_048221846.1	5757	5577.9	263.883	20.3121
XM_048221847.1	5883	5703.9	0	0
XM_048221848.1	5873	5693.9	65.1897	4.91567
XM_048221849.1	5869	5689.9	14.4536	1.09064
XM_048221850.1	5850	5670.9	26.3315	1.9936
XM_048221851.1	3559	3379.9	5.19569	0.660012
XM_048221852.1	6335	6155.9	0	0
XM_048221853.1	2062	1882.9	0	0
XM_048221854.1	1145	965.905	3.51357	1.56181
XM_048221855.1	982	802.905	0	0
XM_048221856.1	1786	1606.9	0	0
XM_048221857.1	2847	2667.9	0	0
XM_048221858.1	1778	1598.9	0	0
XM_048221859.1	1739	1559.9	0	0
XM_048221860.1	1687	1507.9	1	0.284734
XM_048221861.1	5422	5242.9	0	0
XM_048221862.1	3643	3463.9	18.6199	2.30795
XM_048221863.1	2866	2686.9	0	0
XM_048221864.1	6293	6113.9	18.5486	1.30258
XM_048221865.1	3690	3510.9	16.4215	2.0082
XM_048221866.1	393	215.567	0	0
XM_048221867.1	393	215.567	0	0
XM_048221868.1	5832	5652.9	0	0
XM_048221869.1	7240	7060.9	0	0
XM_048221870.1	5788	5608.9	0	0
XM_048221871.1	6535	6355.9	4.80349	0.324484
XM_048221872.1	5676	5496.9	0	0
XM_048221873.1	6874	6694.9	4.75077	0.304673
XM_048221874.1	5901	5721.9	0	0
XM_048221875.1	1216	1036.9	4.7348	1.96054
XM_048221876.1	2785	2605.9	0	0
XM_048221877.1	1358	1178.9	0	0
XM_048221878.1	1248	1068.9	0	0
XM_048221879.1	5532	5352.9	3.18241	0.255258
XM_048221880.1	7016	6836.9	1.13971e-07	7.15727e-09
XM_048221881.1	5528	5348.9	8.44161	0.677601
XM_048221882.1	6407	6227.9	0	0
XM_048221883.1	5227	5047.9	0	0
XM_048221884.1	5167	4987.9	105.937	9.11888
XM_048221885.1	5127	4947.9	137.566	11.9372
XM_048221886.1	5118	4938.9	40.7786	3.54499
XM_048221887.1	5258	5078.9	10.6636	0.901459
XM_048221888.1	7533	7353.9	0	0
XM_048221889.1	6129	5949.9	30.3708	2.19159
XM_048221890.1	5769	5589.9	0	0
XM_048221891.1	5536	5356.9	0	0
XM_048221892.1	5706	5526.9	0	0
XM_048221893.1	5485	5305.9	0	0
XM_048221894.1	5670	5490.9	0	0
XM_048221895.1	5631	5451.9	0	0
XM_048221896.1	5422	5242.9	0	0
XM_048221897.1	5170	4990.9	0	0
XM_048221898.1	5493	5313.9	0	0
XM_048221899.1	5334	5154.9	0	0
XM_048221900.1	5478	5298.9	0	0
XM_048221901.1	5134	4954.9	0	0
XM_048221902.1	5319	5139.9	0	0
XM_048221903.1	5442	5262.9	0	0
XM_048221904.1	5086	4906.9	0	0
XM_048221905.1	5088	4908.9	0	0
XM_048221906.1	5256	5076.9	0	0
XM_048221907.1	5035	4855.9	0	0
XM_048221908.1	4900	4720.9	0	0
XM_048221909.1	5023	4843.9	4.77569e-06	4.23306e-07
XM_048221910.1	5025	4845.9	0	0
XM_048221911.1	4972	4792.9	0	0
XM_048221912.1	5205	5025.9	0	0
XM_048221913.1	5106	4926.9	0	0
XM_048221914.1	5091	4911.9	0	0
XM_048221915.1	5055	4875.9	0	0
XM_048221916.1	5043	4863.9	24.7147	2.18164
XM_048221917.1	5028	4848.9	0	0
XM_048221918.1	2271	2091.9	0	0
XM_048221919.1	5660	5480.9	0	0
XM_048221920.1	5601	5421.9	0	0
XM_048221921.1	5574	5394.9	1.83203e-06	1.45801e-07
XM_048221922.1	8620	8440.9	0	0
XM_048221923.1	8777	8597.9	1.37015e-05	6.84208e-07
XM_048221924.1	10524	10344.9	2.7826	0.115488
XM_048221925.1	7290	7110.9	0	0
XM_048221926.1	7336	7156.9	7.46907	0.448079
XM_048221927.1	7285	7105.9	15.6655	0.946537
XM_048221928.1	2622	2442.9	0	0
XM_048221929.1	5336	5156.9	21.9999	1.83166
XM_048221930.1	4945	4765.9	10.1081	0.910618
XM_048221931.1	6593	6413.9	3.89193	0.260529
XM_048221932.1	1271	1091.9	0	0
XM_048221933.1	7015	6835.9	0	0
XM_048221934.1	1625	1445.9	0	0
XM_048221935.1	1410	1230.9	0	0
XM_048221936.1	1444	1264.9	6.47017	2.1962
XM_048221937.1	4490	4310.9	8	0.796774
XM_048221938.1	1992	1812.9	0	0
XM_048221939.1	11680	11500.9	0	0
XM_048221940.1	6829	6649.9	19.7841	1.27736
XM_048221941.1	6959	6779.9	0	0
XM_048221942.1	6800	6620.9	0	0
XM_048221943.1	6800	6620.9	0	0
XM_048221944.1	6924	6744.9	0	0
XM_048221945.1	6924	6744.9	0	0
XM_048221946.1	6797	6617.9	0	0
XM_048221947.1	6921	6741.9	0	0
XM_048221948.1	6552	6372.9	0	0
XM_048221949.1	6494	6314.9	12.2786	0.834825
XM_048221950.1	6491	6311.9	0	0
XM_048221951.1	6623	6443.9	0	0
XM_048221952.1	6474	6294.9	0	0
XM_048221953.1	6456	6276.9	0	0
XM_048221954.1	6265	6085.9	0	0
XM_048221955.1	4937	4757.9	0	0
XM_048221956.1	5061	4881.9	0	0
XM_048221957.1	1424	1244.9	0	0
XM_048221958.1	2530	2350.9	0	0
XM_048221959.1	13544	13364.9	0	0
XM_048221960.1	13071	12891.9	0.018525	0.000616955
XM_048221961.1	5470	5290.9	0	0
XM_048221962.1	5280	5100.9	0	0
XM_048221963.1	2174	1994.9	3.9387e-08	8.47704e-09
XM_048221964.1	972	792.905	0	0
XM_048221965.1	1091	911.905	3.42895	1.61445
XM_048221966.1	559	380.018	0.571054	0.645188
XM_048221967.1	1832	1652.9	0	0
XM_048221968.1	2982	2802.9	4.49995	0.689307
XM_048221969.1	3118	2938.9	6.98585	1.02058
XM_048221970.1	3201	3021.9	21	2.98368
XM_048221971.1	2997	2817.9	0	0
XM_048221972.1	4285	4105.9	33.7548	3.52972
XM_048221973.1	4701	4521.9	13.2452	1.25763
XM_048221974.1	4209	4029.9	0	0
XM_048221975.1	4028	3848.9	19	2.11948
XM_048221976.1	3462	3282.9	3.06839	0.401297
XM_048221977.1	2413	2233.9	0	0
XM_048221978.1	2835	2655.9	0	0
XM_048221979.1	3791	3611.9	48	5.70582
XM_048221980.1	2841	2661.9	0	0
XM_048221981.1	3997	3817.9	21.6397	2.43354
XM_048221982.1	4009	3829.9	0.360319	0.0403936
XM_048221983.1	1002	822.905	71.6158	37.3657
XM_048221984.1	15910	15730.9	0	0
XM_048221985.1	3030	2850.9	8.65627e-06	1.30365e-06
XM_048221986.1	4618	4438.9	97.7482	9.45467
XM_048221987.1	2297	2117.9	0	0
XM_048221988.1	4028	3848.9	10	1.11552
XM_048221989.1	745	565.98	4	3.03439
XM_048221990.1	4963	4783.9	0	0
XM_048221991.1	3162	2982.9	0.851801	0.122606
XM_048221992.1	2654	2474.9	0	0
XM_048221993.1	2341	2161.9	0.000415751	8.25677e-05
XM_048221994.1	4344	4164.9	5	0.51544
XM_048221995.1	2528	2348.9	0.0975977	0.0178397
XM_048221996.1	546	367.056	0	0
XM_048221997.1	4999	4819.9	29.2549	2.60599
XM_048221998.1	10585	10405.9	86.1172	3.55323
XM_048221999.1	10620	10440.9	2.00721e-07	8.25407e-09
XM_048222000.1	838	658.98	0	0
XM_048222001.1	5778	5598.9	15.1648	1.16291
XM_048222002.1	5802	5622.9	28.6004	2.18386
XM_048222003.1	7314	7134.9	11.2349	0.676072
XM_048222004.1	6036	5856.9	0	0
XM_048222005.1	6013	5833.9	0	0
XM_048222006.1	6092	5912.9	0	0
XM_048222007.1	7783	7603.9	0	0
XM_048222008.1	5327	5147.9	0	0
XM_048222009.1	7392	7212.9	0	0
XM_048222010.1	4263	4083.9	90.2261	9.48572
XM_048222011.1	10215	10035.9	1.90175	0.0813599
XM_048222012.1	4160	3980.9	0	0
XM_048222013.1	2563	2383.9	0	0
XM_048222014.1	2571	2391.9	0	0
XM_048222015.1	2554	2374.9	0	0
XM_048222016.1	2482	2302.9	0	0
XM_048222017.1	2604	2424.9	0	0
XM_048222018.1	10412	10232.9	0	0
XM_048222019.1	10633	10453.9	1.06225e-07	4.36278e-09
XM_048222020.1	9153	8973.9	3.43386e-08	1.64291e-09
XM_048222021.1	10594	10414.9	20.29	0.83645
XM_048222022.1	9114	8934.9	149.147	7.16699
XM_048222023.1	17416	17236.9	9.77001	0.24336
XM_048222024.1	8539	8359.9	0	0
XM_048222025.1	6361	6181.9	84.8312	5.89179
XM_048222026.1	5504	5324.9	0	0
XM_048222027.1	5513	5333.9	0	0
XM_048222028.1	5423	5243.9	99.6333	8.15761
XM_048222029.1	5433	5253.9	0	0
XM_048222030.1	5273	5093.9	0	0
XM_048222031.1	5287	5107.9	0	0
XM_048222032.1	5268	5088.9	0	0
XM_048222033.1	5268	5088.9	0	0
XM_048222034.1	5281	5101.9	0	0
XM_048222035.1	5199	5019.9	0	0
XM_048222036.1	5196	5016.9	0	0
XM_048222037.1	5163	4983.9	34.3415	2.95844
XM_048222038.1	5158	4978.9	0	0
XM_048222039.1	5036	4856.9	0	0
XM_048222040.1	5324	5144.9	143.795	11.9999
XM_048222041.1	13610	13430.9	0	0
XM_048222042.1	1637	1457.9	0	0
XM_048222043.1	1550	1370.9	0	0
XM_048222044.1	1538	1358.9	0	0
XM_048222045.1	1544	1364.9	0	0
XM_048222046.1	5033	4853.9	1.9968	0.176627
XM_048222047.1	2782	2602.9	2.50252	0.412794
XM_048222048.1	4001	3821.9	7	0.786378
XM_048222049.1	5906	5726.9	1	0.074971
XM_048222050.1	3277	3097.9	0	0
XM_048222051.1	1710	1530.9	3	0.841369
XM_048222052.1	4786	4606.9	0	0
XM_048222053.1	1008	828.905	0	0
XM_048222054.1	3819	3639.9	1.44791e-08	1.70792e-09
XM_048222055.1	348	172.769	0	0
XM_048222056.1	3776	3596.9	0	0
XM_048222057.1	4809	4629.9	0	0
XM_048222058.1	3141	2961.9	0	0
XM_048222059.1	765	585.98	0	0
XM_048222060.1	2127	1947.9	0	0
XM_048222061.1	825	645.98	0	0
XM_048222062.1	5561	5381.9	0	0
XM_048222063.1	378	200.901	0	0
XM_048222064.1	1975	1795.9	0	0
XM_048222065.1	1649	1469.9	1	0.292095
XM_048222066.1	2257	2077.9	7	1.44639
XM_048222067.1	1820	1640.9	0	0
XM_048222068.1	9306	9126.9	2.30439	0.108404
XM_048222069.1	2110	1930.9	0	0
XM_048222070.1	2017	1837.9	0	0
XM_048222071.1	2177	1997.9	0	0
XM_048222072.1	2077	1897.9	0	0
XM_048222073.1	2037	1857.9	0	0
XM_048222074.1	2077	1897.9	0	0
XM_048222075.1	2037	1857.9	0	0
XM_048222076.1	5135	4955.9	47.4036	4.10679
XM_048222077.1	939	759.905	0	0
XM_048222078.1	6909	6729.9	2.07723	0.132523
XM_048222079.1	4730	4550.9	133.847	12.6277
XM_048222080.1	11969	11789.9	0	0
XM_048222081.1	6787	6607.9	0	0
XM_048222082.1	11763	11583.9	28.6801	1.06301
XM_048222083.1	15155	14975.9	4.39235	0.125927
XM_048222084.1	943	763.905	1	0.562049
XM_048222085.1	3843	3663.9	0	0
XM_048222086.1	2859	2679.9	1	0.160212
XM_048222087.1	2304	2124.9	0	0
XM_048222088.1	10302	10122.9	22.76	0.965341
XM_048222089.1	10093	9913.9	35.24	1.52618
XM_048222090.1	2545	2365.9	0	0
XM_048222091.1	9238	9058.9	24	1.13749
XM_048222092.1	5178	4998.9	0.00123912	0.000106427
XM_048222093.1	5326	5146.9	0	0
XM_048222094.1	1128	948.905	0	0
XM_048222095.1	225	74.0685	0	0
XM_048222096.1	354	178.271	0	0
XM_048222097.1	483	304.217	0	0
XM_048222098.1	726	546.98	0	0
XM_048222099.1	756	576.98	0	0
XM_048222100.1	453	274.419	0	0
XM_048222101.1	237	81.834	0	0
XM_048222102.1	462	283.362	0	0
XM_048222103.1	522	343.091	0	0
XM_048222104.1	1446	1266.9	0	0
XM_048222105.1	5203	5023.9	16	1.36739
XM_048222106.1	4049	3869.9	7	0.776625
XM_048222107.1	312	140.373	0	0
XM_048222108.1	1241	1061.9	0	0
XM_048222109.1	1347	1167.9	0	0
XM_048222110.1	2448	2268.9	0	0
XM_048222111.1	28858	28678.9	21.3793	0.32007
XM_048222112.1	5078	4898.9	5.50748	0.482689
XM_048222113.1	18363	18183.9	0	0
XM_048222114.1	4028	3848.9	0	0
XM_048222115.1	4869	4689.9	0	0
XM_048222116.1	3513	3333.9	0	0
XM_048222117.1	2575	2395.9	6.75425	1.21038
XM_048222118.1	4053	3873.9	5.24209	0.58099
XM_048222119.1	2749	2569.9	0	0
XM_048222120.1	5416	5236.9	2.68087e-06	2.19793e-07
XM_048222121.1	5940	5760.9	0	0
XM_048222122.1	5359	5179.9	4.27377	0.354244
XM_048222123.1	3105	2925.9	0	0
XM_048222124.1	3072	2892.9	11.4969	1.70631
XM_048222125.1	3087	2907.9	0.0134739	0.00198943
XM_048222126.1	2674	2494.9	0.000646094	0.000111187
XM_048222127.1	2757	2577.9	0	0
XM_048222128.1	2656	2476.9	8.20507	1.42228
XM_048222129.1	9233	9053.9	0	0
XM_048222130.1	8923	8743.9	0	0
XM_048222131.1	8997	8817.9	32.7651	1.59536
XM_048222132.1	1552	1372.9	6.50889	2.03554
XM_048222133.1	2702	2522.9	0	0
XM_048222134.1	2652	2472.9	0	0
XM_048222135.1	2543	2363.9	23.448	4.25882
XM_048222136.1	2745	2565.9	0	0
XM_048222137.1	2530	2350.9	0	0
XM_048222138.1	1029	849.905	69	34.8572
XM_048222139.1	3274	3094.9	341	47.3065
XM_048222140.1	2952	2772.9	3.99262	0.618211
XM_048222141.1	2214	2034.9	0	0
XM_048222142.1	3839	3659.9	0	0
XM_048222143.1	2341	2161.9	0	0
XM_048222144.1	2629	2449.9	0	0
XM_048222145.1	1965	1785.9	0	0
XM_048222146.1	7178	6998.9	0	0
XM_048222147.1	4462	4282.9	0	0
XM_048222148.1	4429	4249.9	0	0
XM_048222149.1	13287	13107.9	0.425744	0.0139453
XM_048222150.1	10528	10348.9	0	0
XM_048222151.1	10209	10029.9	8.33252e-05	3.56692e-06
XM_048222152.1	10595	10415.9	0	0
XM_048222153.1	2454	2274.9	0	0
XM_048222154.1	2382	2202.9	1	0.194903
XM_048222155.1	1887	1707.9	0	0
XM_048222156.1	9476	9296.9	0	0
XM_048222157.1	7552	7372.9	0.999985	0.0582329
XM_048222158.1	1810	1630.9	138.798	36.5399
XM_048222159.1	9506	9326.9	15.05	0.692808
XM_048222160.1	2969	2789.9	0	0
XM_048222161.1	4902	4722.9	0	0
XM_048222162.1	5121	4941.9	0	0
XM_048222163.1	376	198.962	0	0
XM_048222164.1	4304	4124.9	55.1729	5.74283
XM_048222165.1	11118	10938.9	0	0
XM_048222166.1	2787	2607.9	48	7.90247
XM_048222167.1	2354	2174.9	0	0
XM_048222168.1	2349	2169.9	0	0
XM_048222169.1	8246	8066.9	25.4203	1.35297
XM_048222170.1	8137	7957.9	0	0
XM_048222171.1	8059	7879.9	0.00311114	0.000169516
XM_048222172.1	6051	5871.9	0.00076393	5.58583e-05
XM_048222173.1	2056	1876.9	11.991	2.74301
XM_048222174.1	11854	11674.9	38.1762	1.40395
XM_048222175.1	6673	6493.9	0	0
XM_048222176.1	12303	12123.9	248.61	8.80421
XM_048222177.1	2169	1989.9	0	0
XM_048222178.1	2358	2178.9	1.34992	0.266
XM_048222179.1	2184	2004.9	0	0
XM_048222180.1	2104	1924.9	0	0
XM_048222181.1	2202	2022.9	0	0
XM_048222182.1	2563	2383.9	0	0
XM_048222183.1	1562	1382.9	1	0.310471
XM_048222184.1	2644	2464.9	0	0
XM_048222185.1	3387	3207.9	2	0.267684
XM_048222186.1	379	201.901	0	0
XM_048222187.1	7336	7156.9	412.354	24.7377
XM_048222188.1	5445	5265.9	1.65977	0.135328
XM_048222189.1	3367	3187.9	0	0
XM_048222190.1	1227	1047.9	0	0
XM_048222191.1	760	580.98	5	3.69506
XM_048222192.1	2774	2594.9	46.9049	7.76086
XM_048222193.1	9084	8904.9	8.03721	0.387516
XM_048222194.1	7293	7113.9	0.00122142	7.37177e-05
XM_048222195.1	3056	2876.9	1	0.149241
XM_048222196.1	8730	8550.9	32	1.60676
XM_048222197.1	5235	5055.9	0	0
XM_048222198.1	5193	5013.9	0	0
XM_048222199.1	5471	5291.9	0	0
XM_048222200.1	5162	4982.9	0	0
XM_048222201.1	5328	5148.9	0	0
XM_048222202.1	5064	4884.9	0	0
XM_048222203.1	5332	5152.9	0	0
XM_048222204.1	5270	5090.9	0	0
XM_048222205.1	5118	4938.9	0	0
XM_048222206.1	5409	5229.9	0	0
XM_048222207.1	4989	4809.9	1.21724	0.108656
XM_048222208.1	5337	5157.9	0	0
XM_048222209.1	4655	4475.9	0	0
XM_048222210.1	4951	4771.9	0	0
XM_048222211.1	4904	4724.9	0	0
XM_048222212.1	4475	4295.9	0	0
XM_048222213.1	4982	4802.9	8.14316	0.727952
XM_048222214.1	3579	3399.9	63.1389	7.9734
XM_048222215.1	3794	3614.9	0	0
XM_048222216.1	3584	3404.9	0	0
XM_048222217.1	10740	10560.9	20.2959	0.825127
XM_048222218.1	10886	10706.9	0	0
XM_048222219.1	10836	10656.9	0	0
XM_048222220.1	11451	11271.9	0	0
XM_048222221.1	10682	10502.9	30.7155	1.25563
XM_048222222.1	11305	11125.9	0	0
XM_048222223.1	10595	10415.9	0.229539	0.00946178
XM_048222224.1	11210	11030.9	10.3723	0.403718
XM_048222225.1	10320	10140.9	29.704	1.25763
XM_048222226.1	10116	9936.9	0	0
XM_048222227.1	10096	9916.9	0	0
XM_048222228.1	2495	2315.9	0	0
XM_048222229.1	1862	1682.9	0	0
XM_048222230.1	5361	5181.9	0	0
XM_048222231.1	4928	4748.9	13	1.17534
XM_048222232.1	4779	4599.9	0	0
XM_048222233.1	5191	5011.9	0	0
XM_048222234.1	5166	4986.9	0	0
XM_048222235.1	4614	4434.9	0	0
XM_048222236.1	4583	4403.9	0	0
XM_048222237.1	4781	4601.9	0	0
XM_048222238.1	3728	3548.9	3.63302	0.439529
XM_048222239.1	2328	2148.9	0	0
XM_048222240.1	2265	2085.9	0	0
XM_048222241.1	4254	4074.9	2.66108e-07	2.80384e-08
XM_048222242.1	4207	4027.9	1	0.106594
XM_048222243.1	3483	3303.9	0	0
XM_048222244.1	3458	3278.9	0	0
XM_048222245.1	3358	3178.9	0	0
XM_048222246.1	3345	3165.9	0	0
XM_048222247.1	3316	3136.9	0	0
XM_048222248.1	3303	3123.9	0	0
XM_048222249.1	3178	2998.9	0	0
XM_048222250.1	1522	1342.9	5	1.59859
XM_048222251.1	393	215.567	0	0
XM_048222252.1	402	224.304	0	0
XM_048222253.1	294	125.184	0	0
XM_048222254.1	3095	2915.9	189	27.8293
XM_048222255.1	8511	8331.9	101	5.20464
XM_048222256.1	11153	10973.9	9.00667	0.352384
XM_048222257.1	1121	941.905	0	0
XM_048222258.1	3771	3591.9	2.64778	0.316498
XM_048222259.1	8130	7950.9	0	0
XM_048222260.1	4055	3875.9	1.85887	0.205915
XM_048222261.1	1711	1531.9	0	0
XM_048222262.1	8240	8060.9	0	0
XM_048222263.1	2661	2481.9	58	10.0336
XM_048222264.1	6532	6352.9	7.11397	0.480788
XM_048222265.1	6913	6733.9	0	0
XM_048222266.1	4963	4783.9	0	0
XM_048222267.1	4900	4720.9	0	0
XM_048222268.1	4482	4302.9	0	0
XM_048222269.1	3804	3624.9	31.6422	3.74786
XM_048222270.1	2517	2337.9	18.309	3.36242
XM_048222271.1	2310	2130.9	51.4626	10.3691
XM_048222272.1	1815	1635.9	5.69096	1.49362
XM_048222273.1	2286	2106.9	0	0
XM_048222274.1	8884	8704.9	0	0
XM_048222275.1	8833	8653.9	0	0
XM_048222276.1	11245	11065.9	0	0
XM_048222277.1	8763	8583.9	0	0
XM_048222278.1	11288	11108.9	0	0
XM_048222279.1	8857	8677.9	0	0
XM_048222280.1	8809	8629.9	0	0
XM_048222281.1	2240	2060.9	0	0
XM_048222282.1	1665	1485.9	13.9366	4.02697
XM_048222283.1	1662	1482.9	0	0
XM_048222284.1	6263	6083.9	22.6167	1.5961
XM_048222285.1	6200	6020.9	0	0
XM_048222286.1	1899	1719.9	0	0
XM_048222287.1	4517	4337.9	3.82637	0.378722
XM_048222288.1	3615	3435.9	0	0
XM_048222289.1	7944	7764.9	2	0.110588
XM_048222290.1	10326	10146.9	17.6621	0.747349
XM_048222291.1	2702	2522.9	0	0
XM_048222292.1	3338	3158.9	0	0
XM_048222293.1	3644	3464.9	27	3.34569
XM_048222294.1	1533	1353.9	1.89454	0.6008
XM_048222295.1	1953	1773.9	0	0
XM_048222296.1	2232	2052.9	0	0
XM_048222297.1	2101	1921.9	0	0
XM_048222298.1	1726	1546.9	0	0
XM_048222299.1	1462	1282.9	3.33406	1.11582
XM_048222300.1	4108	3928.9	0	0
XM_048222301.1	4027	3847.9	25	2.78952
XM_048222302.1	3853	3673.9	0	0
XM_048222303.1	3301	3121.9	0	0
XM_048222304.1	987	807.905	0	0
XM_048222305.1	3409	3229.9	0	0
XM_048222306.1	660	480.98	9.86219	8.80358
XM_048222307.1	1027	847.905	0	0
XM_048222308.1	3052	2872.9	0	0
XM_048222309.1	6188	6008.9	17.7469	1.26806
XM_048222310.1	6220	6040.9	0.0173348	0.00123206
XM_048222311.1	2141	1961.9	1	0.218844
XM_048222312.1	8830	8650.9	0	0
XM_048222313.1	5943	5763.9	0	0
XM_048222314.1	4103	3923.9	0	0
XM_048222315.1	5850	5670.9	4.71005	0.356605
XM_048222316.1	6732	6552.9	8.22841	0.539132
XM_048222317.1	3719	3539.9	266.772	32.3565
XM_048222318.1	795	615.98	0	0
XM_048222319.1	1720	1540.9	0	0
XM_048222320.1	2778	2598.9	14	2.31287
XM_048222321.1	7259	7079.9	0	0
XM_048222322.1	2221	2041.9	0	0
XM_048222323.1	5519	5339.9	0	0
XM_048222324.1	1729	1549.9	14.2238	3.94025
XM_048222325.1	12113	11933.9	0	0
XM_048222326.1	4856	4676.9	3.77147	0.346231
XM_048222327.1	8146	7966.9	16	0.862271
XM_048222328.1	1719	1539.9	0	0
XM_048222329.1	1614	1434.9	1	0.29922
XM_048222330.1	8421	8241.9	0	0
XM_048222331.1	4932	4752.9	0	0
XM_048222332.1	4931	4751.9	0	0
XM_048222333.1	12309	12129.9	0.0334172	0.00118284
XM_048222334.1	3711	3531.9	2.93505	0.356796
XM_048222335.1	8444	8264.9	0	0
XM_048222336.1	5046	4866.9	0	0
XM_048222337.1	4995	4815.9	6.42408	0.572725
XM_048222338.1	8305	8125.9	0	0
XM_048222339.1	3546	3366.9	0	0
XM_048222340.1	5032	4852.9	0	0
XM_048222341.1	3860	3680.9	41.7025	4.8643
XM_048222342.1	5029	4849.9	8.29753	0.734563
XM_048222343.1	10364	10184.9	11	0.463713
XM_048222344.1	10916	10736.9	0	0
XM_048222345.1	7307	7127.9	8	0.481883
XM_048222346.1	8343	8163.9	0.0308454	0.00162221
XM_048222347.1	4627	4447.9	0	0
XM_048222348.1	3568	3388.9	0	0
XM_048222349.1	4625	4445.9	0	0
XM_048222350.1	3424	3244.9	0.0147886	0.00195677
XM_048222351.1	3408	3228.9	9.36261	1.24496
XM_048222352.1	3999	3819.9	0	0
XM_048222353.1	2566	2386.9	0	0
XM_048222354.1	8328	8148.9	2.52618e-07	1.331e-08
XM_048222355.1	7256	7076.9	1.07432	0.0651785
XM_048222356.1	2632	2452.9	2.8625	0.501046
XM_048222357.1	2597	2417.9	0	0
XM_048222358.1	8894	8714.9	0	0
XM_048222359.1	2729	2549.9	7.77642	1.30939
XM_048222360.1	8023	7843.9	101	5.52844
XM_048222361.1	13989	13809.9	0	0
XM_048222362.1	11097	10917.9	0	0
XM_048222363.1	5524	5344.9	3	0.240988
XM_048222364.1	924	744.98	0	0
XM_048222365.1	8144	7964.9	0	0
XM_048222366.1	1958	1778.9	0	0
XM_048222367.1	6360	6180.9	306.662	21.302
XM_048222368.1	366	189.55	0	0
XM_048222369.1	2484	2304.9	0	0
XM_048222370.1	8779	8599.9	0	0
XM_048222371.1	3067	2887.9	0	0
XM_048222372.1	1614	1434.9	10775	3224.09
XM_048222373.1	6409	6229.9	0	0
XM_048222374.1	2382	2202.9	0	0
XM_048222375.1	2779	2599.9	0	0
XM_048222376.1	839	659.98	0	0
XM_048222377.1	749	569.98	0	0
XM_048222378.1	828	648.98	0	0
XM_048222379.1	6782	6602.9	0	0
XM_048222380.1	663	483.98	1.85653	1.64698
XM_048222381.1	850	670.98	1.05064	0.672294
XM_048222382.1	15470	15290.9	0	0
XM_048222383.1	8833	8653.9	0	0
XM_048222384.1	1103	923.905	144.88	67.3281
XM_048222385.1	1332	1152.9	0	0
XM_048222386.1	1154	974.905	0	0
XM_048222387.1	9826	9646.9	0	0
XM_048222388.1	831	651.98	0	0
XM_048222389.1	2556	2376.9	0	0
XM_048222390.1	2399	2219.9	0	0
XM_048222391.1	3889	3709.9	0	0
XM_048222392.1	3763	3583.9	1	0.1198
XM_048222393.1	4770	4590.9	0	0
XM_048222394.1	15356	15176.9	0	0
XM_048222395.1	2383	2203.9	3	0.584443
XM_048222396.1	15310	15130.9	0.0231684	0.000657423
XM_048222397.1	9020	8840.9	0	0
XM_048222398.1	15410	15230.9	0.00565519	0.000159417
XM_048222399.1	15323	15143.9	0	0
XM_048222400.1	15320	15140.9	0.00201337	5.70933e-05
XM_048222401.1	15317	15137.9	0	0
XM_048222402.1	5100	4920.9	7.32789	0.639363
XM_048222403.1	5180	5000.9	9.59406	0.823697
XM_048222404.1	5078	4898.9	0	0
XM_048222405.1	5177	4997.9	11.7613	1.01037
XM_048222406.1	5099	4919.9	5.31674	0.463983
XM_048222407.1	5088	4908.9	0	0
XM_048222408.1	5079	4899.9	0	0
XM_048222409.1	15271	15091.9	0.00165995	4.72241e-05
XM_048222410.1	3351	3171.9	8	1.08289
XM_048222411.1	737	557.98	0	0
XM_048222412.1	15281	15101.9	0.000142246	4.04411e-06
XM_048222413.1	1549	1369.9	0	0
XM_048222414.1	15278	15098.9	4.44617e-07	1.26431e-08
XM_048222415.1	6130	5950.9	0.67614	0.0487829
XM_048222416.1	15275	15095.9	9.56846e-08	2.72142e-09
XM_048222417.1	15260	15080.9	0	0
XM_048222418.1	15257	15077.9	0	0
XM_048222419.1	9008	8828.9	10.3845	0.505001
XM_048222420.1	3730	3550.9	0	0
XM_048222421.1	15290	15110.9	0	0
XM_048222422.1	31448	31268.9	1.21328e-08	1.66594e-10
XM_048222423.1	31369	31189.9	3.29352e-07	4.53377e-09
XM_048222424.1	15343	15163.9	66.1611	1.87329
XM_048222425.1	4260	4080.9	0	0
XM_048222426.1	15257	15077.9	6.61404e-06	1.88339e-07
XM_048222427.1	9134	8954.9	0	0
XM_048222428.1	8525	8345.9	0	0
XM_048222429.1	8444	8264.9	0	0
XM_048222430.1	9232	9052.9	0	0
XM_048222431.1	8191	8011.9	110.15	5.90286
XM_048222432.1	15376	15196.9	0	0
XM_048222433.1	9131	8951.9	0	0
XM_048222434.1	5487	5307.9	31.1547	2.52008
XM_048222435.1	5484	5304.9	31.6952	2.56525
XM_048222436.1	15266	15086.9	39.5297	1.12496
XM_048222437.1	5371	5191.9	0	0
XM_048222438.1	5263	5083.9	32.8022	2.77025
XM_048222439.1	5167	4987.9	5.52421	0.475516
XM_048222440.1	5020	4840.9	0.109694	0.009729
XM_048222441.1	15254	15074.9	2.02577e-08	5.76965e-10
XM_048222442.1	1185	1005.9	0.430566	0.183779
XM_048222443.1	15254	15074.9	22.6991	0.646497
XM_048222444.1	1248	1068.9	1	0.401675
XM_048222445.1	15287	15107.9	232.898	6.61872
XM_048222446.1	3860	3680.9	205.2	23.9351
XM_048222447.1	15248	15068.9	152.05	4.3323
XM_048222448.1	902	722.98	15.8785	9.42965
XM_048222449.1	15233	15053.9	0	0
XM_048222450.1	7679	7499.9	0	0
XM_048222451.1	7093	6913.9	8.2301e-05	5.11087e-06
XM_048222452.1	7523	7343.9	0	0
XM_048222453.1	15230	15050.9	1.10323	0.0314716
XM_048222454.1	7102	6922.9	0	0
XM_048222455.1	7140	6960.9	2.72129e-07	1.6785e-08
XM_048222456.1	6880	6700.9	59.9854	3.84349
XM_048222457.1	6903	6723.9	1.3876e-08	8.86048e-10
XM_048222458.1	15185	15005.9	831.363	23.7871
XM_048222459.1	1448	1268.9	0	0
XM_048222460.1	1369	1189.9	8.23448	2.97124
XM_048222461.1	1260	1080.9	0	0
XM_048222462.1	11997	11817.9	10.375	0.376931
XM_048222463.1	7521	7341.9	0	0
XM_048222464.1	7403	7223.9	0	0
XM_048222465.1	6776	6596.9	5.01881	0.326644
XM_048222466.1	3215	3035.9	7.79125	1.10188
XM_048222467.1	3581	3401.9	0	0
XM_048222468.1	3575	3395.9	0	0
XM_048222469.1	3728	3548.9	13.8359	1.67389
XM_048222470.1	5007	4827.9	0	0
XM_048222471.1	5119	4939.9	0	0
XM_048222472.1	3438	3258.9	0	0
XM_048222473.1	5033	4853.9	19.8968	1.75997
XM_048222474.1	6733	6553.9	74.1208	4.85572
XM_048222475.1	6558	6378.9	0	0
XM_048222476.1	6562	6382.9	6.09304	0.409854
XM_048222477.1	2824	2644.9	0	0
XM_048222478.1	2186	2006.9	13.0799	2.79829
XM_048222479.1	8856	8676.9	40.2518	1.99175
XM_048222480.1	8826	8646.9	0	0
XM_048222481.1	8823	8643.9	0	0
XM_048222482.1	8799	8619.9	108.413	5.39999
XM_048222483.1	4998	4818.9	93.2853	8.31148
XM_048222484.1	4808	4628.9	0.00917198	0.000850743
XM_048222485.1	4701	4521.9	0	0
XM_048222486.1	4687	4507.9	24.5886	2.34193
XM_048222487.1	3183	3003.9	0	0
XM_048222488.1	14475	14295.9	0	0
XM_048222489.1	3004	2824.9	0	0
XM_048222490.1	2768	2588.9	0.00441223	0.000731737
XM_048222491.1	14239	14059.9	1.82871	0.0558438
XM_048222492.1	11508	11328.9	6.00445	0.227561
XM_048222493.1	9716	9536.9	0	0
XM_048222494.1	18650	18470.9	11.8002	0.274292
XM_048222495.1	15976	15796.9	0	0
XM_048222496.1	19383	19203.9	2.74567	0.0613865
XM_048222497.1	2075	1895.9	334.956	75.8552
XM_048222498.1	1941	1761.9	246.04	59.9567
XM_048222499.1	1922	1742.9	219.701	54.1217
XM_048222500.1	1908	1728.9	0.0589601	0.014642
XM_048222501.1	5567	5387.9	0.000167762	1.33686e-05
XM_048222502.1	7421	7241.9	0	0
XM_048222503.1	4889	4709.9	23.6859	2.15919
XM_048222504.1	4870	4690.9	0	0
XM_048222505.1	4852	4672.9	0	0
XM_048222506.1	8286	8106.9	4	0.211845
XM_048222507.1	3558	3378.9	198.172	25.1814
XM_048222508.1	6358	6178.9	0	0
XM_048222509.1	6217	6037.9	0	0
XM_048222510.1	6113	5933.9	0	0
XM_048222511.1	6239	6059.9	0	0
XM_048222512.1	6346	6166.9	0	0
XM_048222513.1	3366	3186.9	0	0
XM_048222514.1	2969	2789.9	8.42703	1.29688
XM_048222515.1	2945	2765.9	0	0
XM_048222516.1	2590	2410.9	0	0
XM_048222517.1	2582	2402.9	0	0
XM_048222518.1	2487	2307.9	8.84041	1.64463
XM_048222519.1	2434	2254.9	12.3524	2.352
XM_048222520.1	4859	4679.9	2.5295	0.232066
XM_048222521.1	4860	4680.9	2.12609	0.195014
XM_048222522.1	4407	4227.9	0	0
XM_048222523.1	9059	8879.9	0	0
XM_048222524.1	8969	8789.9	0	0
XM_048222525.1	4409	4229.9	0	0
XM_048222526.1	4382	4202.9	0	0
XM_048222527.1	8152	7972.9	0	0
XM_048222528.1	3524	3344.9	12.3685	1.58761
XM_048222529.1	3907	3727.9	0	0
XM_048222530.1	5908	5728.9	0	0
XM_048222531.1	7303	7123.9	0.0757751	0.00456691
XM_048222532.1	7151	6971.9	0	0
XM_048222533.1	2690	2510.9	20.3928	3.48707
XM_048222534.1	5727	5547.9	0.776691	0.0601081
XM_048222535.1	6207	6027.9	0	0
XM_048222536.1	5711	5531.9	33.6599	2.61247
XM_048222537.1	5718	5538.9	0	0
XM_048222538.1	5601	5421.9	0	0
XM_048222539.1	5245	5065.9	10.6269	0.900668
XM_048222540.1	5883	5703.9	0	0
XM_048222541.1	19702	19522.9	30.5739	0.672387
XM_048222542.1	11857	11677.9	0	0
XM_048222543.1	12219	12039.9	0	0
XM_048222544.1	5863	5683.9	9.13541e-05	6.90073e-06
XM_048222545.1	9649	9469.9	311.433	14.1199
XM_048222546.1	5768	5588.9	10.097	0.775671
XM_048222547.1	5700	5520.9	2.09257e-06	1.62736e-07
XM_048222548.1	5698	5518.9	0.785601	0.061117
XM_048222549.1	5017	4837.9	2.65051	0.235226
XM_048222550.1	3541	3361.9	0	0
XM_048222551.1	2837	2657.9	0	0
XM_048222552.1	4527	4347.9	0	0
XM_048222553.1	2782	2602.9	10	1.64951
XM_048222554.1	7360	7180.9	0	0
XM_048222555.1	4488	4308.9	2.05614	0.20488
XM_048222556.1	4485	4305.9	5.10251	0.508783
XM_048222557.1	7684	7504.9	0	0
XM_048222558.1	9131	8951.9	0	0
XM_048222559.1	8128	7948.9	0	0
XM_048222560.1	7979	7799.9	0	0
XM_048222561.1	4797	4617.9	3.39777	0.315909
XM_048222562.1	6183	6003.9	0	0
XM_048222563.1	1679	1499.9	1.31006e-06	3.75009e-07
XM_048222564.1	5956	5776.9	116.673	8.67139
XM_048222565.1	4571	4391.9	17.3593	1.69704
XM_048222566.1	4474	4294.9	0	0
XM_048222567.1	4300	4120.9	0	0
XM_048222568.1	1788	1608.9	3.64069	0.971555
XM_048222569.1	7257	7077.9	0	0
XM_048222570.1	8820	8640.9	9.47414e-06	4.70754e-07
XM_048222571.1	8745	8565.9	0	0
XM_048222572.1	8224	8044.9	0	0
XM_048222573.1	8191	8011.9	0	0
XM_048222574.1	13902	13722.9	0	0
XM_048222575.1	9714	9534.9	5.21701	0.234919
XM_048222576.1	3484	3304.9	0	0
XM_048222577.1	3971	3791.9	0.0161473	0.00182834
XM_048222578.1	4321	4141.9	23.4053	2.42621
XM_048222579.1	3856	3676.9	16.4436	1.92012
XM_048222580.1	3324	3144.9	498.606	68.0712
XM_048222581.1	11127	10947.9	4.3807e-08	1.71801e-09
XM_048222582.1	11610	11430.9	8.47259	0.318236
XM_048222583.1	11519	11339.9	5.3311	0.201846
XM_048222584.1	2530	2350.9	5.99488	1.09486
XM_048222585.1	2076	1896.9	41.3891	9.36816
XM_048222586.1	1576	1396.9	0	0
XM_048222587.1	1638	1458.9	0	0
XM_048222588.1	2217	2037.9	0	0
XM_048222589.1	6496	6316.9	0	0
XM_048222590.1	7713	7533.9	0	0
XM_048222591.1	4074	3894.9	25	2.75586
XM_048222592.1	7102	6922.9	0	0
XM_048222593.1	5170	4990.9	0	0
XM_048222594.1	5277	5097.9	23.1131	1.94661
XM_048222595.1	5128	4948.9	1.22527	0.106301
XM_048222596.1	5055	4875.9	0	0
XM_048222597.1	5292	5112.9	0	0
XM_048222598.1	5040	4860.9	0	0
XM_048222599.1	5202	5022.9	0	0
XM_048222600.1	5130	4950.9	0	0
XM_048222601.1	4997	4817.9	0	0
XM_048222602.1	5129	4949.9	0	0
XM_048222603.1	4991	4811.9	0	0
XM_048222604.1	4943	4763.9	0	0
XM_048222605.1	5161	4981.9	0	0
XM_048222606.1	5009	4829.9	0	0
XM_048222607.1	5140	4960.9	0	0
XM_048222608.1	4965	4785.9	0	0
XM_048222609.1	4698	4518.9	2.29825e-06	2.18362e-07
XM_048222610.1	4587	4407.9	8.69575	0.84701
XM_048222611.1	4350	4170.9	0	0
XM_048222612.1	4639	4459.9	64.5388	6.2131
XM_048222613.1	4518	4338.9	50.2658	4.974
XM_048222614.1	4697	4517.9	3.06782e-06	2.91545e-07
XM_048222615.1	4423	4243.9	28.1614	2.84906
XM_048222616.1	4367	4187.9	0	0
XM_048222617.1	4443	4263.9	0	0
XM_048222618.1	14509	14329.9	0	0
XM_048222619.1	14716	14536.9	0	0
XM_048222620.1	14484	14304.9	0	0
XM_048222621.1	863	683.98	7.77334	4.87953
XM_048222622.1	846	666.98	0	0
XM_048222623.1	11038	10858.9	0	0
XM_048222624.1	3500	3320.9	0	0
XM_048222625.1	5581	5401.9	35.2805	2.80415
XM_048222626.1	5744	5564.9	0	0
XM_048222627.1	5635	5455.9	8.13057e-05	6.39834e-06
XM_048222628.1	7266	7086.9	0	0
XM_048222629.1	3387	3207.9	0	0
XM_048222630.1	4397	4217.9	12	1.22151
XM_048222631.1	5821	5641.9	36.0999	2.74722
XM_048222632.1	6456	6276.9	0	0
XM_048222633.1	6882	6702.9	2.90008	0.185763
XM_048222634.1	6781	6601.9	0	0
XM_048222635.1	7542	7362.9	0	0
XM_048222636.1	14792	14612.9	1.54111	0.0452805
XM_048222637.1	3815	3635.9	0	0
XM_048222638.1	3536	3356.9	0	0
XM_048222639.1	3516	3336.9	0	0
XM_048222640.1	3428	3248.9	0	0
XM_048222641.1	3458	3278.9	0	0
XM_048222642.1	3613	3433.9	0	0
XM_048222643.1	2172	1992.9	102.06	21.9878
XM_048222644.1	871	691.98	0	0
XM_048222645.1	15557	15377.9	0	0
XM_048222646.1	15512	15332.9	16.2777	0.455808
XM_048222647.1	1315	1135.9	0	0
XM_048222648.1	6046	5866.9	0	0
XM_048222649.1	25196	25016.9	0	0
XM_048222650.1	25193	25013.9	0	0
XM_048222651.1	7279	7099.9	42.7501	2.58523
XM_048222652.1	7219	7039.9	21.8706	1.33385
XM_048222653.1	7393	7213.9	8.26335	0.491812
XM_048222654.1	14026	13846.9	46.8881	1.45386
XM_048222655.1	7514	7334.9	0	0
XM_048222656.1	7545	7365.9	8.16662	0.476025
XM_048222657.1	8366	8186.9	0.4859	0.0254824
XM_048222658.1	14646	14466.9	0	0
XM_048222659.1	8446	8266.9	1.49719e-06	7.77583e-08
XM_048222660.1	6581	6401.9	0.115181	0.00772479
XM_048222661.1	5970	5790.9	1.39389e-06	1.03346e-07
XM_048222662.1	5910	5730.9	1.11441	0.08349
XM_048222663.1	2822	2642.9	0	0
XM_048222664.1	519	340.091	4.7037	5.93824
XM_048222665.1	3566	3386.9	8.81818	1.11786
XM_048222666.1	3624	3444.9	0	0
XM_048222667.1	1898	1718.9	0	0
XM_048222668.1	1763	1583.9	0	0
XM_048222669.1	8279	8099.9	5.31651	0.281812
XM_048222670.1	5298	5118.9	0	0
XM_048222671.1	5131	4951.9	2.95516	0.256225
XM_048222672.1	16171	15991.9	313.132	8.40699
XM_048222673.1	2141	1961.9	19	4.15804
XM_048222674.1	6842	6662.9	0	0
XM_048222675.1	6708	6528.9	0	0
XM_048222676.1	2986	2806.9	0	0
XM_048222677.1	4357	4177.9	0	0
XM_048222678.1	4855	4675.9	4.3416	0.398655
XM_048222679.1	4357	4177.9	0	0
XM_048222680.1	4136	3956.9	0	0
XM_048222681.1	12894	12714.9	2.60233e-08	8.78743e-10
XM_048222682.1	1944	1764.9	0	0
XM_048222683.1	1994	1814.9	10	2.3657
XM_048222684.1	1934	1754.9	0	0
XM_048222685.1	6834	6654.9	0	0
XM_048222686.1	6753	6573.9	0	0
XM_048222687.1	6710	6530.9	0	0
XM_048222688.1	6782	6602.9	0	0
XM_048222689.1	6770	6590.9	0	0
XM_048222690.1	6668	6488.9	0	0
XM_048222691.1	7008	6828.9	0	0
XM_048222692.1	6986	6806.9	0	0
XM_048222693.1	6616	6436.9	0	0
XM_048222694.1	2830	2650.9	0	0
XM_048222695.1	16263	16083.9	0	0
XM_048222696.1	16071	15891.9	0	0
XM_048222697.1	16032	15852.9	0	0
XM_048222698.1	16436	16256.9	0	0
XM_048222699.1	16446	16266.9	2.34399	0.0618678
XM_048222700.1	15997	15817.9	0	0
XM_048222701.1	16535	16355.9	0	0
XM_048222702.1	14783	14603.9	0	0
XM_048222703.1	14734	14554.9	56.4672	1.66571
XM_048222704.1	1212	1032.9	0	0
XM_048222705.1	3960	3780.9	0	0
XM_048222706.1	931	751.98	5	2.85481
XM_048222707.1	3546	3366.9	2	0.255043
XM_048222708.1	2277	2097.9	0	0
XM_048222709.1	2206	2026.9	1	0.211826
XM_048222710.1	3039	2859.9	0	0
XM_048222711.1	1229	1049.9	0	0
XM_048222712.1	8334	8154.9	13	0.684444
XM_048222713.1	8415	8235.9	0	0
XM_048222714.1	1350	1170.9	0	0
XM_048222715.1	3420	3240.9	0.0264158	0.00349954
XM_048222716.1	3388	3208.9	0	0
XM_048222717.1	15039	14859.9	7.16999	0.207165
XM_048222718.1	3597	3417.9	0	0
XM_048222719.1	2056	1876.9	2	0.457511
XM_048222720.1	1275	1095.9	0	0
XM_048222721.1	3429	3249.9	50.0435	6.61136
XM_048222722.1	4067	3887.9	0	0
XM_048222723.1	3877	3697.9	0	0
XM_048222724.1	3860	3680.9	0	0
XM_048222725.1	2672	2492.9	0	0
XM_048222726.1	2273	2093.9	3.6322e-08	7.44776e-09
XM_048222727.1	3747	3567.9	0	0
XM_048222728.1	4300	4120.9	0	0
XM_048222729.1	5054	4874.9	0	0
XM_048222730.1	1204	1024.9	0	0
XM_048222731.1	3409	3229.9	1.66485	0.221308
XM_048222732.1	11658	11478.9	24.3664	0.911388
XM_048222733.1	5737	5557.9	489.924	37.847
XM_048222734.1	5258	5078.9	0	0
XM_048222735.1	5220	5040.9	226.502	19.292
XM_048222736.1	3991	3811.9	0	0
XM_048222737.1	3941	3761.9	0	0
XM_048222738.1	4057	3877.9	18.3368	2.03021
XM_048222739.1	3850	3670.9	23.9305	2.79892
XM_048222740.1	839	659.98	0	0
XM_048222741.1	3346	3166.9	0	0
XM_048222742.1	2832	2652.9	4.06723	0.65825
XM_048222743.1	2342	2162.9	66.5725	13.2151
XM_048222744.1	3647	3467.9	0	0
XM_048222745.1	2708	2528.9	36.9964	6.28117
XM_048222746.1	3824	3644.9	0	0
XM_048222747.1	2332	2152.9	0	0
XM_048222748.1	7280	7100.9	8.31072	0.502503
XM_048222749.1	6347	6167.9	0	0
XM_048222750.1	7283	7103.9	0	0
XM_048222751.1	6268	6088.9	0	0
XM_048222752.1	8175	7995.9	0	0
XM_048222753.1	5935	5755.9	0	0
XM_048222754.1	5043	4863.9	0	0
XM_048222755.1	4947	4767.9	0	0
XM_048222756.1	4919	4739.9	0	0
XM_048222757.1	2074	1894.9	13.0481	2.95646
XM_048222758.1	2733	2553.9	0	0
XM_048222759.1	2051	1871.9	0	0
XM_048222760.1	6271	6091.9	6.55318	0.461862
XM_048222761.1	5279	5099.9	0	0
XM_048222762.1	6209	6029.9	0	0
XM_048222763.1	1704	1524.9	2	0.56312
XM_048222764.1	1707	1527.9	10.8737	3.05558
XM_048222765.1	2600	2420.9	0	0
XM_048222766.1	845	665.98	0	0
XM_048222767.1	2464	2284.9	0	0
XM_048222768.1	2462	2282.9	0	0
XM_048222769.1	10172	9992.9	8.31392e-08	3.57213e-09
XM_048222770.1	5865	5685.9	30.6545	2.31477
XM_048222771.1	3290	3110.9	0	0
XM_048222772.1	3315	3135.9	0	0
XM_048222773.1	3420	3240.9	5.01127e-08	6.63888e-09
XM_048222774.1	1283	1103.9	0	0
XM_048222775.1	2596	2416.9	745.93	132.511
XM_048222776.1	5856	5676.9	9.40269	0.711138
XM_048222777.1	6626	6446.9	0	0
XM_048222778.1	6110	5930.9	0	0
XM_048222779.1	3511	3331.9	0	0
XM_048222780.1	1249	1069.9	17.0463	6.84068
XM_048222781.1	6349	6169.9	0	0
XM_048222782.1	12253	12073.9	0	0
XM_048222783.1	4826	4646.9	39.2726	3.6286
XM_048222784.1	11233	11053.9	0.0357374	0.0013881
XM_048222785.1	1776	1596.9	0	0
XM_048222786.1	3272	3092.9	5.57456	0.773851
XM_048222787.1	3333	3153.9	36	4.9008
XM_048222788.1	3223	3043.9	0	0
XM_048222789.1	4338	4158.9	10.8201	1.11703
XM_048222790.1	8626	8446.9	1.37408	0.069844
XM_048222791.1	7240	7060.9	0	0
XM_048222792.1	6651	6471.9	0.131353	0.00871406
XM_048222793.1	6627	6447.9	16.7518	1.11547
XM_048222794.1	4697	4517.9	0	0
XM_048222795.1	2365	2185.9	2.85054e-05	5.59899e-06
XM_048222796.1	2607	2427.9	227.418	40.2167
XM_048222797.1	2525	2345.9	233.204	42.6814
XM_048222798.1	804	624.98	0	0
XM_048222799.1	2056	1876.9	21.9162	5.01344
XM_048222800.1	2080	1900.9	0	0
XM_048222801.1	1900	1720.9	18.1445	4.5269
XM_048222802.1	1125	945.905	0	0
XM_048222803.1	1142	962.905	11.2316	5.00807
XM_048222804.1	1989	1809.9	14.3547	3.40526
XM_048222805.1	2254	2074.9	25.3531	5.24622
XM_048222806.1	4314	4134.9	0	0
XM_048222807.1	7447	7267.9	0	0
XM_048222808.1	1743	1563.9	0	0
XM_048222809.1	8349	8169.9	0	0
XM_048222810.1	11387	11207.9	0	0
XM_048222811.1	12764	12584.9	0	0
XM_048222812.1	5615	5435.9	1.84655	0.145849
XM_048222813.1	6467	6287.9	0	0
XM_048222814.1	6327	6147.9	0	0
XM_048222815.1	6305	6125.9	0.0342593	0.00240117
XM_048222816.1	6236	6056.9	0.00586837	0.000415987
XM_048222817.1	6212	6032.9	0.257324	0.0183133
XM_048222818.1	6044	5864.9	3.67063e-05	2.68716e-06
XM_048222819.1	20862	20682.9	23.3433	0.484579
XM_048222820.1	20771	20591.9	0	0
XM_048222821.1	1877	1697.9	28.8412	7.29312
XM_048222822.1	1692	1512.9	0	0
XM_048222823.1	2361	2181.9	0	0
XM_048222824.1	2270	2090.9	0	0
XM_048222825.1	1624	1444.9	0	0
XM_048222826.1	1703	1523.9	2.01132	0.566678
XM_048222827.1	6370	6190.9	0	0
XM_048222828.1	6242	6062.9	0	0
XM_048222829.1	6289	6109.9	0	0
XM_048222830.1	6232	6052.9	0	0
XM_048222831.1	6201	6021.9	0	0
XM_048222832.1	6309	6129.9	0	0
XM_048222833.1	6276	6096.9	5.23591e-06	3.6872e-07
XM_048222834.1	6214	6034.9	0	0
XM_048222835.1	6095	5915.9	5.71907	0.415067
XM_048222836.1	6210	6030.9	0	0
XM_048222837.1	6138	5958.9	0	0
XM_048222838.1	6227	6047.9	0	0
XM_048222839.1	6108	5928.9	0.000116353	8.42592e-06
XM_048222840.1	6100	5920.9	0	0
XM_048222841.1	5095	4915.9	80.1779	7.00269
XM_048222842.1	16235	16055.9	0	0
XM_048222843.1	9507	9327.9	2.73992e-08	1.26115e-09
XM_048222844.1	9538	9358.9	0	0
XM_048222845.1	9431	9251.9	118.103	5.48079
XM_048222846.1	2636	2456.9	1.71735	0.300113
XM_048222847.1	17561	17381.9	0.0173427	0.000428383
XM_048222848.1	17702	17522.9	0	0
XM_048222849.1	17114	16934.9	0	0
XM_048222850.1	689	509.98	0	0
XM_048222851.1	2701	2521.9	0	0
XM_048222852.1	17033	16853.9	0	0
XM_048222853.1	17622	17442.9	0	0
XM_048222854.1	735	555.98	0	0
XM_048222855.1	17583	17403.9	0	0
XM_048222856.1	17616	17436.9	0	0
XM_048222857.1	4215	4035.9	0	0
XM_048222858.1	1740	1560.9	0	0
XM_048222859.1	6067	5887.9	11	0.802131
XM_048222860.1	14808	14628.9	4.94452	0.14512
XM_048222861.1	14728	14548.9	0	0
XM_048222862.1	1274	1094.9	1	0.392136
XM_048222863.1	12477	12297.9	0	0
XM_048222864.1	6654	6474.9	0	0
XM_048222865.1	3111	2931.9	0	0
XM_048222866.1	11808	11628.9	0	0
XM_048222867.1	11735	11555.9	0	0
XM_048222868.1	546	367.056	0	0
XM_048222869.1	43746	43566.9	0	0
XM_048222870.1	40698	40518.9	0	0
XM_048222871.1	43015	42835.9	0	0
XM_048222872.1	41996	41816.9	0	0
XM_048222873.1	4104	3924.9	1.89637	0.207447
XM_048222874.1	41484	41304.9	0	0
XM_048222875.1	38117	37937.9	0.0015022	1.70008e-05
XM_048222876.1	48893	48713.9	11.2071	0.0987762
XM_048222877.1	43329	43149.9	0	0
XM_048222878.1	41081	40901.9	0	0
XM_048222879.1	23528	23348.9	0	0
XM_048222880.1	23464	23284.9	0	0
XM_048222881.1	22175	21995.9	0	0
XM_048222882.1	37858	37678.9	11.4603	0.130591
XM_048222883.1	20644	20464.9	0	0
XM_048222884.1	20580	20400.9	0	0
XM_048222885.1	19404	19224.9	0	0
XM_048222886.1	17073	16893.9	0.0760927	0.00193387
XM_048222887.1	17078	16898.9	0.0517164	0.00131396
XM_048222888.1	17009	16829.9	10.7766	0.274925
XM_048222889.1	10350	10170.9	0	0
XM_048222890.1	5678	5498.9	0	0
XM_048222891.1	5542	5362.9	26	2.08155
XM_048222892.1	16601	16421.9	0	0
XM_048222893.1	16591	16411.9	0	0
XM_048222894.1	16576	16396.9	157.804	4.13209
XM_048222895.1	16519	16339.9	0.00165799	4.35658e-05
XM_048222896.1	16492	16312.9	0	0
XM_048222897.1	16489	16309.9	64.4947	1.6978
XM_048222898.1	16486	16306.9	3.09053e-05	8.1372e-07
XM_048222899.1	16477	16297.9	68.105	1.79416
XM_048222900.1	16459	16279.9	0	0
XM_048222901.1	16366	16186.9	96.7199	2.56546
XM_048222902.1	2352	2172.9	0	0
XM_048222903.1	5326	5146.9	7.54206e-06	6.29155e-07
XM_048222904.1	724	544.98	4.42174	3.48358
XM_048222905.1	9939	9759.9	47.0985	2.07193
XM_048222906.1	9828	9648.9	0	0
XM_048222907.1	9624	9444.9	13.0976	0.595398
XM_048222908.1	9567	9387.9	0	0
XM_048222909.1	9528	9348.9	0	0
XM_048222910.1	13280	13100.9	10.0799	0.330347
XM_048222911.1	1038	858.905	0	0
XM_048222912.1	924	744.98	0	0
XM_048222913.1	942	762.905	0	0
XM_048222914.1	936	756.98	0	0
XM_048222915.1	2212	2032.9	0	0
XM_048222916.1	16730	16550.9	7.76774	0.201505
XM_048222917.1	1794	1614.9	0	0
XM_048222918.1	12618	12438.9	0	0
XM_048222919.1	12559	12379.9	0	0
XM_048222920.1	12532	12352.9	0	0
XM_048222921.1	12487	12307.9	0	0
XM_048222922.1	12286	12106.9	0.158935	0.00563637
XM_048222923.1	12283	12103.9	0.219621	0.00779044
XM_048222924.1	12261	12081.9	2.35907	0.0838339
XM_048222925.1	12258	12078.9	3.26202	0.115951
XM_048222926.1	2381	2201.9	0	0
XM_048222927.1	4235	4055.9	14.1792	1.50099
XM_048222928.1	3901	3721.9	0	0
XM_048222929.1	4173	3993.9	2.32577	0.250024
XM_048222930.1	4266	4086.9	0	0
XM_048222931.1	3737	3557.9	0.0419893	0.00506707
XM_048222932.1	4215	4035.9	0	0
XM_048222933.1	3813	3633.9	0	0
XM_048222934.1	3716	3536.9	2.44819	0.297191
XM_048222935.1	4089	3909.9	19.3491	2.12475
XM_048222936.1	3650	3470.9	1.32988	0.164506
XM_048222937.1	6733	6553.9	0	0
XM_048222938.1	8841	8661.9	0	0
XM_048222939.1	9059	8879.9	68.1896	3.29703
XM_048222940.1	10367	10187.9	0	0
XM_048222941.1	10364	10184.9	0	0
XM_048222942.1	9929	9749.9	0	0
XM_048222943.1	9651	9471.9	1.45078e-06	6.57624e-08
XM_048222944.1	9848	9668.9	0	0
XM_048222945.1	9485	9305.9	1.35978e-05	6.27368e-07
XM_048222946.1	4913	4733.9	16	1.45116
XM_048222947.1	10745	10565.9	4.47521	0.181853
XM_048222948.1	5097	4917.9	0	0
XM_048222949.1	7460	7280.9	0.156745	0.00924319
XM_048222950.1	7430	7250.9	3.53073e-07	2.09067e-08
XM_048222951.1	7527	7347.9	1.00852e-06	5.89297e-08
XM_048222952.1	7512	7332.9	0	0
XM_048222953.1	7400	7220.9	1.89745e-05	1.12822e-06
XM_048222954.1	7500	7320.9	0	0
XM_048222955.1	7520	7340.9	0	0
XM_048222956.1	7485	7305.9	1.17174e-07	6.88604e-09
XM_048222957.1	7370	7190.9	0	0
XM_048222958.1	7467	7287.9	0	0
XM_048222959.1	7437	7257.9	0	0
XM_048222960.1	7561	7381.9	5.53643e-05	3.22014e-06
XM_048222961.1	814	634.98	0	0
XM_048222962.1	655	475.98	0	0
XM_048222963.1	5163	4983.9	0	0
XM_048222964.1	3158	2978.9	48.2373	6.95249
XM_048222965.1	1458	1278.9	0	0
XM_048222966.1	1397	1217.9	0	0
XM_048222967.1	552	373.018	1	1.15102
XM_048222968.1	8987	8807.9	2.08939e-07	1.0185e-08
XM_048222969.1	9068	8888.9	2.24671e-07	1.0852e-08
XM_048222970.1	9058	8878.9	6.97937e-05	3.37497e-06
XM_048222971.1	9043	8863.9	0	0
XM_048222972.1	8997	8817.9	0.319455	0.0155546
XM_048222973.1	8815	8635.9	0	0
XM_048222974.1	8985	8805.9	8.55446	0.417092
XM_048222975.1	8968	8788.9	0	0
XM_048222976.1	8958	8778.9	183.311	8.96525
XM_048222977.1	8957	8777.9	0	0
XM_048222978.1	8940	8760.9	0.00710347	0.000348125
XM_048222979.1	8885	8705.9	2.33995e-06	1.154e-07
XM_048222980.1	8845	8665.9	0	0
XM_048222981.1	8793	8613.9	0	0
XM_048222982.1	8769	8589.9	0	0
XM_048222983.1	1964	1784.9	0	0
XM_048222984.1	2181	2001.9	0	0
XM_048222985.1	2247	2067.9	0	0
XM_048222986.1	2081	1901.9	0	0
XM_048222987.1	13702	13522.9	4	0.127
XM_048222988.1	1754	1574.9	0	0
XM_048222989.1	8246	8066.9	0.029888	0.00159076
XM_048222990.1	4746	4566.9	0	0
XM_048222991.1	4722	4542.9	0	0
XM_048222992.1	4656	4476.9	0	0
XM_048222993.1	4653	4473.9	0	0
XM_048222994.1	4563	4383.9	0	0
XM_048222995.1	1832	1652.9	5	1.29878
XM_048222996.1	14976	14796.9	0	0
XM_048222997.1	15031	14851.9	0	0
XM_048222998.1	14547	14367.9	0	0
XM_048222999.1	12917	12737.9	0	0
XM_048223000.1	12331	12151.9	0	0
XM_048223001.1	10499	10319.9	0	0
XM_048223002.1	14890	14710.9	0	0
XM_048223003.1	14833	14653.9	0	0
XM_048223004.1	402	224.304	0	0
XM_048223005.1	2940	2760.9	0	0
XM_048223006.1	5172	4992.9	0	0
XM_048223007.1	5151	4971.9	0	0
XM_048223008.1	5144	4964.9	0	0
XM_048223009.1	7181	7001.9	0	0
XM_048223010.1	5040	4860.9	0	0
XM_048223011.1	5041	4861.9	0	0
XM_048223012.1	2942	2762.9	2	0.310798
XM_048223013.1	5020	4840.9	1.77643e-06	1.57556e-07
XM_048223014.1	4960	4780.9	0	0
XM_048223015.1	4956	4776.9	62	5.57261
XM_048223016.1	396	218.393	0	0
XM_048223017.1	8111	7931.9	0.0153065	0.000828539
XM_048223018.1	9106	8926.9	4	0.192386
XM_048223019.1	2869	2689.9	0	0
XM_048223020.1	1169	989.905	0	0
XM_048223021.1	1113	933.905	0	0
XM_048223022.1	543	364.056	0	0
XM_048223023.1	819	639.98	0	0
XM_048223024.1	6441	6261.9	1	0.0685657
XM_048223025.1	561	381.98	0	0
XM_048223026.1	2479	2299.9	1	0.186682
XM_048223027.1	3026	2846.9	12	1.80976
XM_048223028.1	771	591.98	0	0
XM_048223029.1	4275	4095.9	10.0726	1.05586
XM_048223030.1	3272	3092.9	14.645	2.033
XM_048223031.1	6452	6272.9	13	0.889791
XM_048223032.1	5677	5497.9	0	0
XM_048223033.1	4720	4540.9	25	2.3638
XM_048223034.1	4543	4363.9	540.387	53.1671
XM_048223035.1	3658	3478.9	7	0.863911
XM_048223036.1	1339	1159.9	36	13.3258
XM_048223037.1	2628	2448.9	0	0
XM_048223038.1	3815	3635.9	0	0
XM_048223039.1	3709	3529.9	0	0
XM_048223040.1	3544	3364.9	0	0
XM_048223041.1	3674	3494.9	0	0
XM_048223042.1	5019	4839.9	0	0
XM_048223043.1	4933	4753.9	0	0
XM_048223044.1	3582	3402.9	0	0
XM_048223045.1	1903	1723.9	0	0
XM_048223046.1	7107	6927.9	0	0
XM_048223047.1	7006	6826.9	21.6839	1.36373
XM_048223048.1	3190	3010.9	33	4.70577
XM_048223049.1	3190	3010.9	33	4.70577
XM_048223050.1	1800	1620.9	185.594	49.1609
XM_048223051.1	9061	8881.9	0.000599415	2.89758e-05
XM_048223052.1	9037	8857.9	2.17857	0.105598
XM_048223053.1	10963	10783.9	62.97	2.5071
XM_048223054.1	10625	10445.9	0.000115567	4.7501e-06
XM_048223055.1	7021	6841.9	0	0
XM_048223056.1	6654	6474.9	0	0
XM_048223057.1	6682	6502.9	0	0
XM_048223058.1	6423	6243.9	12.1321	0.834244
XM_048223059.1	6590	6410.9	0	0
XM_048223060.1	1736	1556.9	5	1.37886
XM_048223061.1	6553	6373.9	0	0
XM_048223062.1	6489	6309.9	1.33232e-05	9.06566e-07
XM_048223063.1	8320	8140.9	0	0
XM_048223064.1	6811	6631.9	0	0
XM_048223065.1	7555	7375.9	0	0
XM_048223066.1	6618	6438.9	0	0
XM_048223067.1	14692	14512.9	0	0
XM_048223068.1	6885	6705.9	0	0
XM_048223069.1	1841	1661.9	1.01027	0.261002
XM_048223070.1	1915	1735.9	0	0
XM_048223071.1	3648	3468.9	5.26014	0.651056
XM_048223072.1	2106	1926.9	0.000934321	0.000208185
XM_048223073.1	1430	1250.9	0	0
XM_048223074.1	4722	4542.9	0	0
XM_048223075.1	4832	4652.9	0	0
XM_048223076.1	4644	4464.9	0	0
XM_048223077.1	4587	4407.9	0.000111407	1.08516e-05
XM_048223078.1	4580	4400.9	226	22.0485
XM_048223079.1	7009	6829.9	14.3274	0.900673
XM_048223080.1	7941	7761.9	15.1925	0.840378
XM_048223081.1	24712	24532.9	0	0
XM_048223082.1	3219	3039.9	16.3494	2.30917
XM_048223083.1	8999	8819.9	0.172941	0.00841873
XM_048223084.1	8108	7928.9	21.0265	1.13859
XM_048223085.1	8109	7929.9	20.9735	1.13558
XM_048223086.1	9846	9666.9	0.0405136	0.0017994
XM_048223087.1	9819	9639.9	1.55876	0.0694258
XM_048223088.1	11260	11080.9	0	0
XM_048223089.1	11251	11071.9	39.5494	1.53367
XM_048223090.1	11226	11046.9	20.1806	0.784343
XM_048223091.1	11186	11006.9	0	0
XM_048223092.1	11192	11012.9	0	0
XM_048223093.1	10868	10688.9	8.27008	0.332192
XM_048223094.1	10859	10679.9	0	0
XM_048223095.1	10810	10630.9	0	0
XM_048223096.1	6370	6190.9	0	0
XM_048223097.1	5014	4834.9	64	5.68336
XM_048223098.1	8780	8600.9	0.00734756	0.000366786
XM_048223099.1	8712	8532.9	68.3783	3.44061
XM_048223100.1	8737	8557.9	9.88487e-08	4.95926e-09
XM_048223101.1	8833	8653.9	0	0
XM_048223102.1	8804	8624.9	0	0
XM_048223103.1	8829	8649.9	0	0
XM_048223104.1	8727	8547.9	0.0285928	0.00143619
XM_048223105.1	8698	8518.9	0.0355615	0.0017923
XM_048223106.1	8819	8639.9	0	0
XM_048223107.1	8105	7925.9	0.0102872	0.000557263
XM_048223108.1	1605	1425.9	0	0
XM_048223109.1	3079	2899.9	0	0
XM_048223110.1	3200	3020.9	0	0
XM_048223111.1	2544	2364.9	0	0
XM_048223112.1	2993	2813.9	5.84757	0.892235
XM_048223113.1	2014	1834.9	2.65456	0.621144
XM_048223114.1	2370	2190.9	5.02154	0.984073
XM_048223115.1	2793	2613.9	0	0
XM_048223116.1	3293	3113.9	0	0
XM_048223117.1	3543	3363.9	0	0
XM_048223118.1	8268	8088.9	0	0
XM_048223119.1	9930	9750.9	0.0132652	0.000584095
XM_048223120.1	8419	8239.9	0	0
XM_048223121.1	4623	4443.9	2.64787e-08	2.55826e-09
XM_048223122.1	4643	4463.9	6.6599	0.64057
XM_048223123.1	4563	4383.9	1.3401	0.131247
XM_048223124.1	4579	4399.9	0	0
XM_048223125.1	8895	8715.9	0	0
XM_048223126.1	3280	3100.9	0	0
XM_048223127.1	10081	9901.9	0	0
XM_048223128.1	4062	3882.9	6.32487	0.699372
XM_048223129.1	3828	3648.9	0	0
XM_048223130.1	7567	7387.9	0	0
XM_048223131.1	7419	7239.9	0	0
XM_048223132.1	7008	6828.9	0	0
XM_048223133.1	3923	3743.9	0	0
XM_048223134.1	6468	6288.9	0	0
XM_048223135.1	10468	10288.9	0	0
XM_048223136.1	6635	6455.9	0	0
XM_048223137.1	3693	3513.9	0	0
XM_048223138.1	6235	6055.9	0	0
XM_048223139.1	5917	5737.9	221.974	16.6097
XM_048223140.1	3871	3691.9	0	0
XM_048223141.1	2554	2374.9	0	0
XM_048223142.1	3946	3766.9	0	0
XM_048223143.1	6304	6124.9	66.9165	4.69081
XM_048223144.1	6264	6084.9	118.083	8.33199
XM_048223145.1	6128	5948.9	0	0
XM_048223146.1	5843	5663.9	0	0
XM_048223147.1	11150	10970.9	104.941	4.10691
XM_048223148.1	2756	2576.9	6.13808	1.0227
XM_048223149.1	2273	2093.9	0	0
XM_048223150.1	3334	3154.9	2.96776	0.403883
XM_048223151.1	2522	2342.9	6.04532	1.10784
XM_048223152.1	2681	2501.9	0	0
XM_048223153.1	2672	2492.9	0	0
XM_048223154.1	2681	2501.9	0	0
XM_048223155.1	2525	2345.9	11.4525	2.09605
XM_048223156.1	2822	2642.9	0	0
XM_048223157.1	2510	2330.9	0	0
XM_048223158.1	2556	2376.9	4.15495e-07	7.50529e-08
XM_048223159.1	2654	2474.9	0	0
XM_048223160.1	2611	2431.9	0	0
XM_048223161.1	2700	2520.9	0	0
XM_048223162.1	2599	2419.9	0	0
XM_048223163.1	2714	2534.9	0	0
XM_048223164.1	2563	2383.9	0	0
XM_048223165.1	2601	2421.9	0	0
XM_048223166.1	2493	2313.9	0	0
XM_048223167.1	2304	2124.9	27.3153	5.51924
XM_048223168.1	2664	2484.9	0	0
XM_048223169.1	2365	2185.9	0	0
XM_048223170.1	8069	7889.9	0.276139	0.0150269
XM_048223171.1	5230	5050.9	29.4555	2.50387
XM_048223172.1	12627	12447.9	22.3959	0.772478
XM_048223173.1	4798	4618.9	1	0.0929554
XM_048223174.1	9580	9400.9	101.316	4.62726
XM_048223175.1	9810	9630.9	0	0
XM_048223176.1	3121	2941.9	0	0
XM_048223177.1	3544	3364.9	0	0
XM_048223178.1	3532	3352.9	0	0
XM_048223179.1	3324	3144.9	132	18.021
XM_048223180.1	3436	3256.9	0	0
XM_048223181.1	2293	2113.9	0.060309	0.0122493
XM_048223182.1	2832	2652.9	22.439	3.63157
XM_048223183.1	3203	3023.9	0	0
XM_048223184.1	8263	8083.9	0	0
XM_048223185.1	7899	7719.9	295.147	16.415
XM_048223186.1	2180	2000.9	0	0
XM_048223187.1	2525	2345.9	0	0
XM_048223188.1	5731	5551.9	3.79736	0.293666
XM_048223189.1	9058	8878.9	1.10733e-06	5.35467e-08
XM_048223190.1	8888	8708.9	0	0
XM_048223191.1	8959	8779.9	2.50667	0.12258
XM_048223192.1	1853	1673.9	0	0
XM_048223193.1	8941	8761.9	36.4933	1.78825
XM_048223194.1	4730	4550.9	1.07618e-05	1.01532e-06
XM_048223195.1	321	148.359	0	0
XM_048223196.1	1484	1304.9	0	0
XM_048223197.1	4768	4588.9	8.30061	0.77663
XM_048223198.1	4431	4251.9	19.6994	1.98922
XM_048223199.1	3314	3134.9	2	0.273917
XM_048223200.1	4505	4325.9	0	0
XM_048223201.1	8063	7883.9	0.189351	0.0103119
XM_048223202.1	3019	2839.9	43	6.50097
XM_048223203.1	2982	2802.9	0	0
XM_048223204.1	1360	1180.9	2	0.727158
XM_048223205.1	6527	6347.9	1.47194	0.0995576
XM_048223206.1	4441	4261.9	9.91364	0.998718
XM_048223207.1	1459	1279.9	0	0
XM_048223208.1	8020	7840.9	19.5382	1.06987
XM_048223209.1	1599	1419.9	5.83747	1.76514
XM_048223210.1	3359	3179.9	0	0
XM_048223211.1	2744	2564.9	0	0
XM_048223212.1	3120	2940.9	4.15246	0.606231
XM_048223213.1	3098	2918.9	0	0
XM_048223214.1	5292	5112.9	0	0
XM_048223215.1	5225	5045.9	0	0
XM_048223216.1	2876	2696.9	0	0
XM_048223217.1	5071	4891.9	0	0
XM_048223218.1	6277	6097.9	0	0
XM_048223219.1	4211	4031.9	0	0
XM_048223220.1	4506	4326.9	0	0
XM_048223221.1	5804	5624.9	29.6056	2.25981
XM_048223222.1	7889	7709.9	0	0
XM_048223223.1	7592	7412.9	0.992311	0.0574742
XM_048223224.1	8046	7866.9	0	0
XM_048223225.1	11283	11103.9	1.01534e-05	3.92598e-07
XM_048223226.1	7764	7584.9	175.37	9.92704
XM_048223227.1	4256	4076.9	0	0
XM_048223228.1	5292	5112.9	44.1903	3.71085
XM_048223229.1	3963	3783.9	0	0
XM_048223230.1	3044	2864.9	3	0.449598
XM_048223231.1	3472	3292.9	0	0
XM_048223232.1	2961	2781.9	7	1.08036
XM_048223233.1	564	384.98	0	0
XM_048223234.1	564	384.98	0	0
XM_048223235.1	564	384.98	0	0
XM_048223236.1	2655	2475.9	0	0
XM_048223237.1	2235	2055.9	29	6.05631
XM_048223238.1	8104	7924.9	0	0
XM_048223239.1	8132	7952.9	0	0
XM_048223240.1	8044	7864.9	0	0
XM_048223241.1	7955	7775.9	0	0
XM_048223242.1	7900	7720.9	0	0
XM_048223243.1	8024	7844.9	0	0
XM_048223244.1	7907	7727.9	0	0
XM_048223245.1	7393	7213.9	0	0
XM_048223246.1	7313	7133.9	0	0
XM_048223247.1	8858	8678.9	0.000165926	8.20846e-06
XM_048223248.1	1345	1165.9	0	0
XM_048223249.1	11789	11609.9	0	0
XM_048223250.1	564	384.98	0	0
XM_048223251.1	7928	7748.9	0.0994041	0.00550779
XM_048223252.1	564	384.98	0	0
XM_048223253.1	564	384.98	0	0
XM_048223254.1	564	384.98	0	0
XM_048223255.1	564	384.98	0	0
XM_048223256.1	5137	4957.9	0.62436	0.0540692
XM_048223257.1	2826	2646.9	1	0.162209
XM_048223258.1	564	384.98	0	0
XM_048223259.1	2402	2222.9	49.8313	9.62487
XM_048223260.1	2415	2235.9	3.70713e-05	7.11866e-06
XM_048223261.1	2358	2178.9	32.0371	6.31288
XM_048223262.1	2382	2202.9	237.254	46.2413
XM_048223263.1	2392	2212.9	23.6509	4.5888
XM_048223264.1	3641	3461.9	0	0
XM_048223265.1	3683	3503.9	0	0
XM_048223266.1	3610	3430.9	0	0
XM_048223267.1	3899	3719.9	0	0
XM_048223268.1	3538	3358.9	1.5133	0.193437
XM_048223269.1	948	768.905	0	0
XM_048223270.1	2615	2435.9	23.2511	4.09823
XM_048223271.1	9821	9641.9	0	0
XM_048223272.1	7758	7578.9	119.313	6.75921
XM_048223273.1	9678	9498.9	0.480964	0.0217396
XM_048223274.1	1979	1799.9	0.00189218	0.000451364
XM_048223275.1	1919	1739.9	0.0111497	0.00275139
XM_048223276.1	2442	2262.9	2.32648e-05	4.41415e-06
XM_048223277.1	2679	2499.9	2.49134	0.427882
XM_048223278.1	1832	1652.9	0	0
XM_048223279.1	2619	2439.9	8.21613	1.4458
XM_048223280.1	2320	2140.9	18.4165	3.69337
XM_048223281.1	2245	2065.9	15.8444	3.2929
XM_048223282.1	1932	1752.9	10.4621	2.56256
XM_048223283.1	2185	2005.9	59.4806	12.7315
XM_048223284.1	1217	1037.9	4.71871	1.952
XM_048223285.1	5975	5795.9	0	0
XM_048223286.1	2582	2402.9	442.26	79.0233
XM_048223287.1	2418	2238.9	109.74	21.0446
XM_048223288.1	2480	2300.9	0	0
XM_048223289.1	5055	4875.9	0	0
XM_048223290.1	2861	2681.9	0	0
XM_048223291.1	4211	4031.9	0	0
XM_048223292.1	3287	3107.9	40.1169	5.54208
XM_048223293.1	4008	3828.9	0	0
XM_048223294.1	3201	3021.9	0	0
XM_048223295.1	14328	14148.9	5.0034	0.151829
XM_048223296.1	8689	8509.9	3.09692e-07	1.5625e-08
XM_048223297.1	7563	7383.9	0	0
XM_048223298.1	7599	7419.9	0.000192804	1.11566e-05
XM_048223299.1	7298	7118.9	0	0
XM_048223300.1	7888	7708.9	1	0.0556956
XM_048223301.1	4100	3920.9	25.6307	2.80664
XM_048223302.1	2819	2639.9	0	0
XM_048223303.1	6798	6618.9	2.91017	0.188776
XM_048223304.1	2864	2684.9	3.20682	0.512813
XM_048223305.1	9533	9353.9	99.0632	4.54708
XM_048223306.1	4602	4422.9	5.15222	0.50015
XM_048223307.1	3775	3595.9	0	0
XM_048223308.1	3309	3129.9	0	0
XM_048223309.1	3479	3299.9	0	0
XM_048223310.1	1313	1133.9	0	0
XM_048223311.1	2413	2233.9	0	0
XM_048223312.1	237	81.834	0	0
XM_048223313.1	3674	3494.9	1	0.122851
XM_048223314.1	7917	7737.9	0	0
XM_048223315.1	2392	2212.9	0	0
XM_048223316.1	3818	3638.9	0	0
XM_048223317.1	7153	6973.9	1.75099	0.1078
XM_048223318.1	8297	8117.9	11.6885	0.618199
XM_048223319.1	8408	8228.9	4.42726e-05	2.30997e-06
XM_048223320.1	8027	7847.9	6.6507	0.363854
XM_048223321.1	3381	3201.9	0	0
XM_048223322.1	3296	3116.9	0	0
XM_048223323.1	2999	2819.9	0	0
XM_048223324.1	7415	7235.9	0.00585977	0.000347697
XM_048223325.1	2920	2740.9	0	0
XM_048223326.1	6664	6484.9	14.09	0.932872
XM_048223327.1	6457	6277.9	0	0
XM_048223328.1	8515	8335.9	0	0
XM_048223329.1	4633	4453.9	58	5.59114
XM_048223330.1	5532	5352.9	2	0.160418
XM_048223331.1	3724	3544.9	19.4265	2.3529
XM_048223332.1	3721	3541.9	11.8618	1.43789
XM_048223333.1	3684	3504.9	66.9903	8.20633
XM_048223334.1	2543	2363.9	2.72136	0.494276
XM_048223335.1	5848	5668.9	0	0
XM_048223336.1	9013	8833.9	0	0
XM_048223337.1	4412	4232.9	11.9217	1.20924
XM_048223338.1	4450	4270.9	0	0
XM_048223339.1	4120	3940.9	0.924607	0.100734
XM_048223340.1	4074	3894.9	0	0
XM_048223341.1	7253	7073.9	49.5384	3.00674
XM_048223342.1	7245	7065.9	11.2533	0.683794
XM_048223343.1	5748	5568.9	0	0
XM_048223344.1	5635	5455.9	7	0.550864
XM_048223345.1	5565	5385.9	0	0
XM_048223346.1	4484	4304.9	10.3053	1.0278
XM_048223347.1	8090	7910.9	22.28	1.20921
XM_048223348.1	8087	7907.9	86.1033	4.6749
XM_048223349.1	8006	7826.9	0.0164551	0.000902657
XM_048223350.1	12633	12453.9	0.00106	3.65439e-05
XM_048223351.1	11848	11668.9	15.1005	0.555615
XM_048223352.1	12613	12433.9	0	0
XM_048223353.1	7976	7796.9	166.487	9.16795
XM_048223354.1	12519	12339.9	8.32245	0.289569
XM_048223355.1	12477	12297.9	25.9021	0.904309
XM_048223356.1	12359	12179.9	17.321	0.610581
XM_048223357.1	7565	7385.9	1.75105	0.101791
XM_048223358.1	7641	7461.9	0	0
XM_048223359.1	7451	7271.9	15.7395	0.929298
XM_048223360.1	6311	6131.9	1	0.0700193
XM_048223361.1	3191	3011.9	0	0
XM_048223362.1	3364	3184.9	0	0
XM_048223363.1	3118	2938.9	0	0
XM_048223364.1	3123	2943.9	0	0
XM_048223365.1	3396	3216.9	12	1.60161
XM_048223366.1	3769	3589.9	0	0
XM_048223367.1	3219	3039.9	0	0
XM_048223368.1	1781	1601.9	0	0
XM_048223369.1	2019	1839.9	0	0
XM_048223370.1	1646	1466.9	0	0
XM_048223371.1	7068	6888.9	163.814	10.2097
XM_048223372.1	4952	4772.9	11	0.989517
XM_048223373.1	5906	5726.9	55.6492	4.17207
XM_048223374.1	480	301.247	0	0
XM_048223375.1	12870	12690.9	0	0
XM_048223376.1	12796	12616.9	0	0
XM_048223377.1	12943	12763.9	0	0
XM_048223378.1	12795	12615.9	0	0
XM_048223379.1	12742	12562.9	0	0
XM_048223380.1	12877	12697.9	0	0
XM_048223381.1	12777	12597.9	0	0
XM_048223382.1	13989	13809.9	0	0
XM_048223383.1	12711	12531.9	0	0
XM_048223384.1	12646	12466.9	0	0
XM_048223385.1	13854	13674.9	0	0
XM_048223386.1	12451	12271.9	3.99635	0.139819
XM_048223387.1	8275	8095.9	0	0
XM_048223388.1	18197	18017.9	0	0
XM_048223389.1	12798	12618.9	0	0
XM_048223390.1	12714	12534.9	0	0
XM_048223391.1	3264	3084.9	37	5.1496
XM_048223392.1	1696	1516.9	0	0
XM_048223393.1	3177	2997.9	0	0
XM_048223394.1	2606	2426.9	34.4242	6.0901
XM_048223395.1	2501	2321.9	9.42727e-08	1.74323e-08
XM_048223396.1	2491	2311.9	2.63366e-05	4.89107e-06
XM_048223397.1	601	421.98	6.34154	6.45232
XM_048223398.1	7237	7057.9	253.879	15.4441
XM_048223399.1	8088	7908.9	9	0.488584
XM_048223400.1	3372	3192.9	0	0
XM_048223401.1	4317	4137.9	0.345045	0.0358021
XM_048223402.1	4276	4096.9	3.28371	0.34413
XM_048223403.1	4362	4182.9	0	0
XM_048223404.1	3317	3137.9	38.7637	5.30394
XM_048223405.1	5614	5434.9	0	0
XM_048223406.1	5615	5435.9	15.3438	1.21192
XM_048223407.1	5670	5490.9	3.02259e-05	2.36346e-06
XM_048223408.1	5836	5656.9	0	0
XM_048223409.1	5640	5460.9	0	0
XM_048223410.1	5419	5239.9	0	0
XM_048223411.1	5429	5249.9	0	0
XM_048223412.1	5288	5108.9	5.99951	0.504199
XM_048223413.1	15099	14919.9	61	1.7554
XM_048223414.1	3251	3071.9	10.754	1.50306
XM_048223415.1	17899	17719.9	0	0
XM_048223416.1	11342	11162.9	0	0
XM_048223417.1	11332	11152.9	0	0
XM_048223418.1	11302	11122.9	0	0
XM_048223419.1	11306	11126.9	0	0
XM_048223420.1	11304	11124.9	0	0
XM_048223421.1	11300	11120.9	26.5357	1.02448
XM_048223422.1	11220	11040.9	60.1065	2.33739
XM_048223423.1	11225	11045.9	0	0
XM_048223424.1	11222	11042.9	0	0
XM_048223425.1	11221	11041.9	0	0
XM_048223426.1	11219	11039.9	0	0
XM_048223427.1	6199	6019.9	25.3578	1.80857
XM_048223428.1	9155	8975.9	0	0
XM_048223429.1	2367	2187.9	0	0
XM_048223430.1	7062	6882.9	107.468	6.70379
XM_048223431.1	49307	49127.9	0	0
XM_048223432.1	46603	46423.9	6.01827	0.0556601
XM_048223433.1	921	741.98	0	0
XM_048223434.1	2056	1876.9	1	0.228755
XM_048223435.1	960	780.905	0	0
XM_048223436.1	3819	3639.9	0	0
XM_048223437.1	3840	3660.9	0	0
XM_048223438.1	960	780.905	0	0
XM_048223439.1	4357	4177.9	1.68711e-06	1.7338e-07
XM_048223440.1	11912	11732.9	19.5528	0.715511
XM_048223441.1	5174	4994.9	0	0
XM_048223442.1	603	423.98	0	0
XM_048223443.1	4482	4302.9	0	0
XM_048223444.1	1552	1372.9	0	0
XM_048223445.1	1323	1143.9	0	0
XM_048223446.1	4200	4020.9	0	0
XM_048223447.1	4154	3974.9	0	0
XM_048223448.1	4098	3918.9	0	0
XM_048223449.1	4664	4484.9	1.34405e-07	1.2867e-08
XM_048223450.1	4601	4421.9	14	1.35935
XM_048223451.1	4892	4712.9	0	0
XM_048223452.1	7226	7046.9	0.0289813	0.00176576
XM_048223453.1	3614	3434.9	2	0.249994
XM_048223454.1	911	731.98	0	0
XM_048223455.1	4845	4665.9	0	0
XM_048223456.1	13415	13235.9	125	4.0548
XM_048223457.1	1070	890.905	0	0
XM_048223458.1	1358	1178.9	1.5391	0.560532
XM_048223459.1	652	472.98	0	0
XM_048223460.1	8418	8238.9	0	0
XM_048223461.1	4109	3929.9	0	0
XM_048223462.1	6824	6644.9	8	0.51691
XM_048223463.1	6324	6144.9	0	0
XM_048223464.1	8010	7830.9	35.9873	1.97311
XM_048223465.1	1387	1207.9	0	0
XM_048223466.1	4150	3970.9	0	0
XM_048223467.1	4096	3916.9	0	0
XM_048223468.1	9460	9280.9	0.000159935	7.39888e-06
XM_048223469.1	4489	4309.9	62.916	6.26768
XM_048223470.1	3687	3507.9	17.5122	2.14342
XM_048223471.1	4547	4367.9	0	0
XM_048223472.1	4660	4480.9	0	0
XM_048223473.1	4496	4316.9	0	0
XM_048223474.1	4455	4275.9	0	0
XM_048223475.1	4393	4213.9	0	0
XM_048223476.1	4393	4213.9	8.36092	0.851889
XM_048223477.1	4350	4170.9	0	0
XM_048223478.1	3889	3709.9	26.9626	3.12041
XM_048223479.1	4342	4162.9	3.26098e-08	3.3633e-09
XM_048223480.1	3813	3633.9	5.91882e-05	6.99318e-06
XM_048223481.1	4119	3939.9	0	0
XM_048223482.1	9576	9396.9	0	0
XM_048223483.1	10832	10652.9	2.07271e-06	8.35382e-08
XM_048223484.1	10894	10714.9	14.6764	0.588092
XM_048223485.1	16564	16384.9	1.29606	0.0339621
XM_048223486.1	3265	3085.9	0	0
XM_048223487.1	2492	2312.9	24.716	4.5881
XM_048223488.1	2513	2333.9	0.000186362	3.42836e-05
XM_048223489.1	5981	5801.9	0	0
XM_048223490.1	3499	3319.9	0	0
XM_048223491.1	3106	2926.9	0	0
XM_048223492.1	2281	2101.9	0	0
XM_048223493.1	2215	2035.9	21.0647	4.44233
XM_048223494.1	2194	2014.9	19.9403	4.24903
XM_048223495.1	2185	2005.9	0	0
XM_048223496.1	1898	1718.9	9.99507	2.49659
XM_048223497.1	2206	2026.9	0	0
XM_048223498.1	3171	2991.9	0	0
XM_048223499.1	10075	9895.9	0	0
XM_048223500.1	9847	9667.9	40.0631	1.7792
XM_048223501.1	9700	9520.9	2.99197e-05	1.34925e-06
XM_048223502.1	3257	3077.9	0	0
XM_048223503.1	7360	7180.9	0	0
XM_048223504.1	2789	2609.9	0	0
XM_048223505.1	3064	2884.9	0	0
XM_048223506.1	7456	7276.9	35.4852	2.0937
XM_048223507.1	4610	4430.9	0	0
XM_048223508.1	7472	7292.9	0	0
XM_048223509.1	3437	3257.9	0	0
XM_048223510.1	3321	3141.9	10.2424	1.39965
XM_048223511.1	4508	4328.9	0	0
XM_048223512.1	5660	5480.9	0	0
XM_048223513.1	4289	4109.9	6.00547	0.627378
XM_048223514.1	7336	7156.9	0	0
XM_048223515.1	7253	7073.9	917.87	55.7103
XM_048223516.1	4455	4275.9	3	0.301235
XM_048223517.1	10562	10382.9	5.41391	0.223875
XM_048223518.1	4996	4816.9	0	0
XM_048223519.1	4976	4796.9	0	0
XM_048223520.1	4999	4819.9	0	0
XM_048223521.1	4993	4813.9	0	0
XM_048223522.1	4373	4193.9	22	2.25225
XM_048223523.1	3400	3220.9	0	0
XM_048223524.1	3373	3193.9	14.7109	1.97756
XM_048223525.1	3396	3216.9	0	0
XM_048223526.1	6300	6120.9	0	0
XM_048223527.1	3413	3233.9	0	0
XM_048223528.1	7188	7008.9	0	0
XM_048223529.1	3623	3443.9	0	0
XM_048223530.1	2835	2655.9	1	0.161659
XM_048223531.1	2430	2250.9	3	0.572239
XM_048223532.1	6494	6314.9	0	0
XM_048223533.1	4503	4323.9	58	5.75924
XM_048223534.1	7338	7158.9	0	0
XM_048223535.1	3043	2863.9	51.4474	7.71291
XM_048223536.1	2876	2696.9	23.6738	3.76892
XM_048223537.1	4196	4016.9	40.5846	4.33794
XM_048223538.1	4621	4441.9	8.47731	0.819411
XM_048223539.1	6491	6311.9	9.72018e-07	6.61191e-08
XM_048223540.1	6055	5875.9	6.93805	0.506963
XM_048223541.1	5584	5404.9	0	0
XM_048223542.1	8168	7988.9	8	0.429948
XM_048223543.1	5252	5072.9	75.9986	6.43224
XM_048223544.1	4985	4805.9	25.0014	2.23359
XM_048223545.1	6329	6149.9	1.24178e-08	8.66942e-10
XM_048223546.1	4460	4280.9	2	0.200589
XM_048223547.1	8338	8158.9	0	0
XM_048223548.1	8308	8128.9	0	0
XM_048223549.1	12140	11960.9	2.27516e-06	8.16699e-08
XM_048223550.1	8053	7873.9	2.97901	0.162441
XM_048223551.1	8077	7897.9	0.0561317	0.00305148
XM_048223552.1	2858	2678.9	0	0
XM_048223553.1	3396	3216.9	0	0
XM_048223554.1	2802	2622.9	0	0
XM_048223555.1	2926	2746.9	39.2575	6.13609
XM_048223556.1	3853	3673.9	27.7425	3.24214
XM_048223557.1	6091	5911.9	0	0
XM_048223558.1	12273	12093.9	3.82263e-07	1.35709e-08
XM_048223559.1	12095	11915.9	0	0
XM_048223560.1	4861	4681.9	1.77194	0.162495
XM_048223561.1	8408	8228.9	7.09017	0.369937
XM_048223562.1	7392	7212.9	0	0
XM_048223563.1	6471	6291.9	30.7285	2.09688
XM_048223564.1	6275	6095.9	33.0647	2.32884
XM_048223565.1	11087	10907.9	508.952	20.0331
XM_048223566.1	4308	4128.9	0	0
XM_048223567.1	4572	4392.9	6.86078e-05	6.70557e-06
XM_048223568.1	7239	7059.9	0	0
XM_048223569.1	4442	4262.9	0	0
XM_048223570.1	4835	4655.9	9.63628	0.888625
XM_048223571.1	4366	4186.9	0	0
XM_048223572.1	4040	3860.9	0	0
XM_048223573.1	2178	1998.9	29.9836	6.44028
XM_048223574.1	1830	1650.9	0	0
XM_048223575.1	1809	1629.9	56.1799	14.799
XM_048223576.1	7868	7688.9	0	0
XM_048223577.1	7892	7712.9	0	0
XM_048223578.1	10793	10613.9	0	0
XM_048223579.1	7879	7699.9	10.7016	0.596727
XM_048223580.1	7910	7730.9	0.00143084	7.94647e-05
XM_048223581.1	1798	1618.9	42.4765	11.2653
XM_048223582.1	7529	7349.9	0.40418	0.0236106
XM_048223583.1	7500	7320.9	0	0
XM_048223584.1	7523	7343.9	141.793	8.28973
XM_048223585.1	7520	7340.9	0	0
XM_048223586.1	7508	7328.9	38.1581	2.23543
XM_048223587.1	7445	7265.9	0	0
XM_048223588.1	7505	7325.9	0	0
XM_048223589.1	2765	2585.9	1.927e-05	3.1995e-06
XM_048223590.1	2162	1982.9	0	0
XM_048223591.1	23892	23712.9	4.49099	0.0813151
XM_048223592.1	14244	14064.9	46.1827	1.40979
XM_048223593.1	2642	2462.9	42.69	7.44205
XM_048223594.1	18908	18728.9	0	0
XM_048223595.1	3567	3387.9	75.1819	9.52786
XM_048223596.1	2690	2510.9	5	0.854975
XM_048223597.1	1575	1395.9	0	0
XM_048223598.1	3819	3639.9	0	0
XM_048223599.1	2685	2505.9	0	0
XM_048223600.1	3658	3478.9	0	0
XM_048223601.1	2672	2492.9	0	0
XM_048223602.1	3643	3463.9	0	0
XM_048223603.1	2636	2456.9	1	0.174753
XM_048223604.1	3562	3382.9	0	0
XM_048223605.1	3568	3388.9	0	0
XM_048223606.1	3546	3366.9	0	0
XM_048223607.1	3541	3361.9	0	0
XM_048223608.1	3510	3330.9	0	0
XM_048223609.1	3512	3332.9	0	0
XM_048223610.1	3445	3265.9	3.53174e-05	4.643e-06
XM_048223611.1	3496	3316.9	0	0
XM_048223612.1	3490	3310.9	0	0
XM_048223613.1	3393	3213.9	0	0
XM_048223614.1	3484	3304.9	3.78083e-08	4.91182e-09
XM_048223615.1	2537	2357.9	58.2433	10.6055
XM_048223616.1	3040	2860.9	15.7567	2.3647
XM_048223617.1	2829	2649.9	0	0
XM_048223618.1	2283	2103.9	0	0
XM_048223619.1	246	88.0663	0	0
XM_048223620.1	2168	1988.9	0	0
XM_048223621.1	1727	1547.9	51.4301	14.2655
XM_048223622.1	5571	5391.9	10.5491	0.840015
XM_048223623.1	4702	4522.9	0	0
XM_048223624.1	4203	4023.9	72.4577	7.73127
XM_048223625.1	4253	4073.9	22.6543	2.38756
XM_048223626.1	7792	7612.9	31	1.74834
XM_048223627.1	6100	5920.9	14.5551	1.05545
XM_048223628.1	4096	3916.9	0	0
XM_048223629.1	3858	3678.9	0	0
XM_048223630.1	3447	3267.9	0	0
XM_048223631.1	3492	3312.9	41.631	5.39537
XM_048223632.1	1176	996.905	0	0
XM_048223633.1	3445	3265.9	75.5777	9.93581
XM_048223634.1	8700	8520.9	0	0
XM_048223635.1	8695	8515.9	0	0
XM_048223636.1	8697	8517.9	0	0
XM_048223637.1	8667	8487.9	0	0
XM_048223638.1	8604	8424.9	18.4151	0.938474
XM_048223639.1	8601	8421.9	0	0
XM_048223640.1	8363	8183.9	0	0
XM_048223641.1	5859	5679.9	22.5849	1.70722
XM_048223642.1	5856	5676.9	0	0
XM_048223643.1	1785	1605.9	0	0
XM_048223644.1	1737	1557.9	0	0
XM_048223645.1	1943	1763.9	0	0
XM_048223646.1	1440	1260.9	2	0.681022
XM_048223647.1	3387	3207.9	17	2.27531
XM_048223648.1	3240	3060.9	4.00872e-08	5.62301e-09
XM_048223649.1	2727	2547.9	0	0
XM_048223650.1	2214	2034.9	0	0
XM_048223651.1	1551	1371.9	0	0
XM_048223652.1	1630	1450.9	0	0
XM_048223653.1	2834	2654.9	10.8511	1.75485
XM_048223654.1	3772	3592.9	2.14887	0.25679
XM_048223655.1	2135	1955.9	0	0
XM_048223656.1	1937	1757.9	0	0
XM_048223657.1	3727	3547.9	0	0
XM_048223658.1	3680	3500.9	0	0
XM_048223659.1	3659	3479.9	35.7206	4.40722
XM_048223660.1	3612	3432.9	6.48576e-08	8.11171e-09
XM_048223661.1	3568	3388.9	13	1.64701
XM_048223662.1	3706	3526.9	20.9742	2.55332
XM_048223663.1	1086	906.905	6	2.84055
XM_048223664.1	639	459.98	2.10422	1.96411
XM_048223665.1	708	528.98	0	0
XM_048223666.1	4471	4291.9	46	4.60173
XM_048223667.1	10780	10600.9	0	0
XM_048223668.1	10806	10626.9	0	0
XM_048223669.1	3509	3329.9	2	0.257876
XM_048223670.1	918	738.98	0	0
XM_048223671.1	4487	4307.9	649.039	64.6872
XM_048223672.1	7102	6922.9	269.97	16.7433
XM_048223673.1	7155	6975.9	0	0
XM_048223674.1	7155	6975.9	0	0
XM_048223675.1	7039	6859.9	0.0283833	0.00177647
XM_048223676.1	15388	15208.9	1408.38	39.7591
XM_048223677.1	15335	15155.9	11851.6	335.745
XM_048223678.1	999	819.905	0	0
XM_048223679.1	619	439.98	0	0
XM_048223680.1	381	203.84	0	0
XM_048223681.1	5325	5145.9	1.16782e-05	9.74379e-07
XM_048223682.1	1989	1809.9	0	0
XM_048223683.1	1299	1119.9	0	0
XM_048223684.1	2030	1850.9	2	0.463937
XM_048223685.1	1170	990.905	0	0
XM_048223686.1	2255	2075.9	0	0
XM_048223687.1	13865	13685.9	0	0
XM_048223688.1	2294	2114.9	0	0
XM_048223689.1	2029	1849.9	57.6693	13.3847
XM_048223690.1	765	585.98	0	0
XM_048223691.1	3032	2852.9	0	0
XM_048223692.1	3265	3085.9	0	0
XM_048223693.1	1621	1441.9	0	0
XM_048223694.1	1402	1222.9	0	0
XM_048223695.1	1496	1316.9	0	0
XM_048223696.1	1397	1217.9	0	0
XM_048223697.1	1372	1192.9	0	0
XM_048223698.1	3349	3169.9	6.70336	0.907945
XM_048223699.1	3357	3177.9	0	0
XM_048223700.1	6662	6482.9	14.3817	0.952478
XM_048223701.1	6674	6494.9	1.28738	0.0851033
XM_048223702.1	2276	2096.9	0	0
XM_048223703.1	3522	3342.9	0	0
XM_048223704.1	3541	3361.9	0	0
XM_048223705.1	3507	3327.9	0	0
XM_048223706.1	3266	3086.9	0	0
XM_048223707.1	3251	3071.9	0	0
XM_048223708.1	10547	10367.9	0	0
XM_048223709.1	10881	10701.9	0	0
XM_048223710.1	6033	5853.9	0	0
XM_048223711.1	5629	5449.9	39.4468	3.10768
XM_048223712.1	5317	5137.9	50.1381	4.18982
XM_048223713.1	6309	6129.9	38.776	2.71596
XM_048223714.1	6121	5941.9	9.86331	0.712706
XM_048223715.1	6072	5892.9	0	0
XM_048223716.1	9173	8993.9	7.51622	0.35881
XM_048223717.1	3237	3057.9	1.07938e-08	1.51553e-09
XM_048223718.1	3190	3010.9	6.48378	0.924581
XM_048223719.1	4542	4362.9	0	0
XM_048223720.1	4958	4778.9	0	0
XM_048223721.1	4917	4737.9	0	0
XM_048223722.1	4923	4743.9	26.3626	2.38598
XM_048223723.1	3344	3164.9	14.4868	1.96528
XM_048223724.1	2358	2178.9	0	0
XM_048223725.1	801	621.98	0	0
XM_048223726.1	1092	912.905	2.52776	1.18884
XM_048223727.1	2753	2573.9	0	0
XM_048223728.1	1179	999.905	0	0
XM_048223729.1	1589	1409.9	0	0
XM_048223730.1	1008	828.905	13.8946	7.19708
XM_048223731.1	2355	2175.9	0	0
XM_048223732.1	789	609.98	0	0
XM_048223733.1	1461	1281.9	0	0
XM_048223734.1	38068	37888.9	24.7425	0.280379
XM_048223735.1	4291	4111.9	0	0
XM_048223736.1	4984	4804.9	9.54278e-07	8.52715e-08
XM_048223737.1	4919	4739.9	50	4.52912
XM_048223738.1	8801	8621.9	0	0
XM_048223739.1	7273	7093.9	113.404	6.86367
XM_048223740.1	1214	1034.9	0	0
XM_048223741.1	2693	2513.9	80.9404	13.8239
XM_048223742.1	434	255.706	4	6.71633
XM_048223743.1	5612	5432.9	35	2.76598
XM_048223744.1	9893	9713.9	7.33214	0.324079
XM_048223745.1	9581	9401.9	0	0
XM_048223746.1	3979	3799.9	1.69411	0.191418
XM_048223747.1	4311	4131.9	0	0
XM_048223748.1	1956	1776.9	0.00063264	0.000152864
XM_048223749.1	1946	1766.9	0.999367	0.242843
XM_048223750.1	3730	3550.9	0	0
XM_048223751.1	848	668.98	0	0
XM_048223752.1	1565	1385.9	0	0
XM_048223753.1	2600	2420.9	0	0
XM_048223754.1	2457	2277.9	9.08335	1.71208
XM_048223755.1	3238	3058.9	3.91665	0.549746
XM_048223756.1	4329	4149.9	7.93481	0.820941
XM_048223757.1	3237	3057.9	0	0
XM_048223758.1	3165	2985.9	9	1.29414
XM_048223759.1	1654	1474.9	97.0066	28.2391
XM_048223760.1	13712	13532.9	4.83818	0.153499
XM_048223761.1	6225	6045.9	0	0
XM_048223762.1	13352	13172.9	465.839	15.1834
XM_048223763.1	5203	5023.9	0.00136183	0.000116385
XM_048223764.1	7264	7084.9	0	0
XM_048223765.1	5842	5662.9	1.42159	0.107783
XM_048223766.1	2494	2314.9	0	0
XM_048223767.1	2146	1966.9	0	0
XM_048223768.1	1048	868.905	9.8899	4.8869
XM_048223769.1	1498	1318.9	2	0.651074
XM_048223770.1	3189	3009.9	1	0.142646
XM_048223771.1	1854	1674.9	9.77187	2.50496
XM_048223772.1	1498	1318.9	0	0
XM_048223773.1	1456	1276.9	0	0
XM_048223774.1	2988	2808.9	1	0.152854
XM_048223775.1	1957	1777.9	13.3409	3.22173
XM_048223776.1	2945	2765.9	1077.59	167.274
XM_048223777.1	10727	10547.9	0	0
XM_048223778.1	4350	4170.9	43.0814	4.43479
XM_048223779.1	4266	4086.9	5.91862	0.621784
XM_048223780.1	1563	1383.9	0	0
XM_048223781.1	10248	10068.9	0.260919	0.0111259
XM_048223782.1	7887	7707.9	5.9925	0.333799
XM_048223783.1	6955	6775.9	0	0
XM_048223784.1	5298	5118.9	5.16122	0.432901
XM_048223785.1	5459	5279.9	0	0
XM_048223786.1	3119	2939.9	28.4532	4.15539
XM_048223787.1	5795	5615.9	0	0
XM_048223788.1	2903	2723.9	0	0
XM_048223789.1	1476	1296.9	0	0
XM_048223790.1	1457	1277.9	0	0
XM_048223791.1	10230	10050.9	2.69518	0.115132
XM_048223792.1	1987	1807.9	6.8439	1.62533
XM_048223793.1	2246	2066.9	0	0
XM_048223794.1	8186	8006.9	0	0
XM_048223795.1	878	698.98	0	0
XM_048223796.1	1907	1727.9	0	0
XM_048223797.1	1861	1681.9	0	0
XM_048223798.1	3106	2926.9	0	0
XM_048223799.1	2984	2804.9	0	0
XM_048223800.1	1506	1326.9	2	0.647148
XM_048223801.1	10092	9912.9	0	0
XM_048223802.1	8472	8292.9	0	0
XM_048223803.1	2358	2178.9	2	0.394099
XM_048223804.1	3230	3050.9	0	0
XM_048223805.1	2151	1971.9	0	0
XM_048223806.1	6395	6215.9	1.95725	0.135194
XM_048223807.1	4049	3869.9	4	0.443786
XM_048223808.1	6584	6404.9	32	2.14512
XM_048223809.1	6765	6585.9	0	0
XM_048223810.1	10317	10137.9	0	0
XM_048223811.1	9939	9759.9	0	0
XM_048223812.1	9927	9747.9	0	0
XM_048223813.1	9921	9741.9	0	0
XM_048223814.1	3970	3790.9	0	0
XM_048223815.1	2247	2067.9	14.698	3.05169
XM_048223816.1	2539	2359.9	0	0
XM_048223817.1	1750	1570.9	0	0
XM_048223818.1	4511	4331.9	3.70539	0.367256
XM_048223819.1	2273	2093.9	0	0
XM_048223820.1	2346	2166.9	0	0
XM_048223821.1	2109	1929.9	0	0
XM_048223822.1	2212	2032.9	0	0
XM_048223823.1	5776	5596.9	0	0
XM_048223824.1	2067	1887.9	113.183	25.7404
XM_048223825.1	2919	2739.9	0	0
XM_048223826.1	1530	1350.9	7.19358	2.2863
XM_048223827.1	2858	2678.9	8.00687	1.28327
XM_048223828.1	4231	4051.9	24	2.54311
XM_048223829.1	4899	4719.9	0	0
XM_048223830.1	4887	4707.9	38.7581	3.53467
XM_048223831.1	4680	4500.9	125.242	11.9471
XM_048223832.1	3056	2876.9	1.26183	0.188317
XM_048223833.1	2038	1858.9	0	0
XM_048223834.1	3091	2911.9	0	0
XM_048223835.1	2789	2609.9	6.48665	1.06711
XM_048223836.1	2372	2192.9	7.25152	1.41979
XM_048223837.1	2220	2040.9	0	0
XM_048223838.1	2224	2044.9	0	0
XM_048223839.1	1833	1653.9	0	0
XM_048223840.1	1166	986.905	0	0
XM_048223841.1	1167	987.905	0	0
XM_048223842.1	1267	1087.9	0	0
XM_048223843.1	3794	3614.9	32	3.80073
XM_048223844.1	3324	3144.9	0	0
XM_048223845.1	3159	2979.9	0	0
XM_048223846.1	1543	1363.9	3.75929	1.18341
XM_048223847.1	2632	2452.9	0	0
XM_048223848.1	16876	16696.9	12.1263	0.31182
XM_048223849.1	8748	8568.9	34.3001	1.71863
XM_048223850.1	5238	5058.9	0	0
XM_048223851.1	5434	5254.9	120.983	9.88495
XM_048223852.1	1149	969.905	3	1.32802
XM_048223853.1	5434	5254.9	1.27532e-08	1.042e-09
XM_048223854.1	3467	3287.9	0	0
XM_048223855.1	3231	3051.9	0	0
XM_048223856.1	2305	2125.9	0.820274	0.165664
XM_048223857.1	523	344.091	0	0
XM_048223858.1	6302	6122.9	199.309	13.976
XM_048223859.1	999	819.905	30.6482	16.0493
XM_048223860.1	936	756.98	24.3518	13.8121
XM_048223861.1	5678	5498.9	0	0
XM_048223862.1	5609	5429.9	0	0
XM_048223863.1	7287	7107.9	0	0
XM_048223864.1	3152	2972.9	0	0
XM_048223865.1	8128	7948.9	0	0
XM_048223866.1	5803	5623.9	0	0
XM_048223867.1	9926	9746.9	0	0
XM_048223868.1	9915	9735.9	0	0
XM_048223869.1	7567	7387.9	12.5129	0.727195
XM_048223870.1	7558	7378.9	0	0
XM_048223871.1	7626	7446.9	0	0
XM_048223872.1	7609	7429.9	0	0
XM_048223873.1	7537	7357.9	314.148	18.3313
XM_048223874.1	3520	3340.9	0	0
XM_048223875.1	3878	3698.9	3.91823	0.45481
XM_048223876.1	3985	3805.9	0	0
XM_048223877.1	3844	3664.9	12.0818	1.41541
XM_048223878.1	3692	3512.9	0	0
XM_048223879.1	4982	4802.9	0	0
XM_048223880.1	4800	4620.9	0	0
XM_048223881.1	3964	3784.9	0	0
XM_048223882.1	8665	8485.9	0	0
XM_048223883.1	7971	7791.9	9.80399	0.540222
XM_048223884.1	8640	8460.9	0	0
XM_048223885.1	3621	3441.9	4	0.49897
XM_048223886.1	3988	3808.9	0	0
XM_048223887.1	3206	3026.9	0	0
XM_048223888.1	3487	3307.9	44.0494	5.71743
XM_048223889.1	3589	3409.9	2.46125e-08	3.09904e-09
XM_048223890.1	3477	3297.9	4.86306e-07	6.33118e-08
XM_048223891.1	3582	3402.9	3.59591e-07	4.53704e-08
XM_048223892.1	3837	3657.9	0	0
XM_048223893.1	3592	3412.9	18.9506	2.38403
XM_048223894.1	6509	6329.9	0	0
XM_048223895.1	7004	6824.9	0	0
XM_048223896.1	6615	6435.9	4.14214e-08	2.76331e-09
XM_048223897.1	3541	3361.9	0	0
XM_048223898.1	3614	3434.9	8.6605	1.08253
XM_048223899.1	3719	3539.9	0	0
XM_048223900.1	3342	3162.9	0	0
XM_048223901.1	3237	3057.9	16.5665	2.32606
XM_048223902.1	4264	4084.9	0	0
XM_048223903.1	3315	3135.9	0	0
XM_048223904.1	3316	3136.9	0	0
XM_048223905.1	4085	3905.9	0	0
XM_048223906.1	2954	2774.9	0	0
XM_048223907.1	2664	2484.9	0	0
XM_048223908.1	9319	9139.9	9.48801	0.445704
XM_048223909.1	5893	5713.9	1.06848	0.080287
XM_048223910.1	2044	1864.9	3	0.690682
XM_048223911.1	2477	2297.9	0	0
XM_048223912.1	5727	5547.9	0	0
XM_048223913.1	5548	5368.9	0	0
XM_048223914.1	5610	5430.9	0	0
XM_048223915.1	5613	5433.9	0	0
XM_048223916.1	5631	5451.9	61.0956	4.81144
XM_048223917.1	5453	5273.9	0	0
XM_048223918.1	3352	3172.9	5.01299e-06	6.78349e-07
XM_048223919.1	3340	3160.9	0	0
XM_048223920.1	3174	2994.9	2.31032e-07	3.3121e-08
XM_048223921.1	3133	2953.9	15	2.18026
XM_048223922.1	6365	6185.9	0	0
XM_048223923.1	13848	13668.9	0	0
XM_048223924.1	13905	13725.9	13.4877	0.4219
XM_048223925.1	4313	4133.9	0	0
XM_048223926.1	4507	4327.9	0	0
XM_048223927.1	4186	4006.9	0	0
XM_048223928.1	13640	13460.9	0	0
XM_048223929.1	4159	3979.9	0.00504597	0.000544359
XM_048223930.1	4417	4237.9	0	0
XM_048223931.1	4096	3916.9	0	0
XM_048223932.1	2299	2119.9	0	0
XM_048223933.1	2860	2680.9	0	0
XM_048223934.1	2820	2640.9	0	0
XM_048223935.1	2923	2743.9	0	0
XM_048223936.1	8482	8302.9	12.7461	0.659113
XM_048223937.1	6933	6753.9	5.79232	0.368223
XM_048223938.1	5300	5120.9	1.22012	0.102298
XM_048223939.1	8218	8038.9	28.3123	1.51214
XM_048223940.1	717	537.98	4.65499	3.71506
XM_048223941.1	8199	8019.9	0	0
XM_048223942.1	8002	7822.9	0	0
XM_048223943.1	2270	2090.9	1.2809	0.263024
XM_048223944.1	5112	4932.9	0	0
XM_048223945.1	3550	3370.9	0	0
XM_048223946.1	3472	3292.9	0	0
XM_048223947.1	13967	13787.9	2.7226e-08	8.47812e-10
XM_048223948.1	9809	9629.9	2	0.0891705
XM_048223949.1	1083	903.905	10.0239	4.7613
XM_048223950.1	1831	1651.9	21.4187	5.56701
XM_048223951.1	8685	8505.9	0	0
XM_048223952.1	8547	8367.9	27.4659	1.40926
XM_048223953.1	8466	8286.9	0	0
XM_048223954.1	3287	3107.9	2.67361e-06	3.69355e-07
XM_048223955.1	2996	2816.9	23.1549	3.52927
XM_048223956.1	10044	9864.9	0	0
XM_048223957.1	3987	3807.9	12.8896	1.45333
XM_048223958.1	10040	9860.9	24.0906	1.04893
XM_048223959.1	2427	2247.9	0	0
XM_048223960.1	13146	12966.9	11	0.364225
XM_048223961.1	1901	1721.9	0	0
XM_048223962.1	5788	5608.9	0	0
XM_048223963.1	1255	1075.9	0	0
XM_048223964.1	1038	858.905	2	0.999766
XM_048223965.1	2334	2154.9	1	0.199244
XM_048223966.1	1018	838.905	0	0
XM_048223967.1	2526	2346.9	0	0
XM_048223968.1	1365	1185.9	0	0
XM_048223969.1	2231	2051.9	0	0
XM_048223970.1	4147	3967.9	94	10.1714
XM_048223971.1	756	576.98	0	0
XM_048223972.1	898	718.98	0	0
XM_048223973.1	2405	2225.9	0	0
XM_048223974.1	468	289.277	0	0
XM_048223975.1	2991	2811.9	0	0
XM_048223976.1	10438	10258.9	50.5758	2.11668
XM_048223977.1	678	498.98	0	0
XM_048223978.1	1294	1114.9	0	0
XM_048223979.1	3453	3273.9	0	0
XM_048223980.1	1317	1137.9	0	0
XM_048223981.1	3048	2868.9	1	0.149657
XM_048223982.1	1038	858.905	0	0
XM_048223983.1	1113	933.905	0	0
XM_048223984.1	1038	858.905	0	0
XM_048223985.1	1113	933.905	0	0
XM_048223986.1	1038	858.905	0	0
XM_048223987.1	945	765.905	0	0
XM_048223988.1	975	795.905	0	0
XM_048223989.1	5303	5123.9	65.4323	5.48283
XM_048223990.1	8392	8212.9	0	0
XM_048223991.1	2973	2793.9	0	0
XM_048223992.1	6756	6576.9	0	0
XM_048223993.1	8823	8643.9	0	0
XM_048223994.1	762	582.98	0	0
XM_048223995.1	1401	1221.9	0	0
XM_048223996.1	1688	1508.9	0	0
XM_048223997.1	1592	1412.9	1	0.303879
XM_048223998.1	1774	1594.9	0	0
XM_048223999.1	2709	2529.9	0	0
XM_048224000.1	937	757.905	0	0
XM_048224001.1	1564	1384.9	1	0.310023
XM_048224002.1	309	137.706	0	0
XM_048224003.1	531	352.091	0	0
XM_048224004.1	1431	1251.9	0	0
XM_048224005.1	2337	2157.9	0	0
XM_048224006.1	3724	3544.9	0	0
XM_048224007.1	3360	3180.9	8.99967	1.21476
XM_048224008.1	4014	3834.9	1	0.111959
XM_048224009.1	7928	7748.9	0.64683	0.0358396
XM_048224010.1	7497	7317.9	0	0
XM_048224011.1	1442	1262.9	0	0
XM_048224012.1	1744	1564.9	0	0
XM_048224013.1	1577	1397.9	0	0
XM_048224014.1	7338	7158.9	10	0.599745
XM_048224015.1	3067	2887.9	4	0.59469
XM_048224016.1	2249	2069.9	0.977628	0.202785
XM_048224017.1	6790	6610.9	0.000159086	1.0332e-05
XM_048224018.1	6738	6558.9	4.75586	0.311323
XM_048224019.1	6793	6613.9	0	0
XM_048224020.1	4599	4419.9	4.30964	0.418641
XM_048224021.1	3409	3229.9	7.02181	0.933411
XM_048224022.1	3481	3301.9	0	0
XM_048224023.1	3855	3675.9	97	11.3298
XM_048224024.1	1744	1564.9	0	0
XM_048224025.1	1389	1209.9	0	0
XM_048224026.1	1218	1038.9	0	0
XM_048224027.1	3204	3024.9	0.0588316	0.0083505
XM_048224028.1	7930	7750.9	16.1488	0.894541
XM_048224029.1	1500	1320.9	0	0
XM_048224030.1	1421	1241.9	0	0
XM_048224031.1	4585	4405.9	7	0.682144
XM_048224032.1	2995	2815.9	0	0
XM_048224033.1	1278	1098.9	0	0
XM_048224034.1	4528	4348.9	4.82787e-07	4.76639e-08
XM_048224035.1	3096	2916.9	44.8785	6.60586
XM_048224036.1	3278	3098.9	12.1215	1.67943
XM_048224037.1	1913	1733.9	2	0.495243
XM_048224038.1	2796	2616.9	1.26636	0.20777
XM_048224039.1	13622	13442.9	70.5816	2.2543
XM_048224040.1	4466	4286.9	15.553	1.5577
XM_048224041.1	3078	2898.9	0	0
XM_048224042.1	3428	3248.9	0	0
XM_048224043.1	1631	1451.9	0	0
XM_048224044.1	3344	3164.9	1.55993	0.211621
XM_048224045.1	1353	1173.9	0	0
XM_048224046.1	3532	3352.9	32	4.09772
XM_048224047.1	1976	1796.9	0	0
XM_048224048.1	1737	1557.9	0	0
XM_048224049.1	4977	4797.9	13	1.16334
XM_048224050.1	1552	1372.9	0	0
XM_048224051.1	1410	1230.9	23.6872	8.26232
XM_048224052.1	1495	1315.9	0	0
XM_048224053.1	1472	1292.9	0	0
XM_048224054.1	1457	1277.9	0	0
XM_048224055.1	1426	1246.9	0	0
XM_048224056.1	1282	1102.9	0	0
XM_048224057.1	6359	6179.9	7	0.486328
XM_048224058.1	6479	6299.9	0	0
XM_048224059.1	1825	1645.9	0	0
XM_048224060.1	1825	1645.9	1	0.260861
XM_048224061.1	3092	2912.9	0	0
XM_048224062.1	2296	2116.9	0	0
XM_048224063.1	14654	14474.9	0	0
XM_048224064.1	14738	14558.9	0	0
XM_048224065.1	14689	14509.9	0	0
XM_048224066.1	15590	15410.9	11.5476	0.321718
XM_048224067.1	14590	14410.9	44.187	1.31649
XM_048224068.1	14545	14365.9	0	0
XM_048224069.1	14542	14362.9	0	0
XM_048224070.1	9164	8984.9	69.1377	3.30381
XM_048224071.1	13674	13494.9	39.2942	1.25018
XM_048224072.1	2112	1932.9	9.32696	2.07178
XM_048224073.1	8601	8421.9	0	0
XM_048224074.1	8560	8380.9	0	0
XM_048224075.1	4595	4415.9	0	0
XM_048224076.1	6848	6668.9	80.4287	5.17809
XM_048224077.1	8559	8379.9	0	0
XM_048224078.1	7053	6873.9	24.7252	1.54436
XM_048224079.1	6881	6701.9	3.84952	0.246616
XM_048224080.1	6804	6624.9	0	0
XM_048224081.1	6723	6543.9	1246.87	81.8081
XM_048224082.1	11892	11712.9	30.6665	1.12412
XM_048224083.1	6449	6269.9	156.116	10.6906
XM_048224084.1	6621	6441.9	1.03133e-06	6.87381e-08
XM_048224085.1	6362	6182.9	261.347	18.1484
XM_048224086.1	6534	6354.9	0	0
XM_048224087.1	4263	4083.9	0	0
XM_048224088.1	6263	6083.9	4.41342	0.311463
XM_048224089.1	6348	6168.9	0	0
XM_048224090.1	6081	5901.9	0	0
XM_048224091.1	6086	5906.9	0	0
XM_048224092.1	3506	3326.9	1.58658	0.204755
XM_048224093.1	4860	4680.9	30.2657	2.7761
XM_048224094.1	5110	4930.9	0	0
XM_048224095.1	11772	11592.9	0	0
XM_048224096.1	10680	10500.9	21.5182	0.87982
XM_048224097.1	11005	10825.9	0	0
XM_048224098.1	10192	10012.9	57.4818	2.46481
XM_048224099.1	3498	3318.9	22	2.84604
XM_048224100.1	13104	12924.9	9.95882	0.330822
XM_048224101.1	3318	3138.9	0	0
XM_048224102.1	18723	18543.9	9.21236	0.213296
XM_048224103.1	12881	12701.9	0	0
XM_048224104.1	5264	5084.9	5.52812	0.466775
XM_048224105.1	5161	4981.9	8.26137	0.711984
XM_048224106.1	4259	4079.9	0	0
XM_048224107.1	5823	5643.9	0	0
XM_048224108.1	6014	5834.9	3.00959	0.221456
XM_048224109.1	12114	11934.9	42.1904	1.51778
XM_048224110.1	2272	2092.9	0	0
XM_048224111.1	5238	5058.9	0	0
XM_048224112.1	1194	1014.9	0	0
XM_048224113.1	1503	1323.9	0	0
XM_048224114.1	2487	2307.9	0	0
XM_048224115.1	6298	6118.9	47	3.2979
XM_048224116.1	3398	3218.9	1	0.133384
XM_048224117.1	4539	4359.9	7.13409e-06	7.02546e-07
XM_048224118.1	4495	4315.9	3.99999	0.397925
XM_048224119.1	4769	4589.9	16.817	1.57311
XM_048224120.1	9037	8857.9	0	0
XM_048224121.1	2591	2411.9	0	0
XM_048224122.1	5317	5137.9	0	0
XM_048224123.1	992	812.905	0	0
XM_048224124.1	9301	9121.9	5.2428	0.246769
XM_048224125.1	9345	9165.9	58.3909	2.73516
XM_048224126.1	2688	2508.9	16.1062	2.75628
XM_048224127.1	5972	5792.9	0	0
XM_048224128.1	2153	1973.9	1.00025	0.217567
XM_048224129.1	1828	1648.9	0	0
XM_048224130.1	7401	7221.9	0	0
XM_048224131.1	7286	7106.9	2.55211	0.154181
XM_048224132.1	6597	6417.9	0	0
XM_048224133.1	6678	6498.9	0	0
XM_048224134.1	18725	18545.9	24.0538	0.556863
XM_048224135.1	4129	3949.9	45.6475	4.96185
XM_048224136.1	10429	10249.9	6.14029	0.257207
XM_048224137.1	12267	12087.9	6.07189e-06	2.15668e-07
XM_048224138.1	12121	11941.9	46.8129	1.68308
XM_048224139.1	3088	2908.9	0	0
XM_048224140.1	1299	1119.9	5	1.91691
XM_048224141.1	7110	6930.9	0	0
XM_048224142.1	2998	2818.9	0	0
XM_048224143.1	17917	17737.9	0.174238	0.0042175
XM_048224144.1	22816	22636.9	10.167	0.192837
XM_048224145.1	17884	17704.9	1.97938	0.0480008
XM_048224146.1	22353	22173.9	0	0
XM_048224147.1	26320	26140.9	5.80228	0.0952997
XM_048224148.1	18360	18180.9	0	0
XM_048224149.1	4466	4286.9	6.81814	0.682866
XM_048224150.1	7041	6861.9	0	0
XM_048224151.1	17324	17144.9	0.39654	0.00993037
XM_048224152.1	18144	17964.9	21.5291	0.514534
XM_048224153.1	27609	27429.9	39.4056	0.616805
XM_048224154.1	26649	26469.9	0	0
XM_048224155.1	7685	7505.9	5.41996	0.310032
XM_048224156.1	853	673.98	0	0
XM_048224157.1	557	378.018	0	0
XM_048224158.1	7008	6828.9	0	0
XM_048224159.1	3196	3016.9	30.5416	4.34654
XM_048224160.1	4971	4791.9	7.88176	0.706201
XM_048224161.1	5880	5700.9	1.00674e-08	7.58205e-10
XM_048224162.1	6975	6795.9	0	0
XM_048224163.1	3756	3576.9	0	0
XM_048224164.1	5768	5588.9	0	0
XM_048224165.1	5593	5413.9	0	0
XM_048224166.1	5341	5161.9	3.42302	0.284716
XM_048224167.1	5360	5180.9	2	0.165744
XM_048224168.1	6954	6774.9	0	0
XM_048224169.1	2889	2709.9	20.2157	3.20294
XM_048224170.1	2841	2661.9	0	0
XM_048224171.1	6930	6750.9	0	0
XM_048224172.1	5959	5779.9	14.2982	1.06212
XM_048224173.1	5743	5563.9	2.11089	0.162892
XM_048224174.1	471	292.277	1.59094	2.33708
XM_048224175.1	3742	3562.9	0	0
XM_048224176.1	6906	6726.9	0	0
XM_048224177.1	1631	1451.9	0	0
XM_048224178.1	1698	1518.9	0.000151912	4.29414e-05
XM_048224179.1	1687	1507.9	1.99985	0.569425
XM_048224180.1	6885	6705.9	0	0
XM_048224181.1	8261	8081.9	11.7166	0.622448
XM_048224182.1	3274	3094.9	3.05196	0.423394
XM_048224183.1	3295	3115.9	0.000448686	6.18261e-05
XM_048224184.1	6864	6684.9	0	0
XM_048224185.1	9939	9759.9	0.000202537	8.90989e-06
XM_048224186.1	3248	3068.9	0	0
XM_048224187.1	3074	2894.9	0	0
XM_048224188.1	9948	9768.9	9.31496	0.409401
XM_048224189.1	8040	7860.9	0	0
XM_048224190.1	6873	6693.9	0	0
XM_048224191.1	3239	3059.9	0	0
XM_048224192.1	3072	2892.9	0	0
XM_048224193.1	6831	6651.9	0	0
XM_048224194.1	3608	3428.9	6	0.751293
XM_048224195.1	1723	1543.9	10.1621	2.82603
XM_048224196.1	1549	1369.9	0	0
XM_048224197.1	6795	6615.9	0	0
XM_048224198.1	4168	3988.9	0	0
XM_048224199.1	6810	6630.9	0	0
XM_048224200.1	3101	2921.9	0	0
XM_048224201.1	3033	2853.9	0	0
XM_048224202.1	6843	6663.9	0	0
XM_048224203.1	1874	1694.9	4.32839	1.09646
XM_048224204.1	5930	5750.9	5.67188	0.423452
XM_048224205.1	6121	5941.9	0	0
XM_048224206.1	9378	9198.9	8.48932	0.396233
XM_048224207.1	6762	6582.9	0	0
XM_048224208.1	7815	7635.9	0	0
XM_048224209.1	5871	5691.9	0	0
XM_048224210.1	7671	7491.9	5.84077	0.334727
XM_048224211.1	6741	6561.9	0	0
XM_048224212.1	6624	6444.9	0	0
XM_048224213.1	6789	6609.9	0	0
XM_048224214.1	1176	996.905	0	0
XM_048224215.1	6783	6603.9	0	0
XM_048224216.1	1284	1104.9	0	0
XM_048224217.1	542	363.056	0	0
XM_048224218.1	6756	6576.9	0	0
XM_048224219.1	1021	841.905	0	0
XM_048224220.1	7747	7567.9	0	0
XM_048224221.1	6750	6570.9	0	0
XM_048224222.1	6762	6582.9	0	0
XM_048224223.1	6729	6549.9	0	0
XM_048224224.1	2161	1981.9	24.4705	5.30118
XM_048224225.1	6693	6513.9	0	0
XM_048224226.1	6708	6528.9	0	0
XM_048224227.1	6651	6471.9	0	0
XM_048224228.1	6618	6438.9	7.83111e-07	5.22185e-08
XM_048224229.1	6549	6369.9	0.999999	0.0674031
XM_048224230.1	4894	4714.9	21.4846	1.95645
XM_048224231.1	9178	8998.9	6.57804	0.313849
XM_048224232.1	9309	9129.9	7.15899	0.336666
XM_048224233.1	4802	4622.9	212.134	19.7019
XM_048224234.1	6585	6405.9	5.96496	0.399798
XM_048224235.1	4796	4616.9	82.6354	7.68473
XM_048224236.1	6583	6403.9	1.21763	0.0816364
XM_048224237.1	9093	8913.9	8.85891	0.426703
XM_048224238.1	9091	8911.9	2.83034	0.136358
XM_048224239.1	9224	9044.9	9.43793	0.448008
XM_048224240.1	9222	9042.9	3.08861	0.146645
XM_048224241.1	2675	2495.9	42.9881	7.39492
XM_048224242.1	4481	4301.9	48	4.79064
XM_048224243.1	4087	3907.9	4.84417	0.532217
XM_048224244.1	3277	3097.9	5.11218	0.708519
XM_048224245.1	9289	9109.9	0	0
XM_048224246.1	744	564.98	0	0
XM_048224247.1	10947	10767.9	0	0
XM_048224248.1	10203	10023.9	104.801	4.48892
XM_048224249.1	10294	10114.9	0.000791434	3.35944e-05
XM_048224250.1	10444	10264.9	0	0
XM_048224251.1	10224	10044.9	6.8275	0.291829
XM_048224252.1	11148	10968.9	23.0657	0.902851
XM_048224253.1	10197	10017.9	133.34	5.71476
XM_048224254.1	7561	7381.9	33	1.91937
XM_048224255.1	5301	5121.9	0	0
XM_048224256.1	5169	4989.9	0	0
XM_048224257.1	10637	10457.9	57.0846	2.34362
XM_048224258.1	26596	26416.9	173.255	2.8159
XM_048224259.1	4010	3830.9	0	0
XM_048224260.1	3946	3766.9	17	1.93766
XM_048224261.1	4641	4461.9	0	0
XM_048224262.1	2259	2079.9	0	0
XM_048224263.1	6550	6370.9	343	23.1157
XM_048224264.1	3833	3653.9	0.203299	0.0238886
XM_048224265.1	11726	11546.9	0	0
XM_048224266.1	11648	11468.9	0	0
XM_048224267.1	11568	11388.9	0	0
XM_048224268.1	11494	11314.9	0	0
XM_048224269.1	15999	15819.9	0	0
XM_048224270.1	13173	12993.9	0	0
XM_048224271.1	4928	4748.9	0	0
XM_048224272.1	1041	861.905	40.7211	20.2849
XM_048224273.1	1032	852.905	21.2789	10.7118
XM_048224274.1	774	594.98	0	0
XM_048224275.1	3089	2909.9	0	0
XM_048224276.1	2005	1825.9	0	0
XM_048224277.1	1775	1595.9	0	0
XM_048224278.1	1452	1272.9	4.20593	1.41866
XM_048224279.1	1597	1417.9	0	0
XM_048224280.1	1026	846.905	177.616	90.0452
XM_048224281.1	4772	4592.9	0	0
XM_048224282.1	4754	4574.9	4.43024e-07	4.15775e-08
XM_048224283.1	519	340.091	0	0
XM_048224284.1	4538	4358.9	0	0
XM_048224285.1	4482	4302.9	0	0
XM_048224286.1	4502	4322.9	0	0
XM_048224287.1	4485	4305.9	0	0
XM_048224288.1	6720	6540.9	1	0.0656411
XM_048224289.1	4564	4384.9	0	0
XM_048224290.1	4449	4269.9	0	0
XM_048224291.1	2125	1945.9	0	0
XM_048224292.1	1819	1639.9	1	0.261815
XM_048224293.1	4738	4558.9	0	0
XM_048224294.1	3025	2845.9	83	12.5219
XM_048224295.1	6157	5977.9	4.74437	0.340755
XM_048224296.1	4897	4717.9	4.82803	0.439373
XM_048224297.1	10777	10597.9	0	0
XM_048224298.1	9762	9582.9	31.1381	1.39511
XM_048224299.1	9448	9268.9	0.0225953	0.00104666
XM_048224300.1	9418	9238.9	1.5537	0.0722037
XM_048224301.1	3557	3377.9	5.42371	0.689386
XM_048224302.1	5435	5255.9	0	0
XM_048224303.1	5069	4889.9	0	0
XM_048224304.1	5863	5683.9	731.139	55.229
XM_048224305.1	1451	1271.9	2.7147	0.916391
XM_048224306.1	11704	11524.9	0.000152937	5.69756e-06
XM_048224307.1	12763	12583.9	0	0
XM_048224308.1	12577	12397.9	3.40384e-07	1.17878e-08
XM_048224309.1	12612	12432.9	0	0
XM_048224310.1	12591	12411.9	7.80438e-08	2.69969e-09
XM_048224311.1	12426	12246.9	3	0.105174
XM_048224312.1	2238	2058.9	0	0
XM_048224313.1	7786	7606.9	0	0
XM_048224314.1	7425	7245.9	0.000987029	5.84859e-05
XM_048224315.1	7093	6913.9	10.2215	0.634754
XM_048224316.1	7089	6909.9	0	0
XM_048224317.1	3924	3744.9	5	0.573248
XM_048224318.1	5503	5323.9	0	0
XM_048224319.1	5842	5662.9	4.40084	0.333664
XM_048224320.1	5848	5668.9	0	0
XM_048224321.1	5334	5154.9	0	0
XM_048224322.1	8362	8182.9	0	0
XM_048224323.1	8297	8117.9	0	0
XM_048224324.1	2201	2021.9	0	0
XM_048224325.1	2844	2664.9	0.149447	0.0240779
XM_048224326.1	2819	2639.9	16.2622	2.64487
XM_048224327.1	5331	5151.9	0	0
XM_048224328.1	2095	1915.9	0	0
XM_048224329.1	5262	5082.9	0	0
XM_048224330.1	5244	5064.9	0	0
XM_048224331.1	5105	4925.9	1.96769	0.171508
XM_048224332.1	5215	5035.9	0	0
XM_048224333.1	5220	5040.9	0	0
XM_048224334.1	5207	5027.9	0	0
XM_048224335.1	2095	1915.9	0	0
XM_048224336.1	8191	8011.9	126	6.75225
XM_048224337.1	1681	1501.9	0	0
XM_048224338.1	11694	11514.9	14	0.522013
XM_048224339.1	11149	10969.9	2.29665	0.0898889
XM_048224340.1	14352	14172.9	0	0
XM_048224341.1	5669	5489.9	0	0
XM_048224342.1	5594	5414.9	0	0
XM_048224343.1	5477	5297.9	0	0
XM_048224344.1	5288	5108.9	0	0
XM_048224345.1	5608	5428.9	0	0
XM_048224346.1	2150	1970.9	0	0
XM_048224347.1	10792	10612.9	0	0
XM_048224348.1	516	337.091	0	0
XM_048224349.1	547	368.056	7.06682	8.24374
XM_048224350.1	2236	2056.9	0	0
XM_048224351.1	5361	5181.9	13.0152	1.07839
XM_048224352.1	493	314.154	8.81894	12.0528
XM_048224353.1	4559	4379.9	0	0
XM_048224354.1	13068	12888.9	0	0
XM_048224355.1	10044	9864.9	97.2669	4.23336
XM_048224356.1	1424	1244.9	166.45	57.4066
XM_048224357.1	6603	6423.9	0	0
XM_048224358.1	6902	6722.9	0	0
XM_048224359.1	4078	3898.9	0.833069	0.0917385
XM_048224360.1	5006	4826.9	1	0.0889497
XM_048224361.1	4801	4621.9	27.3862	2.54404
XM_048224362.1	4798	4618.9	27.6138	2.56685
XM_048224363.1	4032	3852.9	408.635	45.5366
XM_048224364.1	2387	2207.9	4.90282	0.953409
XM_048224365.1	2312	2132.9	0	0
XM_048224366.1	2300	2120.9	0	0
XM_048224367.1	1036	856.905	5.09718	2.55394
XM_048224368.1	2220	2040.9	0	0
XM_048224369.1	2412	2232.9	2	0.384568
XM_048224370.1	3989	3809.9	0.0139329	0.00157015
XM_048224371.1	3998	3818.9	3.7594e-05	4.22662e-06
XM_048224372.1	2740	2560.9	6.80366e-07	1.14068e-07
XM_048224373.1	3025	2845.9	0	0
XM_048224374.1	2708	2528.9	9.10516	1.54585
XM_048224375.1	2498	2318.9	0	0
XM_048224376.1	2448	2268.9	0	0
XM_048224377.1	1280	1100.9	0	0
XM_048224378.1	4057	3877.9	0	0
XM_048224379.1	5552	5372.9	0	0
XM_048224380.1	5453	5273.9	0	0
XM_048224381.1	5461	5281.9	9.21844	0.749342
XM_048224382.1	5314	5134.9	10.4821	0.876455
XM_048224383.1	4265	4085.9	0	0
XM_048224384.1	4331	4151.9	0	0
XM_048224385.1	4177	3997.9	0	0
XM_048224386.1	4425	4245.9	0	0
XM_048224387.1	4255	4075.9	0.00559516	0.000589389
XM_048224388.1	4253	4073.9	0.0106165	0.00111888
XM_048224389.1	4236	4056.9	2.4885	0.263364
XM_048224390.1	4511	4331.9	0	0
XM_048224391.1	4308	4128.9	0	0
XM_048224392.1	2451	2271.9	0	0
XM_048224393.1	3521	3341.9	0	0
XM_048224394.1	3521	3341.9	0	0
XM_048224395.1	3582	3402.9	0	0
XM_048224396.1	2818	2638.9	0	0
XM_048224397.1	6991	6811.9	5.11134	0.322166
XM_048224398.1	3267	3087.9	423.814	58.9284
XM_048224399.1	3302	3122.9	0	0
XM_048224400.1	3729	3549.9	20.1862	2.44147
XM_048224401.1	4411	4231.9	0	0
XM_048224402.1	3675	3495.9	19.9996	2.45626
XM_048224403.1	2266	2086.9	22.9133	4.7141
XM_048224404.1	1851	1671.9	74.1718	19.0476
XM_048224405.1	2800	2620.9	49.8927	8.17333
XM_048224406.1	4684	4504.9	0	0
XM_048224407.1	4225	4045.9	10	1.0612
XM_048224408.1	5073	4893.9	0	0
XM_048224409.1	4968	4788.9	0	0
XM_048224410.1	1407	1227.9	585.6	204.762
XM_048224411.1	9101	8921.9	0.906515	0.0436246
XM_048224412.1	12473	12293.9	3.64588	0.127329
XM_048224413.1	2050	1870.9	17.8131	4.08791
XM_048224414.1	4369	4189.9	15.447	1.5829
XM_048224415.1	4386	4206.9	0.0783363	0.00799491
XM_048224416.1	4776	4596.9	11.2257	1.04848
XM_048224417.1	4755	4575.9	0	0
XM_048224418.1	4752	4572.9	0	0
XM_048224419.1	3957	3777.9	16.7743	1.90637
XM_048224420.1	7229	7049.9	0	0
XM_048224421.1	12345	12165.9	47.9965	1.69386
XM_048224422.1	12834	12654.9	0	0
XM_048224423.1	9718	9538.9	0	0
XM_048224424.1	8913	8733.9	0	0
XM_048224425.1	3530	3350.9	13.8218	1.771
XM_048224426.1	12625	12445.9	0.000233175	8.04394e-06
XM_048224427.1	22883	22703.9	9.40388	0.177836
XM_048224428.1	3129	2949.9	0	0
XM_048224429.1	2505	2325.9	15.9731	2.94857
XM_048224430.1	813	633.98	0	0
XM_048224431.1	20794	20614.9	0	0
XM_048224432.1	17038	16858.9	0	0
XM_048224433.1	17707	17527.9	0	0
XM_048224434.1	17119	16939.9	0	0
XM_048224435.1	16909	16729.9	0	0
XM_048224436.1	16363	16183.9	8.28816	0.219881
XM_048224437.1	17588	17408.9	0	0
XM_048224438.1	16240	16060.9	0	0
XM_048224439.1	17627	17447.9	0	0
XM_048224440.1	14813	14633.9	0	0
XM_048224441.1	17621	17441.9	0	0
XM_048224442.1	15265	15085.9	0	0
XM_048224443.1	13578	13398.9	0	0
XM_048224444.1	12478	12298.9	0	0
XM_048224445.1	11809	11629.9	0	0
XM_048224446.1	15402	15222.9	0	0
XM_048224447.1	20609	20429.9	0	0
XM_048224448.1	14658	14478.9	0	0
XM_048224449.1	4104	3924.9	0	0
XM_048224450.1	4356	4176.9	0	0
XM_048224451.1	1655	1475.9	3.29446	0.958383
XM_048224452.1	672	492.98	4.95061	4.31164
XM_048224453.1	4957	4777.9	9.00608e-06	8.09304e-07
XM_048224454.1	4932	4752.9	0	0
XM_048224455.1	4657	4477.9	1.10549e-08	1.05997e-09
XM_048224456.1	4979	4799.9	23.4116	2.09417
XM_048224457.1	7239	7059.9	0	0
XM_048224458.1	4592	4412.9	0.0496853	0.00483411
XM_048224459.1	4581	4401.9	55.6159	5.42465
XM_048224460.1	4475	4295.9	3.2944e-06	3.29257e-07
XM_048224461.1	4487	4307.9	0	0
XM_048224462.1	4795	4615.9	0	0
XM_048224463.1	4564	4384.9	23.0479	2.25675
XM_048224464.1	5530	5350.9	0	0
XM_048224465.1	4428	4248.9	1.74229e-06	1.76058e-07
XM_048224466.1	4391	4211.9	0.157799	0.0160856
XM_048224467.1	4427	4247.9	0	0
XM_048224468.1	4478	4298.9	0	0
XM_048224469.1	8241	8061.9	19.5783	1.04268
XM_048224470.1	7101	6921.9	0	0
XM_048224471.1	4416	4236.9	0	0
XM_048224472.1	4342	4162.9	0	0
XM_048224473.1	4304	4124.9	0	0
XM_048224474.1	4513	4333.9	0	0
XM_048224475.1	4206	4026.9	0	0
XM_048224476.1	4039	3859.9	0	0
XM_048224477.1	4723	4543.9	0	0
XM_048224478.1	4412	4232.9	0	0
XM_048224479.1	6745	6565.9	0	0
XM_048224480.1	4045	3865.9	0	0
XM_048224481.1	4049	3869.9	0	0
XM_048224482.1	4023	3843.9	0	0
XM_048224483.1	3948	3768.9	0	0
XM_048224484.1	3425	3245.9	0	0
XM_048224485.1	4312	4132.9	0	0
XM_048224486.1	5845	5665.9	9.28837	0.703856
XM_048224487.1	5235	5055.9	11.7116	0.994562
XM_048224488.1	8625	8445.9	50.3084	2.55745
XM_048224489.1	1308	1128.9	0	0
XM_048224490.1	987	807.905	0	0
XM_048224491.1	3342	3162.9	0	0
XM_048224492.1	795	615.98	0	0
XM_048224493.1	8321	8141.9	3	0.158201
XM_048224494.1	2424	2244.9	0	0
XM_048224495.1	9807	9627.9	1	0.0445945
XM_048224496.1	2107	1927.9	1	0.222704
XM_048224497.1	2709	2529.9	0.000113204	1.92119e-05
XM_048224498.1	953	773.905	0	0
XM_048224499.1	714	534.98	0	0
XM_048224500.1	3957	3777.9	0	0
XM_048224501.1	4035	3855.9	2.06174	0.229573
XM_048224502.1	2367	2187.9	0	0
XM_048224503.1	5250	5070.9	0	0
XM_048224504.1	5160	4980.9	1	0.0861996
XM_048224505.1	2154	1974.9	0	0
XM_048224506.1	1380	1200.9	0	0
XM_048224507.1	679	499.98	1.44799	1.24344
XM_048224508.1	7834	7654.9	0	0
XM_048224509.1	4095	3915.9	1.06547e-05	1.16821e-06
XM_048224510.1	4734	4554.9	11.3426	1.06917
XM_048224511.1	4731	4551.9	1.17654e-05	1.10976e-06
XM_048224512.1	1804	1624.9	11	2.90655
XM_048224513.1	5277	5097.9	0	0
XM_048224514.1	5114	4934.9	0	0
XM_048224515.1	5038	4858.9	0	0
XM_048224516.1	2510	2330.9	0.00374348	0.000689547
XM_048224517.1	2496	2316.9	9.7187	1.801
XM_048224518.1	10459	10279.9	0	0
XM_048224519.1	1513	1333.9	0	0
XM_048224520.1	13899	13719.9	21.6757	0.678323
XM_048224521.1	14950	14770.9	21.3243	0.619841
XM_048224522.1	12046	11866.9	0	0
XM_048224523.1	5075	4895.9	0	0
XM_048224524.1	4398	4218.9	0	0
XM_048224525.1	4276	4096.9	14.5264	1.52235
XM_048224526.1	4124	3944.9	0	0
XM_048224527.1	5121	4941.9	0	0
XM_048224528.1	4121	3941.9	0	0
XM_048224529.1	4988	4808.9	0	0
XM_048224530.1	3962	3782.9	0	0
XM_048224531.1	3950	3770.9	0	0
XM_048224532.1	4781	4601.9	0	0
XM_048224533.1	4780	4600.9	0	0
XM_048224534.1	3787	3607.9	3.73688	0.4447
XM_048224535.1	3701	3521.9	0	0
XM_048224536.1	3698	3518.9	0	0
XM_048224537.1	2372	2192.9	0	0
XM_048224538.1	2184	2004.9	0	0
XM_048224539.1	2949	2769.9	0	0
XM_048224540.1	4486	4306.9	0	0
XM_048224541.1	1700	1520.9	0	0
XM_048224542.1	4867	4687.9	0	0
XM_048224543.1	2538	2358.9	216	39.3149
XM_048224544.1	11207	11027.9	34.0447	1.32547
XM_048224545.1	4020	3840.9	0	0
XM_048224546.1	4023	3843.9	0	0
XM_048224547.1	6015	5835.9	1.28986	0.094896
XM_048224548.1	8485	8305.9	0	0
XM_048224549.1	6024	5844.9	0.172655	0.0126828
XM_048224550.1	6033	5853.9	0.0231826	0.00170031
XM_048224551.1	6130	5950.9	0	0
XM_048224552.1	4257	4077.9	0	0
XM_048224553.1	6013	5833.9	2.01747	0.148477
XM_048224554.1	4527	4347.9	0	0
XM_048224555.1	2312	2132.9	16.9112	3.4042
XM_048224556.1	2185	2005.9	0	0
XM_048224557.1	5327	5147.9	52.9663	4.41756
XM_048224558.1	5321	5141.9	4.2021e-05	3.50878e-06
XM_048224559.1	3045	2865.9	137.475	20.5957
XM_048224560.1	2986	2806.9	60.1816	9.20555
XM_048224561.1	1098	918.905	0	0
XM_048224562.1	2662	2482.9	26.6876	4.6149
XM_048224563.1	5471	5291.9	0	0
XM_048224564.1	3734	3554.9	0	0
XM_048224565.1	5329	5149.9	11.093	0.924836
XM_048224566.1	3754	3574.9	65.8935	7.91391
XM_048224567.1	3660	3480.9	0	0
XM_048224568.1	3674	3494.9	0	0
XM_048224569.1	1016	836.905	0	0
XM_048224570.1	2048	1868.9	0	0
XM_048224571.1	2611	2431.9	0	0
XM_048224572.1	2253	2073.9	0	0
XM_048224573.1	1449	1269.9	38	12.8477
XM_048224574.1	1374	1194.9	0	0
XM_048224575.1	1921	1741.9	0	0
XM_048224576.1	1762	1582.9	17	4.61113
XM_048224577.1	2651	2471.9	43.3006	7.521
XM_048224578.1	2726	2546.9	16.5117	2.78351
XM_048224579.1	6626	6446.9	3.17236	0.211273
XM_048224580.1	2801	2621.9	8.97285	1.46936
XM_048224581.1	1162	982.905	21.8396	9.53995
XM_048224582.1	5836	5656.9	0.000498277	3.78186e-05
XM_048224583.1	2907	2727.9	0	0
XM_048224584.1	5604	5424.9	0.209292	0.0165643
XM_048224585.1	3139	2959.9	0	0
XM_048224586.1	6501	6321.9	4.33746e-06	2.94578e-07
XM_048224587.1	11939	11759.9	0	0
XM_048224588.1	11891	11711.9	0	0
XM_048224589.1	1653	1473.9	0	0
XM_048224590.1	3564	3384.9	1.12011e-07	1.42079e-08
XM_048224591.1	13939	13759.9	0	0
XM_048224592.1	13936	13756.9	0	0
XM_048224593.1	13936	13756.9	0	0
XM_048224594.1	13933	13753.9	0	0
XM_048224595.1	3513	3333.9	45.027	5.79874
XM_048224596.1	13909	13729.9	0	0
XM_048224597.1	13905	13725.9	0	0
XM_048224598.1	10523	10343.9	0	0
XM_048224599.1	13542	13362.9	0	0
XM_048224600.1	3581	3401.9	0	0
XM_048224601.1	10124	9944.9	79.7346	3.44239
XM_048224602.1	13479	13299.9	0	0
XM_048224603.1	10097	9917.9	0	0
XM_048224604.1	13399	13219.9	0	0
XM_048224605.1	10010	9830.9	0	0
XM_048224606.1	9979	9799.9	0	0
XM_048224607.1	9888	9708.9	0	0
XM_048224608.1	3079	2899.9	681.316	100.874
XM_048224609.1	7948	7768.9	0	0
XM_048224610.1	7783	7603.9	0	0
XM_048224611.1	3418	3238.9	0	0
XM_048224612.1	2006	1826.9	229.455	53.9257
XM_048224613.1	2262	2082.9	1	0.206131
XM_048224614.1	3545	3365.9	0	0
XM_048224615.1	3486	3306.9	0	0
XM_048224616.1	3329	3149.9	1	0.136306
XM_048224617.1	914	734.98	2.05714	1.20171
XM_048224618.1	606	426.98	5.25728	5.28648
XM_048224619.1	6305	6125.9	3.61682e-08	2.53495e-09
XM_048224620.1	3130	2950.9	0	0
XM_048224621.1	3017	2837.9	0	0
XM_048224622.1	3047	2867.9	0	0
XM_048224623.1	26787	26607.9	3.75139	0.0605334
XM_048224624.1	3209	3029.9	0	0
XM_048224625.1	1579	1399.9	0	0
XM_048224626.1	6988	6808.9	106.326	6.70467
XM_048224627.1	7100	6920.9	0	0
XM_048224628.1	7399	7219.9	0	0
XM_048224629.1	7599	7419.9	20.0789	1.16186
XM_048224630.1	7211	7031.9	0	0
XM_048224631.1	10368	10188.9	9	0.379252
XM_048224632.1	14465	14285.9	0	0
XM_048224633.1	14630	14450.9	0	0
XM_048224634.1	14539	14359.9	0	0
XM_048224635.1	2365	2185.9	0	0
XM_048224636.1	2667	2487.9	5.99514	1.03462
XM_048224637.1	1182	1002.9	0	0
XM_048224638.1	1181	1001.9	0	0
XM_048224639.1	1173	993.905	0	0
XM_048224640.1	1082	902.905	4.85494	2.30863
XM_048224641.1	9674	9494.9	55	2.48706
XM_048224642.1	5461	5281.9	62	5.03981
XM_048224643.1	5117	4937.9	0.000396318	3.44599e-05
XM_048224644.1	2754	2574.9	0	0
XM_048224645.1	2628	2448.9	0	0
XM_048224646.1	2537	2357.9	0	0
XM_048224647.1	1524	1344.9	0	0
XM_048224648.1	7406	7226.9	0	0
XM_048224649.1	2685	2505.9	0	0
XM_048224650.1	4986	4806.9	0	0
XM_048224651.1	4987	4807.9	0	0
XM_048224652.1	4984	4804.9	0	0
XM_048224653.1	2054	1874.9	11	2.51899
XM_048224654.1	711	531.98	0	0
XM_048224655.1	1029	849.905	9.52631e-08	4.81247e-08
XM_048224656.1	1397	1217.9	1.31951	0.465171
XM_048224657.1	3847	3667.9	0	0
XM_048224658.1	4354	4174.9	100.387	10.3239
XM_048224659.1	2436	2256.9	5.72658	1.08942
XM_048224660.1	2298	2118.9	8.27342	1.67644
XM_048224661.1	4359	4179.9	20	2.05436
XM_048224662.1	4519	4339.9	0	0
XM_048224663.1	2835	2655.9	0	0
XM_048224664.1	4320	4140.9	0	0
XM_048224665.1	4503	4323.9	0	0
XM_048224666.1	831	651.98	0	0
XM_048224667.1	681	501.98	0	0
XM_048224668.1	2078	1898.9	0	0
XM_048224669.1	4533	4353.9	36.1109	3.56101
XM_048224670.1	9304	9124.9	0	0
XM_048224671.1	4560	4380.9	0.0113204	0.00110946
XM_048224672.1	5688	5508.9	0	0
XM_048224673.1	5959	5779.9	6.96564	0.517433
XM_048224674.1	5495	5315.9	5.01741	0.405244
XM_048224675.1	5906	5726.9	0	0
XM_048224676.1	420	241.905	0	0
XM_048224677.1	4457	4277.9	1	0.100365
XM_048224678.1	4298	4118.9	0	0
XM_048224679.1	4295	4115.9	19	1.98199
XM_048224680.1	1062	882.905	0	0
XM_048224681.1	10347	10167.9	34.3187	1.44915
XM_048224682.1	2147	1967.9	4.02776	0.878766
XM_048224683.1	921	741.98	0	0
XM_048224684.1	33785	33605.9	20.3651	0.260186
XM_048224685.1	33634	33454.9	0.0589082	0.000756013
XM_048224686.1	28250	28070.9	38.7935	0.593356
XM_048224687.1	853	673.98	0.712048	0.453603
XM_048224688.1	2151	1971.9	4.05792	0.88355
XM_048224689.1	3993	3813.9	27.9741	3.14919
XM_048224690.1	3981	3801.9	0	0
XM_048224691.1	818	638.98	0	0
XM_048224692.1	3742	3562.9	98	11.8096
XM_048224693.1	1729	1549.9	0	0
XM_048224694.1	2331	2151.9	0	0
XM_048224695.1	2782	2602.9	0	0
XM_048224696.1	1214	1034.9	0	0
XM_048224697.1	12591	12411.9	48.5704	1.68015
XM_048224698.1	51288	51108.9	24.7068	0.207555
XM_048224699.1	1002	822.905	0	0
XM_048224700.1	51144	50964.9	0.836266	0.00704509
XM_048224701.1	5265	5085.9	0	0
XM_048224702.1	6224	6044.9	1.45544e-08	1.03376e-09
XM_048224703.1	6136	5956.9	2.98049	0.214823
XM_048224704.1	1037	857.905	0	0
XM_048224705.1	3404	3224.9	0	0
XM_048224706.1	1648	1468.9	0	0
XM_048224707.1	1474	1294.9	0	0
XM_048224708.1	7727	7547.9	0	0
XM_048224709.1	1401	1221.9	0	0
XM_048224710.1	7510	7330.9	0	0
XM_048224711.1	7134	6954.9	0	0
XM_048224712.1	1672	1492.9	3	0.862785
XM_048224713.1	7038	6858.9	0	0
XM_048224714.1	4097	3917.9	67.5156	7.39884
XM_048224715.1	4120	3940.9	0	0
XM_048224716.1	3186	3006.9	3	0.428366
XM_048224717.1	3992	3812.9	0	0
XM_048224718.1	4015	3835.9	0	0
XM_048224719.1	7037	6857.9	0	0
XM_048224720.1	2608	2428.9	0	0
XM_048224721.1	2569	2389.9	0	0
XM_048224722.1	1624	1444.9	4	1.1886
XM_048224723.1	996	816.905	0	0
XM_048224724.1	3573	3393.9	0	0
XM_048224725.1	1023	843.905	28	14.2455
XM_048224726.1	3018	2838.9	47.9984	7.25922
XM_048224727.1	1941	1761.9	21.4823	5.23495
XM_048224728.1	2006	1826.9	0	0
XM_048224729.1	7290	7110.9	40.2664	2.43126
XM_048224730.1	7010	6830.9	0	0
XM_048224731.1	1038	858.905	0	0
XM_048224732.1	7064	6884.9	0	0
XM_048224733.1	8049	7869.9	19.5746	1.06791
XM_048224734.1	7366	7186.9	0	0
XM_048224735.1	3363	3183.9	0	0
XM_048224736.1	3565	3385.9	0	0
XM_048224737.1	2325	2145.9	0	0
XM_048224738.1	1868	1688.9	0	0
XM_048224739.1	1046	866.905	0	0
XM_048224740.1	4124	3944.9	0	0
XM_048224741.1	6421	6241.9	0	0
XM_048224742.1	1088	908.905	0	0
XM_048224743.1	1519	1339.9	0	0
XM_048224744.1	7728	7548.9	0	0
XM_048224745.1	7724	7544.9	0	0
XM_048224746.1	7084	6904.9	0	0
XM_048224747.1	7033	6853.9	0	0
XM_048224748.1	7018	6838.9	0	0
XM_048224749.1	6967	6787.9	0	0
XM_048224750.1	4990	4810.9	0	0
XM_048224751.1	4855	4675.9	4	0.367289
XM_048224752.1	2103	1923.9	0	0
XM_048224753.1	3122	2942.9	0	0
XM_048224754.1	2282	2102.9	0	0
XM_048224755.1	2155	1975.9	0	0
XM_048224756.1	1864	1684.9	0	0
XM_048224757.1	1884	1704.9	0	0
XM_048224758.1	1862	1682.9	0	0
XM_048224759.1	4278	4098.9	1.64131e-08	1.71924e-09
XM_048224760.1	1972	1792.9	1.30316	0.312072
XM_048224761.1	2799	2619.9	0	0
XM_048224762.1	2715	2535.9	0	0
XM_048224763.1	3214	3034.9	0	0
XM_048224764.1	1448	1268.9	0	0
XM_048224765.1	9083	8903.9	2.57935	0.124378
XM_048224766.1	5631	5451.9	31.4207	2.47446
XM_048224767.1	3654	3474.9	0	0
XM_048224768.1	867	687.98	87	54.2946
XM_048224769.1	4189	4009.9	0	0
XM_048224770.1	4149	3969.9	0	0
XM_048224771.1	3869	3689.9	8.80806	1.02489
XM_048224772.1	1781	1601.9	98.3172	26.3516
XM_048224773.1	2018	1838.9	0	0
XM_048224774.1	2633	2453.9	1.97412	0.345405
XM_048224775.1	1837	1657.9	3.70865	0.960439
XM_048224776.1	1664	1484.9	0	0
XM_048224777.1	1703	1523.9	0.000683858	0.000192673
XM_048224778.1	2336	2156.9	0	0
XM_048224779.1	459	280.391	0	0
XM_048224780.1	9935	9755.9	0	0
XM_048224781.1	6015	5835.9	0	0
XM_048224782.1	6313	6133.9	0	0
XM_048224783.1	4255	4075.9	0	0
XM_048224784.1	3535	3355.9	41.3964	5.29622
XM_048224785.1	669	489.98	0	0
XM_048224786.1	6336	6156.9	1.08055e-06	7.53524e-08
XM_048224787.1	5812	5632.9	0.00157987	0.000120421
XM_048224788.1	6346	6166.9	0	0
XM_048224789.1	4028	3848.9	1.97313	0.220106
XM_048224790.1	7282	7102.9	0	0
XM_048224791.1	4848	4668.9	0	0
XM_048224792.1	8517	8337.9	68.0828	3.50585
XM_048224793.1	8445	8265.9	0.0163966	0.000851678
XM_048224794.1	37347	37167.9	11.687	0.135004
XM_048224795.1	8467	8287.9	0.000510881	2.6466e-05
XM_048224796.1	7818	7638.9	1.27249	0.0715215
XM_048224797.1	1345	1165.9	0	0
XM_048224798.1	1638	1458.9	0	0
XM_048224799.1	1638	1458.9	2	0.588595
XM_048224800.1	3560	3380.9	73.2709	9.30491
XM_048224801.1	3565	3385.9	28.7291	3.64301
XM_048224802.1	3832	3652.9	34.6959	4.07805
XM_048224803.1	3703	3523.9	1.29319e-08	1.57563e-09
XM_048224804.1	6729	6549.9	2.18178	0.143018
XM_048224805.1	3625	3445.9	59.1224	7.36652
XM_048224806.1	2276	2096.9	0	0
XM_048224807.1	264	101.148	3	12.7343
XM_048224808.1	2198	2018.9	11	2.33932
XM_048224809.1	1575	1395.9	0	0
XM_048224810.1	1347	1167.9	0	0
XM_048224811.1	1253	1073.9	0	0
XM_048224812.1	6014	5834.9	0	0
XM_048224813.1	3862	3682.9	6.85079	0.798663
XM_048224814.1	7289	7109.9	0.234227	0.0141444
XM_048224815.1	8364	8184.9	0	0
XM_048224816.1	8232	8052.9	1.00562	0.0536163
XM_048224817.1	8109	7929.9	0	0
XM_048224818.1	8197	8017.9	0	0
XM_048224819.1	2013	1833.9	0	0
XM_048224820.1	1577	1397.9	0	0
XM_048224821.1	14018	13838.9	0	0
XM_048224822.1	14099	13919.9	0	0
XM_048224823.1	13889	13709.9	0	0
XM_048224824.1	2382	2202.9	2	0.389805
XM_048224825.1	14568	14388.9	0	0
XM_048224826.1	14601	14421.9	0	0
XM_048224827.1	13572	13392.9	0	0
XM_048224828.1	12471	12291.9	0	0
XM_048224829.1	12462	12282.9	0	0
XM_048224830.1	2128	1948.9	0	0
XM_048224831.1	5950	5770.9	22.4091	1.66722
XM_048224832.1	8597	8417.9	0	0
XM_048224833.1	1210	1030.9	0	0
XM_048224834.1	2098	1918.9	0	0
XM_048224835.1	10257	10077.9	44.9924	1.91682
XM_048224836.1	9940	9760.9	30.1535	1.32636
XM_048224837.1	1976	1796.9	0	0
XM_048224838.1	7911	7731.9	0	0
XM_048224839.1	9991	9811.9	19.2603	0.842799
XM_048224840.1	1339	1159.9	0	0
XM_048224841.1	5607	5427.9	0	0
XM_048224842.1	556	377.018	16.4804	18.768
XM_048224843.1	3747	3567.9	0	0
XM_048224844.1	5180	5000.9	0	0
XM_048224845.1	17282	17102.9	3	0.0753121
XM_048224846.1	8878	8698.9	0	0
XM_048224847.1	19066	18886.9	0	0
XM_048224848.1	18690	18510.9	27.7838	0.644433
XM_048224849.1	7472	7292.9	38.8411	2.28668
XM_048224850.1	4281	4101.9	0	0
XM_048224851.1	5945	5765.9	0	0
XM_048224852.1	6416	6236.9	0	0
XM_048224853.1	6395	6215.9	0	0
XM_048224854.1	6396	6216.9	0	0
XM_048224855.1	14993	14813.9	1.70525	0.0494233
XM_048224856.1	3004	2824.9	0	0
XM_048224857.1	8435	8255.9	0	0
XM_048224858.1	9948	9768.9	685.497	30.1282
XM_048224859.1	945	765.905	0	0
XM_048224860.1	9229	9049.9	0	0
XM_048224861.1	11744	11564.9	0	0
XM_048224862.1	11586	11406.9	0	0
XM_048224863.1	9150	8970.9	2.1868e-06	1.04662e-07
XM_048224864.1	9407	9227.9	0	0
XM_048224865.1	9062	8882.9	0	0
XM_048224866.1	6566	6386.9	0	0
XM_048224867.1	6243	6063.9	17.3479	1.22831
XM_048224868.1	10635	10455.9	10.5142	0.431744
XM_048224869.1	1490	1310.9	0.82328	0.269644
XM_048224870.1	2344	2164.9	17.5269	3.476
XM_048224871.1	1654	1474.9	0	0
XM_048224872.1	5493	5313.9	91.9019	7.42547
XM_048224873.1	2668	2488.9	0	0
XM_048224874.1	2886	2706.9	0	0
XM_048224875.1	2432	2252.9	0	0
XM_048224876.1	4845	4665.9	1.62983	0.149976
XM_048224877.1	2100	1920.9	0	0
XM_048224878.1	1998	1818.9	55.9356	13.2036
XM_048224879.1	3231	3051.9	46.7002	6.56993
XM_048224880.1	27759	27579.9	2.42696e-05	3.77819e-07
XM_048224881.1	10547	10367.9	0	0
XM_048224882.1	1814	1634.9	0	0
XM_048224883.1	2382	2202.9	0	0
XM_048224884.1	1790	1610.9	0	0
XM_048224885.1	1695	1515.9	0	0
XM_048224886.1	1807	1627.9	0	0
XM_048224887.1	2029	1849.9	0	0
XM_048224888.1	1582	1402.9	0	0
XM_048224889.1	1606	1426.9	0	0
XM_048224890.1	1551	1371.9	0	0
XM_048224891.1	6857	6677.9	3.80558e-05	2.44677e-06
XM_048224892.1	6927	6747.9	0	0
XM_048224893.1	7885	7705.9	0	0
XM_048224894.1	6838	6658.9	0.00156766	0.000101079
XM_048224895.1	6837	6657.9	0.00190708	0.000122983
XM_048224896.1	6785	6605.9	52.9965	3.44452
XM_048224897.1	2428	2248.9	3.96314e-07	7.56627e-08
XM_048224898.1	2626	2446.9	0	0
XM_048224899.1	3040	2860.9	2.60556	0.391031
XM_048224900.1	5891	5711.9	5.16225	0.388035
XM_048224901.1	5909	5729.9	15.2869	1.14547
XM_048224902.1	4783	4603.9	0.000850632	7.93284e-05
XM_048224903.1	5151	4971.9	0	0
XM_048224904.1	4841	4661.9	0	0
XM_048224905.1	2361	2181.9	0	0
XM_048224906.1	4737	4557.9	37.985	3.57816
XM_048224907.1	5081	4901.9	15.5309	1.36034
XM_048224908.1	5114	4934.9	0	0
XM_048224909.1	5099	4919.9	0	0
XM_048224910.1	5698	5518.9	0	0
XM_048224911.1	2161	1981.9	0	0
XM_048224912.1	4233	4053.9	25	2.64777
XM_048224913.1	3049	2869.9	0	0
XM_048224914.1	939	759.905	0	0
XM_048224915.1	5027	4847.9	3.16802	0.280574
XM_048224916.1	5158	4978.9	0	0
XM_048224917.1	5024	4844.9	7.10588	0.629718
XM_048224918.1	5003	4823.9	10.7261	0.954677
XM_048224919.1	5102	4922.9	0	0
XM_048224920.1	5287	5107.9	41.7502	3.50937
XM_048224921.1	4846	4666.9	0	0
XM_048224922.1	4176	3996.9	0	0
XM_048224923.1	4101	3921.9	0	0
XM_048224924.1	4696	4516.9	2	0.190109
XM_048224925.1	4502	4322.9	0	0
XM_048224926.1	3719	3539.9	0	0
XM_048224927.1	2921	2741.9	0	0
XM_048224928.1	2618	2438.9	0	0
XM_048224929.1	4951	4771.9	0	0
XM_048224930.1	2745	2565.9	25.4232	4.25406
XM_048224931.1	2690	2510.9	0	0
XM_048224932.1	4023	3843.9	3.8749	0.432814
XM_048224933.1	1583	1403.9	0	0
XM_048224934.1	1604	1424.9	0	0
XM_048224935.1	6759	6579.9	0	0
XM_048224936.1	6378	6198.9	0	0
XM_048224937.1	9519	9339.9	44.5263	2.04686
XM_048224938.1	6070	5890.9	28.7696	2.09684
XM_048224939.1	9651	9471.9	86.6656	3.92846
XM_048224940.1	2323	2143.9	12.5193	2.5072
XM_048224941.1	2679	2499.9	2	0.343495
XM_048224942.1	2669	2489.9	18.7528	3.23369
XM_048224943.1	2361	2181.9	23.0116	4.52819
XM_048224944.1	2860	2680.9	0	0
XM_048224945.1	2943	2763.9	0	0
XM_048224946.1	2606	2426.9	41	7.25345
XM_048224947.1	1334	1154.9	0	0
XM_048224948.1	9990	9810.9	15	0.656441
XM_048224949.1	1594	1414.9	0	0
XM_048224950.1	1372	1192.9	10	3.59921
XM_048224951.1	6269	6089.9	0	0
XM_048224952.1	7458	7278.9	3	0.176957
XM_048224953.1	2740	2560.9	0	0
XM_048224954.1	2751	2571.9	0	0
XM_048224955.1	2326	2146.9	12.2335	2.44653
XM_048224956.1	1791	1611.9	0	0
XM_048224957.1	1771	1591.9	17	4.58506
XM_048224958.1	2640	2460.9	52.3509	9.13362
XM_048224959.1	5863	5683.9	38	2.87045
XM_048224960.1	6836	6656.9	0	0
XM_048224961.1	4832	4652.9	0	0
XM_048224962.1	4683	4503.9	64.6491	6.16292
XM_048224963.1	5089	4909.9	0	0
XM_048224964.1	5565	5385.9	0	0
XM_048224965.1	5470	5290.9	2.68946	0.218247
XM_048224966.1	4612	4432.9	0	0
XM_048224967.1	5086	4906.9	0	0
XM_048224968.1	5026	4846.9	0	0
XM_048224969.1	7120	6940.9	0	0
XM_048224970.1	6643	6463.9	0	0
XM_048224971.1	5161	4981.9	0	0
XM_048224972.1	5259	5079.9	0	0
XM_048224973.1	5065	4885.9	3.34495	0.293939
XM_048224974.1	5256	5076.9	0	0
XM_048224975.1	3503	3323.9	0.0700373	0.00904678
XM_048224976.1	2679	2499.9	3.10484	0.533247
XM_048224977.1	4898	4718.9	36.0056	3.27599
XM_048224978.1	4896	4716.9	24.1163	2.19516
XM_048224979.1	4785	4605.9	32.8781	3.06482
XM_048224980.1	4789	4609.9	0	0
XM_048224981.1	4828	4648.9	0	0
XM_048224982.1	10129	9949.9	138.401	5.97219
XM_048224983.1	9482	9302.9	67.8803	3.13284
XM_048224984.1	9463	9283.9	1.04189e-05	4.8184e-07
XM_048224985.1	5085	4905.9	1.56792	0.13722
XM_048224986.1	4489	4309.9	0	0
XM_048224987.1	4470	4290.9	0	0
XM_048224988.1	4333	4153.9	77.8748	8.04922
XM_048224989.1	4395	4215.9	3.12386e-07	3.18137e-08
XM_048224990.1	3196	3016.9	0	0
XM_048224991.1	3042	2862.9	0	0
XM_048224992.1	3059	2879.9	0	0
XM_048224993.1	3121	2941.9	0	0
XM_048224994.1	3102	2922.9	0	0
XM_048224995.1	2969	2789.9	0	0
XM_048224996.1	2954	2774.9	0	0
XM_048224997.1	4110	3930.9	0	0
XM_048224998.1	2853	2673.9	20.3175	3.2624
XM_048224999.1	2950	2770.9	0	0
XM_048225000.1	2935	2755.9	0	0
XM_048225001.1	9638	9458.9	91.9587	4.17412
XM_048225002.1	4192	4012.9	0	0
XM_048225003.1	3710	3530.9	0	0
XM_048225004.1	3385	3205.9	0	0
XM_048225005.1	3456	3276.9	0	0
XM_048225006.1	14802	14622.9	0	0
XM_048225007.1	8922	8742.9	0.00148945	7.31449e-05
XM_048225008.1	14570	14390.9	0.120722	0.00360175
XM_048225009.1	14702	14522.9	39.9254	1.18035
XM_048225010.1	14623	14443.9	6.57401e-06	1.95416e-07
XM_048225011.1	14377	14197.9	0	0
XM_048225012.1	15669	15489.9	0.00396244	0.000109832
XM_048225013.1	5074	4894.9	0	0
XM_048225014.1	7554	7374.9	0	0
XM_048225015.1	7416	7236.9	0	0
XM_048225016.1	7404	7224.9	0	0
XM_048225017.1	5325	5145.9	33.5405	2.79848
XM_048225018.1	5904	5724.9	1.53617e-07	1.15208e-08
XM_048225019.1	7853	7673.9	6.92596	0.387505
XM_048225020.1	5637	5457.9	70.7526	5.56583
XM_048225021.1	6078	5898.9	1.78087	0.129621
XM_048225022.1	5692	5512.9	0	0
XM_048225023.1	3193	3013.9	37.0315	5.27539
XM_048225024.1	3191	3011.9	0	0
XM_048225025.1	3142	2962.9	0	0
XM_048225026.1	2809	2629.9	0	0
XM_048225027.1	4422	4242.9	0	0
XM_048225028.1	3760	3580.9	2	0.239801
XM_048225029.1	3465	3285.9	0	0
XM_048225030.1	5170	4990.9	0	0
XM_048225031.1	2562	2382.9	0	0
XM_048225032.1	2285	2105.9	0	0
XM_048225033.1	2505	2325.9	0	0
XM_048225034.1	5615	5435.9	228.066	18.0137
XM_048225035.1	1568	1388.9	3.56826e-08	1.10306e-08
XM_048225036.1	5567	5387.9	83.0632	6.61915
XM_048225037.1	1496	1316.9	26.4799	8.63327
XM_048225038.1	5525	5345.9	67.0012	5.38114
XM_048225039.1	5477	5297.9	92.5472	7.50019
XM_048225040.1	5171	4991.9	0	0
XM_048225041.1	1430	1250.9	24.8425	8.52678
XM_048225042.1	3788	3608.9	0	0
XM_048225043.1	3542	3362.9	0	0
XM_048225044.1	2086	1906.9	0	0
XM_048225045.1	1201	1021.9	4	1.68059
XM_048225046.1	575	395.98	0	0
XM_048225047.1	2855	2675.9	66.5944	10.6851
XM_048225048.1	2741	2561.9	0.00016264	2.72569e-05
XM_048225049.1	2721	2541.9	4.49846	0.759832
XM_048225050.1	1884	1704.9	0	0
XM_048225051.1	1482	1302.9	0	0
XM_048225052.1	4691	4511.9	0	0
XM_048225053.1	5227	5047.9	4.43636	0.377337
XM_048225054.1	7862	7682.9	2.91571	0.162942
XM_048225055.1	5721	5541.9	4.03448	0.312566
XM_048225056.1	4798	4618.9	0	0
XM_048225057.1	2262	2082.9	0	0
XM_048225058.1	4658	4478.9	0	0
XM_048225059.1	4646	4466.9	9.61344	0.924029
XM_048225060.1	5264	5084.9	0	0
XM_048225061.1	4760	4580.9	0	0
XM_048225062.1	1709	1529.9	0	0
XM_048225063.1	830	650.98	0	0
XM_048225064.1	515	336.091	0	0
XM_048225065.1	674	494.98	0	0
XM_048225066.1	8491	8311.9	0	0
XM_048225067.1	7189	7009.9	0	0
XM_048225068.1	5957	5777.9	2	0.148619
XM_048225069.1	11150	10970.9	0	0
XM_048225070.1	11417	11237.9	0.0220291	0.000841636
XM_048225071.1	11558	11378.9	52.9691	1.99865
XM_048225072.1	10912	10732.9	0	0
XM_048225073.1	10844	10664.9	320.079	12.8859
XM_048225074.1	10781	10601.9	1.02065e-06	4.13339e-08
XM_048225075.1	10529	10349.9	13.991	0.580399
XM_048225076.1	10466	10286.9	2.15129e-08	8.97901e-10
XM_048225077.1	10418	10238.9	291.01	12.203
XM_048225078.1	10355	10175.9	3.78302e-07	1.59617e-08
XM_048225079.1	10153	9973.9	1315.13	56.6131
XM_048225080.1	10586	10406.9	0	0
XM_048225081.1	5784	5604.9	0	0
XM_048225082.1	2143	1963.9	14.1076	3.08423
XM_048225083.1	2305	2125.9	0	0
XM_048225084.1	1999	1819.9	45.0963	10.6391
XM_048225085.1	2359	2179.9	0	0
XM_048225086.1	1996	1816.9	4.10539	0.970142
XM_048225087.1	2094	1914.9	0	0
XM_048225088.1	8980	8800.9	0	0
XM_048225089.1	8875	8695.9	37.3691	1.84506
XM_048225090.1	8794	8614.9	35.7883	1.78363
XM_048225091.1	3146	2966.9	27.5379	3.98511
XM_048225092.1	3261	3081.9	21.9886	3.06331
XM_048225093.1	3001	2821.9	0	0
XM_048225094.1	4194	4014.9	0	0
XM_048225095.1	1942	1762.9	0.39444	0.0960651
XM_048225096.1	2669	2489.9	0	0
XM_048225097.1	2461	2281.9	4	0.75262
XM_048225098.1	5301	5121.9	0	0
XM_048225099.1	612	432.98	0.316829	0.314174
XM_048225100.1	9296	9116.9	0	0
XM_048225101.1	9290	9110.9	0	0
XM_048225102.1	6771	6591.9	0	0
XM_048225103.1	2281	2101.9	0	0
XM_048225104.1	2209	2029.9	0	0
XM_048225105.1	1903	1723.9	0	0
XM_048225106.1	1831	1651.9	0	0
XM_048225107.1	1726	1546.9	16.6641	4.6252
XM_048225108.1	3459	3279.9	1	0.130904
XM_048225109.1	1090	910.905	0	0
XM_048225110.1	3588	3408.9	7.67157	0.966235
XM_048225111.1	3569	3389.9	6.39424e-07	8.09869e-08
XM_048225112.1	3615	3435.9	468.532	58.548
XM_048225113.1	3505	3325.9	3514.52	453.702
XM_048225114.1	4299	4119.9	257.807	26.8671
XM_048225115.1	3511	3331.9	3.43464	0.442591
XM_048225116.1	1422	1242.9	1	0.345442
XM_048225117.1	1091	911.905	0	0
XM_048225118.1	7858	7678.9	0	0
XM_048225119.1	11012	10832.9	0	0
XM_048225120.1	7288	7108.9	0	0
XM_048225121.1	7347	7167.9	16.9786	1.017
XM_048225122.1	7828	7648.9	0	0
XM_048225123.1	7777	7597.9	0	0
XM_048225124.1	7750	7570.9	0	0
XM_048225125.1	7720	7540.9	0	0
XM_048225126.1	7380	7200.9	0	0
XM_048225127.1	7350	7170.9	0	0
XM_048225128.1	7672	7492.9	0.00112691	6.4573e-05
XM_048225129.1	7100	6920.9	41.8101	2.59377
XM_048225130.1	7642	7462.9	0	0
XM_048225131.1	7591	7411.9	0	0
XM_048225132.1	7564	7384.9	0.000249745	1.452e-05
XM_048225133.1	7534	7354.9	0	0
XM_048225134.1	7194	7014.9	30.3664	1.8586
XM_048225135.1	7164	6984.9	0	0
XM_048225136.1	6592	6412.9	1.05441e-05	7.05943e-07
XM_048225137.1	7086	6906.9	7.23155	0.449533
XM_048225138.1	7378	7198.9	0.000702196	4.18799e-05
XM_048225139.1	6806	6626.9	39.99	2.59092
XM_048225140.1	7348	7168.9	0	0
XM_048225141.1	6776	6596.9	0	0
XM_048225142.1	7270	7090.9	0.000144811	8.76828e-06
XM_048225143.1	6698	6518.9	8.96277	0.590311
XM_048225144.1	7240	7060.9	0	0
XM_048225145.1	6900	6720.9	28.6584	1.83079
XM_048225146.1	6870	6690.9	0	0
XM_048225147.1	6298	6118.9	4.81696e-06	3.37997e-07
XM_048225148.1	6762	6582.9	0	0
XM_048225149.1	2290	2110.9	2.07398	0.421842
XM_048225150.1	2214	2034.9	0	0
XM_048225151.1	2115	1935.9	0	0
XM_048225152.1	3525	3345.9	0	0
XM_048225153.1	2005	1825.9	0	0
XM_048225154.1	2100	1920.9	0	0
XM_048225155.1	22754	22574.9	3.27255	0.0622406
XM_048225156.1	2448	2268.9	8.87256	1.67898
XM_048225157.1	2166	1986.9	0	0
XM_048225158.1	5561	5381.9	0	0
XM_048225159.1	6500	6320.9	0	0
XM_048225160.1	6363	6183.9	0	0
XM_048225161.1	3270	3090.9	0	0
XM_048225162.1	5430	5250.9	0	0
XM_048225163.1	5503	5323.9	0	0
XM_048225164.1	1032	852.905	0	0
XM_048225165.1	1437	1257.9	0	0
XM_048225166.1	5427	5247.9	0	0
XM_048225167.1	5364	5184.9	0	0
XM_048225168.1	4348	4168.9	0	0
XM_048225169.1	4336	4156.9	6.4974	0.671093
XM_048225170.1	6893	6713.9	21.7105	1.38838
XM_048225171.1	5179	4999.9	0	0
XM_048225172.1	5110	4930.9	8.04299e-06	7.00332e-07
XM_048225173.1	6637	6457.9	0	0
XM_048225174.1	5218	5038.9	7.33865	0.625308
XM_048225175.1	6604	6424.9	0.000157009	1.04923e-05
XM_048225176.1	5214	5034.9	20.687	1.76409
XM_048225177.1	7702	7522.9	0	0
XM_048225178.1	8510	8330.9	23.1664	1.19393
XM_048225179.1	2037	1857.9	8.83357	2.04139
XM_048225180.1	2199	2019.9	0	0
XM_048225181.1	2175	1995.9	0	0
XM_048225182.1	2315	2135.9	0	0
XM_048225183.1	3383	3203.9	0	0
XM_048225184.1	5238	5058.9	24.9665	2.11892
XM_048225185.1	1134	954.905	6	2.69777
XM_048225186.1	3183	3003.9	30.9514	4.42392
XM_048225187.1	5456	5276.9	0	0
XM_048225188.1	3226	3046.9	2	0.281828
XM_048225189.1	2989	2809.9	0	0
XM_048225190.1	4209	4029.9	11.4842	1.22355
XM_048225191.1	2884	2704.9	0	0
XM_048225192.1	2825	2645.9	0	0
XM_048225193.1	1441	1261.9	6.5324	2.22259
XM_048225194.1	1809	1629.9	0	0
XM_048225195.1	1204	1024.9	0	0
XM_048225196.1	2758	2578.9	0	0
XM_048225197.1	3990	3810.9	0	0
XM_048225198.1	2767	2587.9	0	0
XM_048225199.1	4155	3975.9	0	0
XM_048225200.1	5887	5707.9	0	0
XM_048225201.1	30810	30630.9	18.6911	0.261992
XM_048225202.1	3057	2877.9	0	0
XM_048225203.1	4867	4687.9	0	0
XM_048225204.1	4751	4571.9	0	0
XM_048225205.1	4552	4372.9	0	0
XM_048225206.1	2806	2626.9	0	0
XM_048225207.1	16172	15992.9	0	0
XM_048225208.1	16186	16006.9	0	0
XM_048225209.1	15321	15141.9	0	0
XM_048225210.1	14576	14396.9	8.79626	0.262327
XM_048225211.1	14609	14429.9	0.443296	0.01319
XM_048225212.1	5419	5239.9	0	0
XM_048225213.1	2722	2542.9	2	0.337686
XM_048225214.1	5245	5065.9	0	0
XM_048225215.1	5130	4950.9	20.2919	1.75975
XM_048225216.1	2818	2638.9	0	0
XM_048225217.1	4977	4797.9	0	0
XM_048225218.1	2454	2274.9	24.3077	4.58769
XM_048225219.1	1657	1477.9	44.078	12.8053
XM_048225220.1	2421	2241.9	0	0
XM_048225221.1	1010	830.905	0	0
XM_048225222.1	1303	1123.9	3.66353	1.39954
XM_048225223.1	7193	7013.9	0	0
XM_048225224.1	2720	2540.9	0	0
XM_048225225.1	1619	1439.9	0	0
XM_048225226.1	1324	1144.9	0	0
XM_048225227.1	1642	1462.9	1	0.293493
XM_048225228.1	2385	2205.9	0	0
XM_048225229.1	3947	3767.9	0	0
XM_048225230.1	4209	4029.9	0	0
XM_048225231.1	4072	3892.9	0	0
XM_048225232.1	4072	3892.9	0	0
XM_048225233.1	3775	3595.9	0	0
XM_048225234.1	3570	3390.9	5	0.633093
XM_048225235.1	1446	1266.9	0	0
XM_048225236.1	1329	1149.9	2	0.746761
XM_048225237.1	8625	8445.9	0	0
XM_048225238.1	8293	8113.9	0.67667	0.0358064
XM_048225239.1	1663	1483.9	0	0
XM_048225240.1	484	305.217	0	0
XM_048225241.1	1562	1382.9	0	0
XM_048225242.1	5525	5345.9	0	0
XM_048225243.1	5588	5408.9	0	0
XM_048225244.1	7433	7253.9	0	0
XM_048225245.1	7352	7172.9	0.00450826	0.000269853
XM_048225246.1	7311	7131.9	7.99549	0.481341
XM_048225247.1	7349	7169.9	0	0
XM_048225248.1	7283	7103.9	0	0
XM_048225249.1	5890	5710.9	63	4.73641
XM_048225250.1	4354	4174.9	0	0
XM_048225251.1	2019	1839.9	0	0
XM_048225252.1	1926	1746.9	0	0
XM_048225253.1	17445	17265.9	0	0
XM_048225254.1	17432	17252.9	141.887	3.53097
XM_048225255.1	17356	17176.9	0	0
XM_048225256.1	17343	17163.9	0	0
XM_048225257.1	16646	16466.9	1.63755e-08	4.2697e-10
XM_048225258.1	436	257.681	0	0
XM_048225259.1	4973	4793.9	0	0
XM_048225260.1	1758	1578.9	0	0
XM_048225261.1	1551	1371.9	0	0
XM_048225262.1	2414	2234.9	0	0
XM_048225263.1	2196	2016.9	0	0
XM_048225264.1	1495	1315.9	23.1567	7.55554
XM_048225265.1	598	418.98	0	0
XM_048225266.1	3551	3371.9	0	0
XM_048225267.1	3548	3368.9	0	0
XM_048225268.1	3432	3252.9	0	0
XM_048225269.1	3742	3562.9	0	0
XM_048225270.1	3478	3298.9	9.35631	1.21772
XM_048225271.1	3669	3489.9	0	0
XM_048225272.1	3584	3404.9	3.64369	0.459463
XM_048225273.1	1556	1376.9	0	0
XM_048225274.1	2880	2700.9	15.0744	2.39631
XM_048225275.1	1633	1453.9	2.06931	0.611088
XM_048225276.1	1622	1442.9	0	0
XM_048225277.1	1552	1372.9	5.68668	1.77841
XM_048225278.1	897	717.98	0	0
XM_048225279.1	8399	8219.9	3	0.1567
XM_048225280.1	3491	3311.9	13.5306	1.75409
XM_048225281.1	1726	1546.9	0	0
XM_048225282.1	1426	1246.9	0	0
XM_048225283.1	1375	1195.9	0	0
XM_048225284.1	4553	4373.9	1.49851e-08	1.47097e-09
XM_048225285.1	1455	1275.9	0	0
XM_048225286.1	1425	1245.9	0	0
XM_048225287.1	9774	9594.9	0	0
XM_048225288.1	8753	8573.9	0	0
XM_048225289.1	9739	9559.9	0	0
XM_048225290.1	6413	6233.9	0	0
XM_048225291.1	5792	5612.9	0	0
XM_048225292.1	5770	5590.9	0	0
XM_048225293.1	5565	5385.9	12	0.956612
XM_048225294.1	5530	5350.9	0	0
XM_048225295.1	7167	6987.9	0	0
XM_048225296.1	6752	6572.9	0	0
XM_048225297.1	6112	5932.9	0	0
XM_048225298.1	7819	7639.9	34.9279	1.9629
XM_048225299.1	3442	3262.9	0	0
XM_048225300.1	3587	3407.9	0	0
XM_048225301.1	2401	2221.9	14.5998	2.8212
XM_048225302.1	4085	3905.9	0	0
XM_048225303.1	1702	1522.9	0	0
XM_048225304.1	4970	4790.9	0	0
XM_048225305.1	4444	4264.9	0	0
XM_048225306.1	6454	6274.9	0	0
XM_048225307.1	14249	14069.9	28	0.854437
XM_048225308.1	15124	14944.9	0	0
XM_048225309.1	15100	14920.9	0	0
XM_048225310.1	3973	3793.9	4.62671	0.5236
XM_048225311.1	4750	4570.9	28.1926	2.64817
XM_048225312.1	6782	6602.9	12.5592	0.816661
XM_048225313.1	4292	4112.9	0	0
XM_048225314.1	4290	4110.9	0	0
XM_048225315.1	4176	3996.9	0	0
XM_048225316.1	19281	19101.9	2.70358e-05	6.07681e-07
XM_048225317.1	28613	28433.9	8.93294	0.134887
XM_048225318.1	19278	19098.9	1.46002e-05	3.2822e-07
XM_048225319.1	19254	19074.9	70.1773	1.5796
XM_048225320.1	19251	19071.9	38.3085	0.86241
XM_048225321.1	19110	18930.9	2.68311e-05	6.08528e-07
XM_048225322.1	4415	4235.9	44.5962	4.52027
XM_048225323.1	2678	2498.9	0	0
XM_048225324.1	2892	2712.9	0	0
XM_048225325.1	2888	2708.9	0	0
XM_048225326.1	6281	6101.9	27.7227	1.95067
XM_048225327.1	5287	5107.9	12.9942	1.09225
XM_048225328.1	4039	3859.9	0	0
XM_048225329.1	566	386.98	0	0
XM_048225330.1	13964	13784.9	6.87143	0.214021
XM_048225331.1	13961	13781.9	9.12857	0.284385
XM_048225332.1	1694	1514.9	2	0.566837
XM_048225333.1	2124	1944.9	0	0
XM_048225334.1	1575	1395.9	0	0
XM_048225335.1	3569	3389.9	1.06949	0.135457
XM_048225336.1	2033	1853.9	16.7333	3.87531
XM_048225337.1	1483	1303.9	0	0
XM_048225338.1	2050	1870.9	0	0
XM_048225339.1	3123	2943.9	38.5142	5.61707
XM_048225340.1	519	340.091	0	0
XM_048225341.1	514	335.091	0	0
XM_048225342.1	2892	2712.9	0	0
XM_048225343.1	3449	3269.9	0	0
XM_048225344.1	3149	2969.9	0	0
XM_048225345.1	9105	8925.9	2.90711	0.139837
XM_048225346.1	6988	6808.9	0	0
XM_048225347.1	6312	6132.9	0	0
XM_048225348.1	6240	6060.9	0	0
XM_048225349.1	3684	3504.9	0	0
XM_048225350.1	4246	4066.9	94.9314	10.0221
XM_048225351.1	4441	4261.9	0	0
XM_048225352.1	4201	4021.9	0	0
XM_048225353.1	3951	3771.9	0	0
XM_048225354.1	549	370.056	0	0
XM_048225355.1	1644	1464.9	1.21579	0.356338
XM_048225356.1	1281	1101.9	2	0.779291
XM_048225357.1	2833	2653.9	0	0
XM_048225358.1	1205	1025.9	30	12.5553
XM_048225359.1	645	465.98	0	0
XM_048225360.1	404	226.259	0	0
XM_048225361.1	5109	4929.9	31.4875	2.74229
XM_048225362.1	1165	985.905	0	0
XM_048225363.1	606	426.98	0	0
XM_048225364.1	3441	3261.9	0	0
XM_048225365.1	1988	1808.9	0	0
XM_048225366.1	3945	3765.9	0	0
XM_048225367.1	15647	15467.9	23	0.638425
XM_048225368.1	1887	1707.9	0	0
XM_048225369.1	2234	2054.9	0	0
XM_048225370.1	3358	3178.9	0	0
XM_048225371.1	6235	6055.9	2	0.141796
XM_048225372.1	2783	2603.9	9	1.48399
XM_048225373.1	4813	4633.9	40.84	3.784
XM_048225374.1	2490	2310.9	0	0
XM_048225375.1	2801	2621.9	25.645	4.19952
XM_048225376.1	2722	2542.9	0	0
XM_048225377.1	2644	2464.9	0	0
XM_048225378.1	2733	2553.9	0.176779	0.0297193
XM_048225379.1	2650	2470.9	0	0
XM_048225380.1	2730	2550.9	0.221329	0.0372527
XM_048225381.1	2456	2276.9	0	0
XM_048225382.1	2375	2195.9	0	0
XM_048225383.1	2580	2400.9	0	0
XM_048225384.1	4810	4630.9	0	0
XM_048225385.1	5142	4962.9	0	0
XM_048225386.1	4792	4612.9	0	0
XM_048225387.1	9346	9166.9	109.596	5.13315
XM_048225388.1	7758	7578.9	0	0
XM_048225389.1	7236	7056.9	3.26717e-08	1.98779e-09
XM_048225390.1	1146	966.905	0	0
XM_048225391.1	4503	4323.9	0	0
XM_048225392.1	3986	3806.9	1.19259e-06	1.34503e-07
XM_048225393.1	3976	3796.9	0	0
XM_048225394.1	4154	3974.9	0	0
XM_048225395.1	3924	3744.9	0.000234509	2.68864e-05
XM_048225396.1	6398	6218.9	0	0
XM_048225397.1	6345	6165.9	0.637657	0.0444021
XM_048225398.1	3030	2850.9	0	0
XM_048225399.1	13295	13115.9	0	0
XM_048225400.1	3935	3755.9	0	0
XM_048225401.1	5653	5473.9	0	0
XM_048225402.1	3815	3635.9	0	0
XM_048225403.1	5534	5354.9	0	0
XM_048225404.1	4008	3828.9	0	0
XM_048225405.1	3019	2839.9	68.3232	10.3295
XM_048225406.1	2995	2815.9	251.677	38.3741
XM_048225407.1	3230	3050.9	78.8704	11.0994
XM_048225408.1	2770	2590.9	8	1.32572
XM_048225409.1	4792	4612.9	19.248	1.79153
XM_048225410.1	4825	4645.9	0	0
XM_048225411.1	8670	8490.9	4.1238	0.208524
XM_048225412.1	4552	4372.9	151.867	14.911
XM_048225413.1	4864	4684.9	0	0
XM_048225414.1	4636	4456.9	0	0
XM_048225415.1	4557	4377.9	4.59491e-07	4.50634e-08
XM_048225416.1	2578	2398.9	0	0
XM_048225417.1	6366	6186.9	69.2589	4.80635
XM_048225418.1	1671	1491.9	0	0
XM_048225419.1	7354	7174.9	24	1.43618
XM_048225420.1	48094	47914.9	3.09089	0.0276966
XM_048225421.1	1685	1505.9	0	0
XM_048225422.1	2555	2375.9	0	0
XM_048225423.1	5326	5146.9	0.373499	0.031157
XM_048225424.1	5603	5423.9	1.00194	0.0793129
XM_048225425.1	665	485.98	0	0
XM_048225426.1	2836	2656.9	0	0
XM_048225427.1	828	648.98	0	0
XM_048225428.1	691	511.98	0	0
XM_048225429.1	824	644.98	0	0
XM_048225430.1	765	585.98	0	0
XM_048225431.1	3619	3439.9	2	0.24963
XM_048225432.1	4907	4727.9	48.5951	4.41303
XM_048225433.1	12108	11928.9	2643.53	95.1476
XM_048225434.1	2746	2566.9	4	0.669058
XM_048225435.1	972	792.905	0	0
XM_048225436.1	11677	11497.9	114.983	4.29368
XM_048225437.1	2057	1877.9	24.5046	5.60257
XM_048225438.1	3623	3443.9	0	0
XM_048225439.1	3797	3617.9	0	0
XM_048225440.1	3452	3272.9	6.76909e-08	8.87995e-09
XM_048225441.1	14422	14242.9	0.135906	0.00409689
XM_048225442.1	14392	14212.9	2.12941	0.0643265
XM_048225443.1	2572	2392.9	0	0
XM_048225444.1	2756	2576.9	0	0
XM_048225445.1	2090	1910.9	4.40307	0.989305
XM_048225446.1	2602	2422.9	0	0
XM_048225447.1	16911	16731.9	2.28672	0.0586788
XM_048225448.1	3780	3600.9	5.01882	0.598417
XM_048225449.1	5667	5487.9	46.6832	3.65231
XM_048225450.1	2572	2392.9	0	0
XM_048225451.1	2699	2519.9	0	0
XM_048225452.1	7583	7403.9	0	0
XM_048225453.1	3317	3137.9	0	0
XM_048225454.1	8000	7820.9	29.3252	1.60989
XM_048225455.1	4711	4531.9	0	0
XM_048225456.1	4857	4677.9	31.6748	2.90721
XM_048225457.1	4688	4508.9	0	0
XM_048225458.1	3536	3356.9	4.11904	0.52683
XM_048225459.1	1954	1774.9	83.4908	20.1965
XM_048225460.1	1626	1446.9	5.40029	1.60247
XM_048225461.1	6120	5940.9	0	0
XM_048225462.1	6096	5916.9	0	0
XM_048225463.1	7492	7312.9	8.73181	0.512658
XM_048225464.1	2888	2708.9	8	1.26797
XM_048225465.1	7808	7628.9	0	0
XM_048225466.1	2593	2413.9	0	0
XM_048225467.1	2307	2127.9	21.7868	4.39596
XM_048225468.1	1912	1732.9	0	0
XM_048225469.1	3176	2996.9	0	0
XM_048225470.1	102	20.7435	0	0
XM_048225471.1	7921	7741.9	0.0065519	0.000363356
XM_048225472.1	2700	2520.9	3	0.51095
XM_048225473.1	1535	1355.9	0	0
XM_048225474.1	1612	1432.9	0	0
XM_048225475.1	1626	1446.9	0	0
XM_048225476.1	9651	9471.9	0	0
XM_048225477.1	2827	2647.9	0	0
XM_048225478.1	605	425.98	0	0
XM_048225479.1	893	713.98	2.06145	1.23965
XM_048225480.1	5211	5031.9	0	0
XM_048225481.1	5026	4846.9	0	0
XM_048225482.1	8105	7925.9	28.1163	1.52308
XM_048225483.1	8252	8072.9	0	0
XM_048225484.1	8134	7954.9	0	0
XM_048225485.1	8019	7839.9	0	0
XM_048225486.1	8153	7973.9	0	0
XM_048225487.1	23124	22944.9	4.40684	0.0824622
XM_048225488.1	13244	13064.9	0	0
XM_048225489.1	13206	13026.9	26.8299	0.884283
XM_048225490.1	18537	18357.9	5.94573e-08	1.39058e-09
XM_048225491.1	1977	1797.9	0	0
XM_048225492.1	8643	8463.9	1.44781	0.0734437
XM_048225493.1	2698	2518.9	1.78886	0.304915
XM_048225494.1	5517	5337.9	0.00137033	0.000110222
XM_048225495.1	2693	2513.9	0	0
XM_048225496.1	1038	858.905	0	0
XM_048225497.1	1034	854.905	0	0
XM_048225498.1	1053	873.905	0	0
XM_048225499.1	6015	5835.9	20.1633	1.48343
XM_048225500.1	3096	2916.9	0	0
XM_048225501.1	3610	3430.9	0	0
XM_048225502.1	5350	5170.9	0	0
XM_048225503.1	5147	4967.9	0	0
XM_048225504.1	4971	4791.9	0	0
XM_048225505.1	4129	3949.9	24.4636	2.65918
XM_048225506.1	17438	17258.9	0	0
XM_048225507.1	3101	2921.9	45.7662	6.725
XM_048225508.1	2518	2338.9	0	0
XM_048225509.1	2824	2644.9	7.31766	1.18789
XM_048225510.1	2137	1957.9	66.956	14.6829
XM_048225511.1	16950	16770.9	4.19704e-05	1.07448e-06
XM_048225512.1	4020	3840.9	8.81624	0.985515
XM_048225513.1	5501	5321.9	0	0
XM_048225514.1	6169	5989.9	0	0
XM_048225515.1	3849	3669.9	9.87154e-06	1.1549e-06
XM_048225516.1	17017	16837.9	2.30814e-07	5.88556e-09
XM_048225517.1	3636	3456.9	0	0
XM_048225518.1	4206	4026.9	0	0
XM_048225519.1	6785	6605.9	6.67039	0.433543
XM_048225520.1	3770	3590.9	0	0
XM_048225521.1	5031	4851.9	0	0
XM_048225522.1	3716	3536.9	0	0
XM_048225523.1	3814	3634.9	2.66366	0.314629
XM_048225524.1	3918	3738.9	0	0
XM_048225525.1	3059	2879.9	14.6659	2.18648
XM_048225526.1	4441	4261.9	0	0
XM_048225527.1	5313	5133.9	0	0
XM_048225528.1	9213	9033.9	0	0
XM_048225529.1	11899	11719.9	4.85648	0.177914
XM_048225530.1	6343	6163.9	11.6663	0.812623
XM_048225531.1	5621	5441.9	0	0
XM_048225532.1	5973	5793.9	0	0
XM_048225533.1	4181	4001.9	3.26311	0.350089
XM_048225534.1	11695	11515.9	2.41618	0.0900833
XM_048225535.1	3103	2923.9	0	0
XM_048225536.1	978	798.905	0	0
XM_048225537.1	954	774.905	0	0
XM_048225538.1	954	774.905	0	0
XM_048225539.1	939	759.905	0	0
XM_048225540.1	939	759.905	0	0
XM_048225541.1	939	759.905	0	0
XM_048225542.1	933	753.98	0	0
XM_048225543.1	666	486.98	20.5132	18.0857
XM_048225544.1	1607	1427.9	42.4135	12.7532
XM_048225545.1	1044	864.905	0	0
XM_048225546.1	4488	4308.9	4.15445	0.413962
XM_048225547.1	969	789.905	3.05302	1.65946
XM_048225548.1	451	272.446	0.322705	0.508555
XM_048225549.1	2181	2001.9	0	0
XM_048225550.1	434	255.706	5.58198	9.3726
XM_048225551.1	381	203.84	17.8832	37.6676
XM_048225552.1	1582	1402.9	13.6073	4.16443
XM_048225553.1	409	231.166	5.36761	9.96943
XM_048225554.1	482	303.217	9.79989	13.8766
XM_048225555.1	439	260.551	1.5771	2.59884
XM_048225556.1	414	236.073	6.60483	12.0124
XM_048225557.1	4296	4116.9	81.4973	8.49936
XM_048225558.1	6239	6059.9	2.04859	0.145145
XM_048225559.1	5288	5108.9	0	0
XM_048225560.1	5222	5042.9	3.43379	0.292353
XM_048225561.1	429	250.808	5.46409	9.35386
XM_048225562.1	828	648.98	4.62152	3.0575
XM_048225563.1	4432	4252.9	0	0
XM_048225564.1	5765	5585.9	3.47837	0.26736
XM_048225565.1	3683	3503.9	0	0
XM_048225566.1	945	765.905	0	0
XM_048225567.1	945	765.905	0	0
XM_048225568.1	945	765.905	0	0
XM_048225569.1	945	765.905	0	0
XM_048225570.1	945	765.905	0	0
XM_048225571.1	3447	3267.9	36.6124	4.8103
XM_048225572.1	963	783.905	0	0
XM_048225573.1	942	762.905	0	0
XM_048225574.1	3847	3667.9	10.5208	1.23153
XM_048225575.1	3778	3598.9	41.2152	4.917
XM_048225576.1	3940	3760.9	4.35487e-07	4.9716e-08
XM_048225577.1	3923	3743.9	588.84	67.5283
XM_048225578.1	270	105.978	0	0
XM_048225579.1	1371	1191.9	0	0
XM_048225580.1	4124	3944.9	0	0
XM_048225581.1	759	579.98	0	0
XM_048225582.1	3026	2846.9	0	0
XM_048225583.1	4136	3956.9	39	4.23177
XM_048225584.1	1374	1194.9	0	0
XM_048225585.1	555	376.018	0	0
XM_048225586.1	1543	1363.9	1	0.314796
XM_048225587.1	1126	946.905	1	0.453427
XM_048225588.1	276	110.763	0	0
XM_048225589.1	1080	900.905	0	0
XM_048225590.1	838	658.98	0	0
XM_048225591.1	2489	2309.9	939.817	174.688
XM_048225592.1	4146	3966.9	0	0
XM_048225593.1	2676	2496.9	0	0
XM_048225594.1	2532	2352.9	0	0
XM_048225595.1	1291	1111.9	0	0
XM_048225596.1	2655	2475.9	6.30999	1.09423
XM_048225597.1	3014	2834.9	23.69	3.5879
XM_048225598.1	2858	2678.9	0	0
XM_048225599.1	3904	3724.9	0	0
XM_048225600.1	3832	3652.9	0	0
XM_048225601.1	4152	3972.9	0	0
XM_048225602.1	3901	3721.9	0	0
XM_048225603.1	3893	3713.9	0.196005	0.0226595
XM_048225604.1	3805	3625.9	0	0
XM_048225605.1	3874	3694.9	97.0285	11.2748
XM_048225606.1	3802	3622.9	0	0
XM_048225607.1	3851	3671.9	0	0
XM_048225608.1	3823	3643.9	3.76974	0.444179
XM_048225609.1	3820	3640.9	6.6249	0.781238
XM_048225610.1	2390	2210.9	0	0
XM_048225611.1	3799	3619.9	0	0
XM_048225612.1	4046	3866.9	0	0
XM_048225613.1	3796	3616.9	0.00177249	0.000210407
XM_048225614.1	3796	3616.9	0	0
XM_048225615.1	3793	3613.9	16.6066	1.97295
XM_048225616.1	3769	3589.9	229.588	27.4587
XM_048225617.1	4076	3896.9	0	0
XM_048225618.1	3702	3522.9	0	0
XM_048225619.1	3766	3586.9	7.12532e-06	8.52899e-07
XM_048225620.1	4011	3831.9	0	0
XM_048225621.1	3699	3519.9	0	0
XM_048225622.1	3758	3578.9	0	0
XM_048225623.1	3685	3505.9	0	0
XM_048225624.1	3755	3575.9	0	0
XM_048225625.1	3742	3562.9	8.79744e-05	1.06015e-05
XM_048225626.1	3617	3437.9	0	0
XM_048225627.1	3977	3797.9	0	0
XM_048225628.1	3727	3547.9	23.4431	2.83698
XM_048225629.1	3715	3535.9	15.5274	1.88543
XM_048225630.1	3712	3532.9	3.40865e-07	4.14251e-08
XM_048225631.1	3676	3496.9	0.738547	0.0906793
XM_048225632.1	3589	3409.9	0	0
XM_048225633.1	3674	3494.9	0.905442	0.111234
XM_048225634.1	3652	3472.9	0	0
XM_048225635.1	3649	3469.9	0.000248086	3.06972e-05
XM_048225636.1	3646	3466.9	3.47358	0.430179
XM_048225637.1	3622	3442.9	56.8865	7.09411
XM_048225638.1	3552	3372.9	0	0
XM_048225639.1	3619	3439.9	8.03575e-07	1.00298e-07
XM_048225640.1	3547	3367.9	0	0
XM_048225641.1	3568	3388.9	3.15894	0.400217
XM_048225642.1	3565	3385.9	3.04139e-08	3.85666e-09
XM_048225643.1	1876	1696.9	0	0
XM_048225644.1	2049	1869.9	16.3479	3.75367
XM_048225645.1	2851	2671.9	26.9208	4.32593
XM_048225646.1	1489	1309.9	0	0
XM_048225647.1	1552	1372.9	34.7298	10.8611
XM_048225648.1	1380	1200.9	33.9777	12.1478
XM_048225649.1	5064	4884.9	97.0499	8.53007
XM_048225650.1	1972	1792.9	0	0
XM_048225651.1	1977	1797.9	52.2426	12.4759
XM_048225652.1	11451	11271.9	0	0
XM_048225653.1	6590	6410.9	0	0
XM_048225654.1	14199	14019.9	4.21619	0.129119
XM_048225655.1	6274	6094.9	0	0
XM_048225656.1	4913	4733.9	0	0
XM_048225657.1	1749	1569.9	8.55796	2.34051
XM_048225658.1	5855	5675.9	0	0
XM_048225659.1	5676	5496.9	24.566	1.9188
XM_048225660.1	1252	1072.9	0	0
XM_048225661.1	14413	14233.9	0	0
XM_048225662.1	842	662.98	3.74216	2.42346
XM_048225663.1	13549	13369.9	1.26129	0.0405041
XM_048225664.1	5661	5481.9	0	0
XM_048225665.1	5179	4999.9	0	0
XM_048225666.1	5309	5129.9	0	0
XM_048225667.1	5124	4944.9	0	0
XM_048225668.1	11061	10881.9	0	0
XM_048225669.1	5824	5644.9	2	0.15212
XM_048225670.1	9348	9168.9	22.9435	1.07437
XM_048225671.1	3675	3495.9	0	0
XM_048225672.1	9712	9532.9	0	0
XM_048225673.1	14158	13978.9	0	0
XM_048225674.1	9507	9327.9	0	0
XM_048225675.1	9543	9363.9	0	0
XM_048225676.1	2581	2401.9	0	0
XM_048225677.1	2350	2170.9	3	0.593327
XM_048225678.1	13282	13102.9	0	0
XM_048225679.1	3986	3806.9	13.5939	1.53315
XM_048225680.1	3987	3807.9	0	0
XM_048225681.1	4228	4048.9	0	0
XM_048225682.1	4547	4367.9	0	0
XM_048225683.1	4327	4147.9	47.1533	4.88086
XM_048225684.1	4346	4166.9	0	0
XM_048225685.1	3347	3167.9	58.9881	7.99476
XM_048225686.1	13201	13021.9	0	0
XM_048225687.1	7231	7051.9	0	0
XM_048225688.1	7204	7024.9	45.7931	2.79881
XM_048225689.1	13189	13009.9	0	0
XM_048225690.1	1642	1462.9	0	0
XM_048225691.1	1537	1357.9	0	0
XM_048225692.1	1535	1355.9	0	0
XM_048225693.1	12406	12226.9	0	0
XM_048225694.1	12364	12184.9	0	0
XM_048225695.1	12301	12121.9	107.371	3.80302
XM_048225696.1	12286	12106.9	0	0
XM_048225697.1	13996	13816.9	0	0
XM_048225698.1	12259	12079.9	27.5518	0.979264
XM_048225699.1	12139	11959.9	105.074	3.77209
XM_048225700.1	5083	4903.9	0	0
XM_048225701.1	13984	13804.9	0	0
XM_048225702.1	4305	4125.9	8.92759e-08	9.29027e-09
XM_048225703.1	13120	12940.9	1.02025e-07	3.38497e-09
XM_048225704.1	2390	2210.9	0	0
XM_048225705.1	4751	4571.9	148.989	13.9917
XM_048225706.1	22439	22259.9	8.2161	0.158473
XM_048225707.1	780	600.98	0	0
XM_048225708.1	520	341.091	12	15.1051
XM_048225709.1	13915	13735.9	42.7003	1.33471
XM_048225710.1	13027	12847.9	0	0
XM_048225711.1	2796	2616.9	68.1599	11.1829
XM_048225712.1	2411	2231.9	4.09524	0.787802
XM_048225713.1	528	349.091	0	0
XM_048225714.1	2013	1833.9	0	0
XM_048225715.1	5775	5595.9	0	0
XM_048225716.1	5854	5674.9	0	0
XM_048225717.1	5813	5633.9	0	0
XM_048225718.1	5930	5750.9	0	0
XM_048225719.1	5877	5697.9	0	0
XM_048225720.1	5739	5559.9	0	0
XM_048225721.1	5798	5618.9	4.32739	0.330665
XM_048225722.1	5761	5581.9	0	0
XM_048225723.1	5731	5551.9	63.4567	4.90737
XM_048225724.1	5720	5540.9	5.06028e-07	3.9211e-08
XM_048225725.1	5791	5611.9	0	0
XM_048225726.1	5128	4948.9	15.3093	1.32819
XM_048225727.1	5166	4986.9	0	0
XM_048225728.1	5107	4927.9	8.21273	0.715548
XM_048225729.1	2914	2734.9	7.6627	1.20297
XM_048225730.1	3112	2932.9	4.81529	0.704916
XM_048225731.1	1936	1756.9	8.18507	2.00026
XM_048225732.1	4346	4166.9	11.5928	1.1945
XM_048225733.1	4294	4114.9	0	0
XM_048225734.1	1495	1315.9	0	0
XM_048225735.1	1752	1572.9	0	0
XM_048225736.1	1559	1379.9	0	0
XM_048225737.1	1392	1212.9	1	0.353987
XM_048225738.1	4415	4235.9	0	0
XM_048225739.1	4166	3986.9	0	0
XM_048225740.1	3833	3653.9	0	0
XM_048225741.1	7544	7364.9	0	0
XM_048225742.1	7445	7265.9	0	0
XM_048225743.1	7442	7262.9	0	0
XM_048225744.1	7388	7208.9	8.36902e-05	4.98447e-06
XM_048225745.1	6081	5901.9	0	0
XM_048225746.1	7704	7524.9	0	0
XM_048225747.1	6046	5866.9	0	0
XM_048225748.1	6077	5897.9	0	0
XM_048225749.1	18071	17891.9	0	0
XM_048225750.1	6009	5829.9	0	0
XM_048225751.1	7627	7447.9	46.7062	2.69249
XM_048225752.1	5974	5794.9	0	0
XM_048225753.1	6005	5825.9	0	0
XM_048225754.1	1509	1329.9	0	0
XM_048225755.1	4314	4134.9	0	0
XM_048225756.1	387	209.652	0.109656	0.224567
XM_048225757.1	2711	2531.9	1	0.169577
XM_048225758.1	10928	10748.9	116	4.63348
XM_048225759.1	1137	957.905	0	0
XM_048225760.1	849	669.98	0	0
XM_048225761.1	900	720.98	0	0
XM_048225762.1	1323	1143.9	0	0
XM_048225763.1	1319	1139.9	0	0
XM_048225764.1	14405	14225.9	19.4041	0.585634
XM_048225765.1	3655	3475.9	9.52303	1.17631
XM_048225766.1	3402	3222.9	0	0
XM_048225767.1	3791	3611.9	0	0
XM_048225768.1	1986	1806.9	0	0
XM_048225769.1	1777	1597.9	0	0
XM_048225770.1	2321	2141.9	0	0
XM_048225771.1	4038	3858.9	0	0
XM_048225772.1	3900	3720.9	0	0
XM_048225773.1	2583	2403.9	0	0
XM_048225774.1	8429	8249.9	0	0
XM_048225775.1	8314	8134.9	0	0
XM_048225776.1	8324	8144.9	0	0
XM_048225777.1	8432	8252.9	0	0
XM_048225778.1	4747	4567.9	0	0
XM_048225779.1	3145	2965.9	0	0
XM_048225780.1	3132	2952.9	0	0
XM_048225781.1	2402	2222.9	4.48711	0.866681
XM_048225782.1	2534	2354.9	7.50689	1.36868
XM_048225783.1	2252	2072.9	24.006	4.97226
XM_048225784.1	794	614.98	0	0
XM_048225785.1	1584	1404.9	0	0
XM_048225786.1	2018	1838.9	0	0
XM_048225787.1	3119	2939.9	20.0655	2.93043
XM_048225788.1	165	41.6333	0	0
XM_048225789.1	1936	1756.9	0	0
XM_048225790.1	1387	1207.9	0	0
XM_048225791.1	7386	7206.9	0	0
XM_048225792.1	3923	3743.9	0	0
XM_048225793.1	8420	8240.9	0	0
XM_048225794.1	8142	7962.9	9.94327	0.536131
XM_048225795.1	1219	1039.9	0	0
XM_048225796.1	5730	5550.9	0	0
XM_048225797.1	7926	7746.9	0	0
XM_048225798.1	2920	2740.9	0	0
XM_048225799.1	2580	2400.9	0	0
XM_048225800.1	2503	2323.9	0	0
XM_048225801.1	2456	2276.9	37.62	7.09394
XM_048225802.1	2378	2198.9	0	0
XM_048225803.1	2578	2398.9	0	0
XM_048225804.1	1618	1438.9	2.99543e-06	8.93799e-07
XM_048225805.1	1592	1412.9	0	0
XM_048225806.1	5243	5063.9	1.68073	0.142504
XM_048225807.1	2765	2585.9	0	0
XM_048225808.1	2723	2543.9	0	0
XM_048225809.1	2518	2338.9	0	0
XM_048225810.1	1552	1372.9	0	0
XM_048225811.1	2402	2222.9	2.75358	0.531852
XM_048225812.1	5433	5253.9	0	0
XM_048225813.1	5313	5133.9	0.321109	0.0268546
XM_048225814.1	5310	5130.9	0.688546	0.0576172
XM_048225815.1	1393	1213.9	0	0
XM_048225816.1	2814	2634.9	0	0
XM_048225817.1	2408	2228.9	36.6963	7.06878
XM_048225818.1	4056	3876.9	76.8522	8.51108
XM_048225819.1	2614	2434.9	0	0
XM_048225820.1	3731	3551.9	2.83608	0.342823
XM_048225821.1	11616	11436.9	0	0
XM_048225822.1	3317	3137.9	0	0
XM_048225823.1	2253	2073.9	2	0.414052
XM_048225824.1	467	288.277	1.08571	1.61702
XM_048225825.1	11264	11084.9	38.5786	1.49426
XM_048225826.1	3726	3546.9	3	0.363149
XM_048225827.1	11158	10978.9	0	0
XM_048225828.1	3528	3348.9	0	0
XM_048225829.1	3280	3100.9	0	0
XM_048225830.1	1318	1138.9	0	0
XM_048225831.1	10402	10222.9	60.4214	2.53764
XM_048225832.1	10294	10114.9	0	0
XM_048225833.1	2951	2771.9	0	0
XM_048225834.1	864	684.98	4	2.50724
XM_048225835.1	9071	8891.9	0	0
XM_048225836.1	9223	9043.9	0	0
XM_048225837.1	8118	7938.9	0	0
XM_048225838.1	25975	25795.9	1.41441	0.0235417
XM_048225839.1	8387	8207.9	8.19316	0.428581
XM_048225840.1	567	387.98	0	0
XM_048225841.1	2021	1841.9	49.3516	11.504
XM_048225842.1	1934	1754.9	0	0
XM_048225843.1	3661	3481.9	0	0
XM_048225844.1	1830	1650.9	0	0
XM_048225845.1	569	389.98	4.29666	4.73044
XM_048225846.1	2016	1836.9	27.1239	6.33985
XM_048225847.1	2642	2462.9	25.8761	4.51091
XM_048225848.1	5788	5608.9	5.04398	0.386108
XM_048225849.1	14125	13945.9	0	0
XM_048225850.1	14021	13841.9	0.0583618	0.00181028
XM_048225851.1	13811	13631.9	0	0
XM_048225852.1	13793	13613.9	0	0
XM_048225853.1	13749	13569.9	0	0
XM_048225854.1	13775	13595.9	0	0
XM_048225855.1	13697	13517.9	92.9176	2.95122
XM_048225856.1	13346	13166.9	0	0
XM_048225857.1	13374	13194.9	0	0
XM_048225858.1	13270	13090.9	305.912	10.0332
XM_048225859.1	12789	12609.9	0	0
XM_048225860.1	11934	11754.9	49.1123	1.79384
XM_048225861.1	8985	8805.9	0	0
XM_048225862.1	2787	2607.9	0	0
XM_048225863.1	7879	7699.9	0	0
XM_048225864.1	7848	7668.9	0	0
XM_048225865.1	8359	8179.9	2.74201e-08	1.43925e-09
XM_048225866.1	1872	1692.9	3.25785	0.826252
XM_048225867.1	6236	6056.9	57.1257	4.04943
XM_048225868.1	9006	8826.9	0	0
XM_048225869.1	1758	1578.9	0	0
XM_048225870.1	17364	17184.9	0	0
XM_048225871.1	16883	16703.9	9.39058	0.241372
XM_048225872.1	16878	16698.9	14.1015	0.362568
XM_048225873.1	17139	16959.9	0	0
XM_048225874.1	4715	4535.9	0	0
XM_048225875.1	4627	4447.9	44.8375	4.32812
XM_048225876.1	9737	9557.9	5.63011e-05	2.52911e-06
XM_048225877.1	9644	9464.9	19.5945	0.888858
XM_048225878.1	8121	7941.9	1.84726	0.0998659
XM_048225879.1	7773	7593.9	0	0
XM_048225880.1	4598	4418.9	0	0
XM_048225881.1	8122	7942.9	0.196095	0.0105999
XM_048225882.1	8240	8060.9	0	0
XM_048225883.1	8094	7914.9	19.6741	1.06724
XM_048225884.1	4558	4378.9	0	0
XM_048225885.1	9105	8925.9	0	0
XM_048225886.1	8957	8777.9	0	0
XM_048225887.1	8949	8769.9	33.2124	1.62599
XM_048225888.1	6911	6731.9	0	0
XM_048225889.1	6786	6606.9	2.53352	0.164642
XM_048225890.1	3333	3153.9	27.219	3.70541
XM_048225891.1	6254	6074.9	0	0
XM_048225892.1	7723	7543.9	0	0
XM_048225893.1	6765	6585.9	0	0
XM_048225894.1	2521	2341.9	0	0
XM_048225895.1	3729	3549.9	18.7386	2.26639
XM_048225896.1	5459	5279.9	5.63666	0.458362
XM_048225897.1	26317	26137.9	0	0
XM_048225898.1	3178	2998.9	6.03623e-06	8.64205e-07
XM_048225899.1	12302	12122.9	1.32418	0.0468981
XM_048225900.1	3827	3647.9	0	0
XM_048225901.1	3793	3613.9	0	0
XM_048225902.1	3807	3627.9	0	0
XM_048225903.1	3147	2967.9	4.67581	0.676426
XM_048225904.1	2837	2657.9	0	0
XM_048225905.1	3459	3279.9	0	0
XM_048225906.1	3235	3055.9	0	0
XM_048225907.1	11438	11258.9	0	0
XM_048225908.1	4066	3886.9	1.89296	0.209099
XM_048225909.1	6568	6388.9	5.10704	0.343207
XM_048225910.1	3748	3568.9	18.5067	2.22642
XM_048225911.1	2086	1906.9	0	0
XM_048225912.1	8043	7863.9	25.838	1.4107
XM_048225913.1	2223	2043.9	0	0
XM_048225914.1	3967	3787.9	0	0
XM_048225915.1	3164	2984.9	0	0
XM_048225916.1	2469	2289.9	1.30707	0.245073
XM_048225917.1	2086	1906.9	0	0
XM_048225918.1	12832	12652.9	0	0
XM_048225919.1	12999	12819.9	0	0
XM_048225920.1	1984	1804.9	0	0
XM_048225921.1	12490	12310.9	102.362	3.56994
XM_048225922.1	13372	13192.9	29.3467	0.955063
XM_048225923.1	3071	2891.9	0	0
XM_048225924.1	2042	1862.9	0	0
XM_048225925.1	1938	1758.9	9.23327	2.25386
XM_048225926.1	1353	1173.9	0	0
XM_048225927.1	2221	2041.9	0	0
XM_048225928.1	1953	1773.9	0	0
XM_048225929.1	2197	2017.9	0	0
XM_048225930.1	20006	19826.9	12.051	0.260964
XM_048225931.1	16761	16581.9	1.44411	0.0373921
XM_048225932.1	4476	4296.9	161.063	16.0936
XM_048225933.1	6772	6592.9	0	0
XM_048225934.1	2188	2008.9	0	0
XM_048225935.1	7345	7165.9	44.3347	2.65636
XM_048225936.1	2383	2203.9	0	0
XM_048225937.1	977	797.905	1	0.538099
XM_048225938.1	2177	1997.9	0	0
XM_048225939.1	2370	2190.9	0	0
XM_048225940.1	363	186.702	0	0
XM_048225941.1	2396	2216.9	0	0
XM_048225942.1	2276	2096.9	0	0
XM_048225943.1	2867	2687.9	6.32448	1.01024
XM_048225944.1	1546	1366.9	0	0
XM_048225945.1	2230	2050.9	0	0
XM_048225946.1	2017	1837.9	40.6745	9.50195
XM_048225947.1	2195	2015.9	0	0
XM_048225948.1	2235	2055.9	0	0
XM_048225949.1	3823	3643.9	0	0
XM_048225950.1	2254	2074.9	0	0
XM_048225951.1	5196	5016.9	0	0
XM_048225952.1	5090	4910.9	11.3563	0.992864
XM_048225953.1	5177	4997.9	0	0
XM_048225954.1	2032	1852.9	0.00100589	0.000233082
XM_048225955.1	3566	3386.9	0	0
XM_048225956.1	3078	2898.9	0	0
XM_048225957.1	3386	3206.9	0	0
XM_048225958.1	2109	1929.9	0	0
XM_048225959.1	3314	3134.9	0	0
XM_048225960.1	3233	3053.9	0	0
XM_048225961.1	2281	2101.9	0	0
XM_048225962.1	2290	2110.9	0	0
XM_048225963.1	3061	2881.9	0	0
XM_048225964.1	3093	2913.9	0	0
XM_048225965.1	2127	1947.9	0	0
XM_048225966.1	2517	2337.9	0	0
XM_048225967.1	2855	2675.9	0	0
XM_048225968.1	2844	2664.9	0	0
XM_048225969.1	2110	1930.9	0	0
XM_048225970.1	7960	7780.9	32.7075	1.80481
XM_048225971.1	9067	8887.9	25.0392	1.20958
XM_048225972.1	2008	1828.9	0	0
XM_048225973.1	9404	9224.9	2.32629	0.108272
XM_048225974.1	1473	1293.9	0.67371	0.223555
XM_048225975.1	6904	6724.9	5	0.319225
XM_048225976.1	2638	2458.9	0	0
XM_048225977.1	2666	2486.9	29.9411	5.16919
XM_048225978.1	4292	4112.9	0	0
XM_048225979.1	4220	4040.9	0	0
XM_048225980.1	4216	4036.9	0	0
XM_048225981.1	4070	3890.9	114.707	12.6576
XM_048225982.1	4121	3941.9	77.2935	8.4188
XM_048225983.1	3618	3438.9	0	0
XM_048225984.1	4017	3837.9	14.3589	1.60635
XM_048225985.1	4343	4163.9	1.64333	0.169449
XM_048225986.1	4338	4158.9	7.883	0.813815
XM_048225987.1	5474	5294.9	0	0
XM_048225988.1	6430	6250.9	0	0
XM_048225989.1	6433	6253.9	0	0
XM_048225990.1	6386	6206.9	0	0
XM_048225991.1	6425	6245.9	5.22059	0.358871
XM_048225992.1	6362	6182.9	0	0
XM_048225993.1	6428	6248.9	0	0
XM_048225994.1	5060	4880.9	0	0
XM_048225995.1	8734	8554.9	0	0
XM_048225996.1	8563	8383.9	112.999	5.78685
XM_048225997.1	8446	8266.9	0	0
XM_048225998.1	8425	8245.9	43.0236	2.24018
XM_048225999.1	8404	8224.9	0	0
XM_048226000.1	7511	7331.9	0	0
XM_048226001.1	2026	1846.9	0	0
XM_048226002.1	3914	3734.9	0	0
XM_048226003.1	8528	8348.9	0	0
XM_048226004.1	8355	8175.9	0	0
XM_048226005.1	8530	8350.9	37.7869	1.94277
XM_048226006.1	8309	8129.9	54.2131	2.86307
XM_048226007.1	8387	8207.9	0	0
XM_048226008.1	695	515.98	0	0
XM_048226009.1	29287	29107.9	6.1565	0.0908105
XM_048226010.1	4089	3909.9	0	0
XM_048226011.1	5537	5357.9	0	0
XM_048226012.1	7569	7389.9	111	6.44908
XM_048226013.1	5481	5301.9	0	0
XM_048226014.1	5489	5309.9	0	0
XM_048226015.1	5448	5268.9	0	0
XM_048226016.1	5450	5270.9	58.2307	4.7433
XM_048226017.1	5500	5320.9	21.7373	1.75402
XM_048226018.1	5616	5436.9	0	0
XM_048226019.1	5870	5690.9	0	0
XM_048226020.1	1528	1348.9	59.1618	18.831
XM_048226021.1	1522	1342.9	22.8382	7.30181
XM_048226022.1	3936	3756.9	0	0
XM_048226023.1	9732	9552.9	624.425	28.0646
XM_048226024.1	9862	9682.9	0	0
XM_048226025.1	1282	1102.9	16.3131	6.35057
XM_048226026.1	1182	1002.9	2.68688	1.15028
XM_048226027.1	21595	21415.9	0	0
XM_048226028.1	3670	3490.9	9253.06	1138.05
XM_048226029.1	1467	1287.9	391.94	130.662
XM_048226030.1	8079	7899.9	0	0
XM_048226031.1	6947	6767.9	9.22719	0.585368
XM_048226032.1	1954	1774.9	0	0
XM_048226033.1	3489	3309.9	0	0
XM_048226034.1	3539	3359.9	0	0
XM_048226035.1	3439	3259.9	0	0
XM_048226036.1	3704	3524.9	0	0
XM_048226037.1	3575	3395.9	0	0
XM_048226038.1	3403	3223.9	0	0
XM_048226039.1	3333	3153.9	0	0
XM_048226040.1	3283	3103.9	0	0
XM_048226041.1	3416	3236.9	0	0
XM_048226042.1	3348	3168.9	0	0
XM_048226043.1	3473	3293.9	0	0
XM_048226044.1	3410	3230.9	16.5687	2.2018
XM_048226045.1	3123	2943.9	0	0
XM_048226046.1	3190	3010.9	0	0
XM_048226047.1	3122	2942.9	0	0
XM_048226048.1	3072	2892.9	0	0
XM_048226049.1	3173	2993.9	0	0
XM_048226050.1	3288	3108.9	0	0
XM_048226051.1	3172	2992.9	0	0
XM_048226052.1	2966	2786.9	0	0
XM_048226053.1	2867	2687.9	0	0
XM_048226054.1	2924	2744.9	0	0
XM_048226055.1	6704	6524.9	0	0
XM_048226056.1	3309	3129.9	0	0
XM_048226057.1	2484	2304.9	0	0
XM_048226058.1	3690	3510.9	0	0
XM_048226059.1	3636	3456.9	3	0.372604
XM_048226060.1	3713	3533.9	0	0
XM_048226061.1	3531	3351.9	0	0
XM_048226062.1	3230	3050.9	11.9553	1.68247
XM_048226063.1	3451	3271.9	0	0
XM_048226064.1	3152	2972.9	0	0
XM_048226065.1	1715	1535.9	0	0
XM_048226066.1	3051	2871.9	0	0
XM_048226067.1	6342	6162.9	0	0
XM_048226068.1	1665	1485.9	0	0
XM_048226069.1	3312	3132.9	0	0
XM_048226070.1	2549	2369.9	0	0
XM_048226071.1	2560	2380.9	0	0
XM_048226072.1	3621	3441.9	0	0
XM_048226073.1	8851	8671.9	16.5434	0.819073
XM_048226074.1	7258	7078.9	2.77421e-07	1.68262e-08
XM_048226075.1	8705	8525.9	1.46681	0.0738666
XM_048226076.1	7117	6937.9	50.0923	3.09996
XM_048226077.1	4091	3911.9	1.6428	0.180306
XM_048226078.1	3218	3038.9	0	0
XM_048226079.1	2540	2360.9	215.748	39.2356
XM_048226080.1	6495	6315.9	0	0
XM_048226081.1	8875	8695.9	12.9243	0.638126
XM_048226082.1	6567	6387.9	0	0
XM_048226083.1	10617	10437.9	28.5593	1.17476
XM_048226084.1	5950	5770.9	0	0
XM_048226085.1	3794	3614.9	67.1268	7.97283
XM_048226086.1	924	744.98	0.0940067	0.0541786
XM_048226087.1	5401	5221.9	0	0
XM_048226088.1	5732	5552.9	0.00032634	2.52327e-05
XM_048226089.1	4989	4809.9	0	0
XM_048226090.1	2912	2732.9	1.81944	0.285842
XM_048226091.1	6246	6066.9	50.1806	3.55125
XM_048226092.1	9510	9330.9	4.00065	0.184086
XM_048226093.1	4902	4722.9	0	0
XM_048226094.1	868	688.98	0	0
XM_048226095.1	829	649.98	3.07082	2.02847
XM_048226096.1	18782	18602.9	0	0
XM_048226097.1	3659	3479.9	0	0
XM_048226098.1	3628	3448.9	0	0
XM_048226099.1	10395	10215.9	0	0
XM_048226100.1	3442	3262.9	0	0
XM_048226101.1	3484	3304.9	0	0
XM_048226102.1	10349	10169.9	2.3365e-08	9.86422e-10
XM_048226103.1	10200	10020.9	5.41443	0.231985
XM_048226104.1	3323	3143.9	0	0
XM_048226105.1	11224	11044.9	0	0
XM_048226106.1	11027	10847.9	92.9296	3.67808
XM_048226107.1	5285	5105.9	17.8909	1.50443
XM_048226108.1	1629	1449.9	0	0
XM_048226109.1	5562	5382.9	0	0
XM_048226110.1	3790	3610.9	0	0
XM_048226111.1	3417	3237.9	0.00176061	0.00023346
XM_048226112.1	3598	3418.9	0	0
XM_048226113.1	3479	3299.9	0	0
XM_048226114.1	3398	3218.9	1.97635	0.263614
XM_048226115.1	2442	2262.9	0	0
XM_048226116.1	1707	1527.9	34.0619	9.57163
XM_048226117.1	1530	1350.9	0	0
XM_048226118.1	3510	3330.9	3.09024	0.39833
XM_048226119.1	2437	2257.9	69.0207	13.1246
XM_048226120.1	1944	1764.9	1	0.243272
XM_048226121.1	3601	3421.9	39.7565	4.98831
XM_048226122.1	3633	3453.9	7.76914	0.965775
XM_048226123.1	3161	2981.9	0	0
XM_048226124.1	2473	2293.9	0	0
XM_048226125.1	2655	2475.9	0	0
XM_048226126.1	2250	2070.9	0	0
XM_048226127.1	2145	1965.9	0	0
XM_048226128.1	1799	1619.9	1.49101	0.395188
XM_048226129.1	3946	3766.9	3.50899	0.399955
XM_048226130.1	2694	2514.9	6	1.02434
XM_048226131.1	2455	2275.9	4.74147	0.894483
XM_048226132.1	3838	3658.9	2.49975	0.293331
XM_048226133.1	2514	2334.9	0	0
XM_048226134.1	7322	7142.9	0	0
XM_048226135.1	7268	7088.9	119.43	7.23347
XM_048226136.1	12181	12001.9	0	0
XM_048226137.1	12149	11969.9	0	0
XM_048226138.1	12143	11963.9	0	0
XM_048226139.1	12145	11965.9	0	0
XM_048226140.1	12122	11942.9	0	0
XM_048226141.1	11950	11770.9	13.4467	0.490477
XM_048226142.1	11794	11614.9	0	0
XM_048226143.1	11907	11727.9	0	0
XM_048226144.1	11773	11593.9	0	0
XM_048226145.1	11886	11706.9	0	0
XM_048226146.1	11571	11391.9	10.5697	0.398365
XM_048226147.1	2482	2302.9	257.961	48.0941
XM_048226148.1	8984	8804.9	49	2.38938
XM_048226149.1	4912	4732.9	0	0
XM_048226150.1	2676	2496.9	0	0
XM_048226151.1	6218	6038.9	29.3389	2.08593
XM_048226152.1	1286	1106.9	0.622304	0.241382
XM_048226153.1	6227	6047.9	0	0
XM_048226154.1	1767	1587.9	9.08274	2.45587
XM_048226155.1	27558	27378.9	5.40039	0.0846881
XM_048226156.1	27516	27336.9	40.0414	0.628888
XM_048226157.1	27497	27317.9	29.835	0.468913
XM_048226158.1	27474	27294.9	42.4399	0.667585
XM_048226159.1	27468	27288.9	0.115154	0.00181179
XM_048226160.1	27459	27279.9	284.385	4.47587
XM_048226161.1	27402	27222.9	3.65978	0.0577211
XM_048226162.1	27399	27219.9	220.515	3.47829
XM_048226163.1	27312	27132.9	0	0
XM_048226164.1	4340	4160.9	0	0
XM_048226165.1	8018	7838.9	0	0
XM_048226166.1	7912	7732.9	0	0
XM_048226167.1	7800	7620.9	0.000980107	5.5218e-05
XM_048226168.1	7908	7728.9	0	0
XM_048226169.1	4441	4261.9	0	0
XM_048226170.1	8134	7954.9	0	0
XM_048226171.1	8773	8593.9	0	0
XM_048226172.1	13224	13044.9	4.77729	0.157237
XM_048226173.1	12825	12645.9	2.48544	0.0843852
XM_048226174.1	4438	4258.9	0	0
XM_048226175.1	18943	18763.9	8.08789	0.185065
XM_048226176.1	717	537.98	0	0
XM_048226177.1	3756	3576.9	0	0
XM_048226178.1	3741	3561.9	22	2.65188
XM_048226179.1	3299	3119.9	0	0
XM_048226180.1	5171	4991.9	0	0
XM_048226181.1	7821	7641.9	383.018	21.5195
XM_048226182.1	7807	7627.9	49.9816	2.81331
XM_048226183.1	550	371.056	0.531858	0.615419
XM_048226184.1	10002	9822.9	151.498	6.62185
XM_048226185.1	4375	4195.9	0	0
XM_048226186.1	6424	6244.9	3.9584	0.27215
XM_048226187.1	6007	5827.9	25.9233	1.90981
XM_048226188.1	11910	11730.9	3.43405	0.125687
XM_048226189.1	11904	11724.9	5.74417	0.210345
XM_048226190.1	2748	2568.9	0	0
XM_048226191.1	4363	4183.9	0	0
XM_048226192.1	4360	4180.9	59.8053	6.14162
XM_048226193.1	2202	2022.9	0	0
XM_048226194.1	2449	2269.9	0	0
XM_048226195.1	2028	1848.9	0	0
XM_048226196.1	4348	4168.9	39.214	4.03862
XM_048226197.1	696	516.98	11.8904	9.875
XM_048226198.1	8476	8296.9	3.33347	0.172502
XM_048226199.1	981	801.905	0	0
XM_048226200.1	4297	4117.9	9.25154e-06	9.64609e-07
XM_048226201.1	4294	4114.9	0.761536	0.0794591
XM_048226202.1	4285	4105.9	0.000417067	4.36124e-05
XM_048226203.1	4282	4102.9	34.4262	3.60256
XM_048226204.1	6130	5950.9	0.67614	0.0487829
XM_048226205.1	4515	4335.9	4.87475e-08	4.8271e-09
XM_048226206.1	9746	9566.9	0	0
XM_048226207.1	9551	9371.9	0	0
XM_048226208.1	8605	8425.9	9.97191e-08	5.0813e-09
XM_048226209.1	8504	8324.9	3.74789e-08	1.93295e-09
XM_048226210.1	1718	1538.9	0	0
XM_048226211.1	8474	8294.9	0	0
XM_048226212.1	6191	6011.9	0	0
XM_048226213.1	6156	5976.9	0	0
XM_048226214.1	7773	7593.9	2.18783	0.123698
XM_048226215.1	6518	6338.9	0	0
XM_048226216.1	11170	10990.9	1.75053e-05	6.83834e-07
XM_048226217.1	11041	10861.9	86	3.39943
XM_048226218.1	2855	2675.9	0	0
XM_048226219.1	2573	2393.9	17	3.04899
XM_048226220.1	1272	1092.9	2	0.785708
XM_048226221.1	2616	2436.9	0	0
XM_048226222.1	780	600.98	0	0
XM_048226223.1	1720	1540.9	3	0.835909
XM_048226224.1	1899	1719.9	0	0
XM_048226225.1	10728	10548.9	0	0
XM_048226226.1	1476	1296.9	0	0
XM_048226227.1	8648	8468.9	0	0
XM_048226228.1	12146	11966.9	0	0
XM_048226229.1	5348	5168.9	0	0
XM_048226230.1	5083	4903.9	0	0
XM_048226231.1	10188	10008.9	157.764	6.76758
XM_048226232.1	10238	10058.9	0.236486	0.0100941
XM_048226233.1	11145	10965.9	10.0053	0.391741
XM_048226234.1	11301	11121.9	9.87287e-08	3.81134e-09
XM_048226235.1	9714	9534.9	3.96107e-08	1.78365e-09
XM_048226236.1	9568	9388.9	22.038	1.00779
XM_048226237.1	1966	1786.9	0	0
XM_048226238.1	3615	3435.9	0	0
XM_048226239.1	3823	3643.9	0	0
XM_048226240.1	13709	13529.9	0.1237	0.00392544
XM_048226241.1	13591	13411.9	0	0
XM_048226242.1	13360	13180.9	175.109	5.70396
XM_048226243.1	11008	10828.9	5.14281	0.203906
XM_048226244.1	5492	5312.9	0	0
XM_048226245.1	5517	5337.9	0	0
XM_048226246.1	5514	5334.9	0	0
XM_048226247.1	5374	5194.9	0	0
XM_048226248.1	5339	5159.9	0	0
XM_048226249.1	5336	5156.9	0	0
XM_048226250.1	5197	5017.9	2.19958	0.188205
XM_048226251.1	5194	5014.9	4.80042	0.410989
XM_048226252.1	4036	3856.9	11.8532	1.3195
XM_048226253.1	4049	3869.9	0.146811	0.0162881
XM_048226254.1	18955	18775.9	36.563	0.836094
XM_048226255.1	22726	22546.9	17.9371	0.341569
XM_048226256.1	17626	17446.9	0	0
XM_048226257.1	22457	22277.9	0	0
XM_048226258.1	16667	16487.9	12.1431	0.316212
XM_048226259.1	15767	15587.9	0	0
XM_048226260.1	1427	1247.9	0.820878	0.28243
XM_048226261.1	5603	5423.9	0	0
XM_048226262.1	2956	2776.9	38	5.87538
XM_048226263.1	3267	3087.9	0.714364	0.0993274
XM_048226264.1	3548	3368.9	8.44329	1.07606
XM_048226265.1	3567	3387.9	0	0
XM_048226266.1	3260	3080.9	13.8089	1.92439
XM_048226267.1	4648	4468.9	0	0
XM_048226268.1	4298	4118.9	0	0
XM_048226269.1	3015	2835.9	0	0
XM_048226270.1	3041	2861.9	0	0
XM_048226271.1	3109	2929.9	0	0
XM_048226272.1	2806	2626.9	0	0
XM_048226273.1	3714	3534.9	0	0
XM_048226274.1	3516	3336.9	12.4326	1.59967
XM_048226275.1	3248	3068.9	1.96915e-07	2.75492e-08
XM_048226276.1	9264	9084.9	1	0.0472599
XM_048226277.1	252	92.3911	0	0
XM_048226278.1	1860	1680.9	0	0
XM_048226279.1	6072	5892.9	4.33511	0.315852
XM_048226280.1	3611	3431.9	0	0
XM_048226281.1	13634	13454.9	7.08239	0.226002
XM_048226282.1	4114	3934.9	0	0
XM_048226283.1	4060	3880.9	0	0
XM_048226284.1	4143	3963.9	0	0
XM_048226285.1	2014	1834.9	8.11929	1.89984
XM_048226286.1	2196	2016.9	0	0
XM_048226287.1	4683	4503.9	3	0.285986
XM_048226288.1	2136	1956.9	0	0
XM_048226289.1	1499	1319.9	31.633	10.2899
XM_048226290.1	1496	1316.9	6.26758e-06	2.04343e-06
XM_048226291.1	7181	7001.9	16.9949	1.04211
XM_048226292.1	6718	6538.9	0	0
XM_048226293.1	6600	6420.9	0	0
XM_048226294.1	6485	6305.9	0	0
XM_048226295.1	6525	6345.9	0	0
XM_048226296.1	6088	5908.9	0	0
XM_048226297.1	6111	5931.9	0	0
XM_048226298.1	2175	1995.9	0	0
XM_048226299.1	1912	1732.9	15.3886	3.81276
XM_048226300.1	9690	9510.9	0	0
XM_048226301.1	732	552.98	1	0.776433
XM_048226302.1	15475	15295.9	0	0
XM_048226303.1	6261	6081.9	0	0
XM_048226304.1	6114	5934.9	1.25788e-05	9.09994e-07
XM_048226305.1	6139	5959.9	52.4693	3.77989
XM_048226306.1	6257	6077.9	0	0
XM_048226307.1	6110	5930.9	0.000104399	7.5577e-06
XM_048226308.1	1292	1112.9	0	0
XM_048226309.1	6382	6202.9	29.5364	2.04444
XM_048226310.1	6685	6505.9	0	0
XM_048226311.1	6554	6374.9	0	0
XM_048226312.1	6423	6243.9	0.00106761	7.34125e-05
XM_048226313.1	6384	6204.9	0.0374175	0.00258912
XM_048226314.1	6692	6512.9	0	0
XM_048226315.1	6386	6206.9	670.65	46.3911
XM_048226316.1	6689	6509.9	0	0
XM_048226317.1	6558	6378.9	0	0
XM_048226318.1	6427	6247.9	0.0257907	0.00177232
XM_048226319.1	6424	6244.9	175.555	12.0698
XM_048226320.1	6388	6208.9	0.914171	0.0632158
XM_048226321.1	8599	8419.9	0	0
XM_048226322.1	8338	8158.9	0	0
XM_048226323.1	8409	8229.9	0	0
XM_048226324.1	8412	8232.9	0	0
XM_048226325.1	9221	9041.9	0	0
XM_048226326.1	8958	8778.9	0	0
XM_048226327.1	8241	8061.9	116.498	6.2043
XM_048226328.1	9267	9087.9	0	0
XM_048226329.1	8325	8145.9	0	0
XM_048226330.1	8562	8382.9	0.00479978	0.000245833
XM_048226331.1	8265	8085.9	0	0
XM_048226332.1	8411	8231.9	35.7187	1.86298
XM_048226333.1	9128	8948.9	0	0
XM_048226334.1	8235	8055.9	0	0
XM_048226335.1	8319	8139.9	0	0
XM_048226336.1	8151	7971.9	62.1	3.34459
XM_048226337.1	8382	8202.9	0	0
XM_048226338.1	8208	8028.9	0	0
XM_048226339.1	8295	8115.9	0	0
XM_048226340.1	8292	8112.9	0	0
XM_048226341.1	8205	8025.9	0	0
XM_048226342.1	9104	8924.9	0	0
XM_048226343.1	8433	8253.9	0.0474589	0.00246872
XM_048226344.1	8361	8181.9	41.1991	2.16196
XM_048226345.1	8272	8092.9	0	0
XM_048226346.1	8364	8184.9	14.9515	0.784306
XM_048226347.1	8100	7920.9	84.7419	4.59343
XM_048226348.1	8294	8114.9	60.5599	3.20417
XM_048226349.1	8205	8025.9	0	0
XM_048226350.1	8118	7938.9	0	0
XM_048226351.1	8202	8022.9	0	0
XM_048226352.1	8115	7935.9	0	0
XM_048226353.1	8274	8094.9	7.85462	0.416607
XM_048226354.1	8247	8067.9	25.1961	1.34087
XM_048226355.1	8293	8113.9	0.0260181	0.00137676
XM_048226356.1	8237	8057.9	0	0
XM_048226357.1	7126	6946.9	4	0.247219
XM_048226358.1	8157	7977.9	13.1922	0.709975
XM_048226359.1	8154	7974.9	37.3732	2.01209
XM_048226360.1	8139	7959.9	87.8775	4.74006
XM_048226361.1	2590	2410.9	56.3613	10.0372
XM_048226362.1	5331	5151.9	5.63871	0.469922
XM_048226363.1	2665	2485.9	92.448	15.9671
XM_048226364.1	730	550.98	3	2.33775
XM_048226365.1	759	579.98	7.17305	5.31012
XM_048226366.1	4503	4323.9	0	0
XM_048226367.1	3245	3065.9	0	0
XM_048226368.1	4840	4660.9	0	0
XM_048226369.1	5198	5018.9	0	0
XM_048226370.1	5780	5600.9	2	0.153315
XM_048226371.1	4602	4422.9	1	0.0970747
XM_048226372.1	6327	6147.9	0	0
XM_048226373.1	6318	6138.9	0	0
XM_048226374.1	4468	4288.9	0.248712	0.0248979
XM_048226375.1	2751	2571.9	0	0
XM_048226376.1	2391	2211.9	1	0.19411
XM_048226377.1	2445	2265.9	0	0
XM_048226378.1	10243	10063.9	1.81906e-07	7.76057e-09
XM_048226379.1	10124	9944.9	1.00307	0.0433058
XM_048226380.1	7562	7382.9	0	0
XM_048226381.1	4773	4593.9	0	0
XM_048226382.1	4686	4506.9	21.4996	2.04817
XM_048226383.1	4609	4429.9	0	0
XM_048226384.1	4521	4341.9	21.9421	2.16976
XM_048226385.1	4417	4237.9	0	0
XM_048226386.1	4977	4797.9	0	0
XM_048226387.1	25800	25620.9	1.31459	0.0220298
XM_048226388.1	1621	1441.9	0	0
XM_048226389.1	994	814.905	1	0.526874
XM_048226390.1	4838	4658.9	0	0
XM_048226391.1	4081	3901.9	0	0
XM_048226392.1	4078	3898.9	1.23209e-05	1.35679e-06
XM_048226393.1	4028	3848.9	6.21509e-05	6.93304e-06
XM_048226394.1	4284	4104.9	0	0
XM_048226395.1	2064	1884.9	42.8277	9.75548
XM_048226396.1	3998	3818.9	43.6802	4.91088
XM_048226397.1	4001	3821.9	5.84673e-05	6.56821e-06
XM_048226398.1	3950	3770.9	130.225	14.8273
XM_048226399.1	3906	3726.9	12.834	1.47852
XM_048226400.1	3909	3729.9	1.25767e-05	1.44771e-06
XM_048226401.1	3870	3690.9	14.1609	1.6473
XM_048226402.1	3826	3646.9	206.211	24.2773
XM_048226403.1	4854	4674.9	28.2166	2.59147
XM_048226404.1	3843	3663.9	0.0233661	0.00273814
XM_048226405.1	3826	3646.9	0	0
XM_048226406.1	4045	3865.9	13.3421	1.48179
XM_048226407.1	4041	3861.9	0	0
XM_048226408.1	3868	3688.9	0	0
XM_048226409.1	3876	3696.9	0	0
XM_048226410.1	3826	3646.9	0	0
XM_048226411.1	3823	3643.9	0	0
XM_048226412.1	4055	3875.9	0	0
XM_048226413.1	3823	3643.9	0	0
XM_048226414.1	5751	5571.9	0	0
XM_048226415.1	1561	1381.9	1	0.310696
XM_048226416.1	722	542.98	0	0
XM_048226417.1	2502	2322.9	13.4433	2.48478
XM_048226418.1	5716	5536.9	0	0
XM_048226419.1	5936	5756.9	28.626	2.13494
XM_048226420.1	3098	2918.9	15.374	2.26141
XM_048226421.1	2235	2055.9	0	0
XM_048226422.1	2584	2404.9	0	0
XM_048226423.1	2563	2383.9	0	0
XM_048226424.1	2432	2252.9	0	0
XM_048226425.1	4492	4312.9	37.9227	3.77522
XM_048226426.1	2375	2195.9	50.0773	9.79132
XM_048226427.1	1981	1801.9	0	0
XM_048226428.1	1976	1796.9	0	0
XM_048226429.1	6373	6193.9	0	0
XM_048226430.1	6298	6118.9	0	0
XM_048226431.1	933	753.98	0	0
XM_048226432.1	933	753.98	0	0
XM_048226433.1	1979	1799.9	0	0
XM_048226434.1	1581	1401.9	0	0
XM_048226435.1	7848	7668.9	19.4593	1.08945
XM_048226436.1	7752	7572.9	0.175443	0.00994686
XM_048226437.1	4937	4757.9	1	0.0902397
XM_048226438.1	8473	8293.9	0	0
XM_048226439.1	8525	8345.9	0	0
XM_048226440.1	8525	8345.9	0	0
XM_048226441.1	8727	8547.9	0	0
XM_048226442.1	8510	8330.9	0.360457	0.018577
XM_048226443.1	8510	8330.9	2.62412e-08	1.3524e-09
XM_048226444.1	8501	8321.9	85.4745	4.40988
XM_048226445.1	8534	8354.9	0	0
XM_048226446.1	8498	8318.9	0.923695	0.0476734
XM_048226447.1	8636	8456.9	0	0
XM_048226448.1	8489	8309.9	55.8892	2.88766
XM_048226449.1	8462	8282.9	0	0
XM_048226450.1	8348	8168.9	0	0
XM_048226451.1	8333	8153.9	24.1245	1.2703
XM_048226452.1	8309	8129.9	40.8069	2.15507
XM_048226453.1	8171	7991.9	0	0
XM_048226454.1	8132	7952.9	0	0
XM_048226455.1	8117	7937.9	53.1638	2.87557
XM_048226456.1	7988	7808.9	0	0
XM_048226457.1	7949	7769.9	0	0
XM_048226458.1	3786	3606.9	0	0
XM_048226459.1	4164	3984.9	0	0
XM_048226460.1	4074	3894.9	101	11.1337
XM_048226461.1	7843	7663.9	0	0
XM_048226462.1	7673	7493.9	306.753	17.575
XM_048226463.1	4900	4720.9	21	1.90989
XM_048226464.1	7642	7462.9	136.075	7.82862
XM_048226465.1	3323	3143.9	0	0
XM_048226466.1	3321	3141.9	0	0
XM_048226467.1	3329	3149.9	8.92673e-05	1.21677e-05
XM_048226468.1	4318	4138.9	0	0
XM_048226469.1	4239	4059.9	20	2.11508
XM_048226470.1	3844	3664.9	0.00120736	0.000141445
XM_048226471.1	3806	3626.9	0	0
XM_048226472.1	3406	3226.9	0	0
XM_048226473.1	3325	3145.9	0	0
XM_048226474.1	3663	3483.9	0	0
XM_048226475.1	3286	3106.9	0	0
XM_048226476.1	3274	3094.9	0	0
XM_048226477.1	3291	3111.9	0	0
XM_048226478.1	3583	3403.9	0	0
XM_048226479.1	3193	3013.9	9.42056	1.34203
XM_048226480.1	3186	3006.9	4.75082	0.678364
XM_048226481.1	3288	3108.9	0	0
XM_048226482.1	3270	3090.9	0	0
XM_048226483.1	1894	1714.9	0	0
XM_048226484.1	4426	4246.9	0	0
XM_048226485.1	4430	4250.9	0	0
XM_048226486.1	4371	4191.9	0	0
XM_048226487.1	4292	4112.9	0	0
XM_048226488.1	4292	4112.9	0	0
XM_048226489.1	4328	4148.9	0	0
XM_048226490.1	4343	4163.9	0	0
XM_048226491.1	4371	4191.9	0	0
XM_048226492.1	4314	4134.9	0	0
XM_048226493.1	4275	4095.9	0	0
XM_048226494.1	4534	4354.9	0	0
XM_048226495.1	4377	4197.9	0	0
XM_048226496.1	5616	5436.9	0	0
XM_048226497.1	4222	4042.9	0	0
XM_048226498.1	4308	4128.9	0	0
XM_048226499.1	4531	4351.9	0	0
XM_048226500.1	4261	4081.9	0	0
XM_048226501.1	4266	4086.9	0	0
XM_048226502.1	4279	4099.9	0	0
XM_048226503.1	4259	4079.9	0	0
XM_048226504.1	4460	4280.9	0	0
XM_048226505.1	854	674.98	4.29026	2.72901
XM_048226506.1	3697	3517.9	4.55942	0.556466
XM_048226507.1	2669	2489.9	13.7125	2.36455
XM_048226508.1	2642	2462.9	0	0
XM_048226509.1	2631	2451.9	26.8343	4.69895
XM_048226510.1	2540	2360.9	0	0
XM_048226511.1	3003	2823.9	0	0
XM_048226512.1	12986	12806.9	4.78448e-05	1.604e-06
XM_048226513.1	3003	2823.9	0	0
XM_048226514.1	13647	13467.9	0	0
XM_048226515.1	10763	10583.9	2	0.081133
XM_048226516.1	9071	8891.9	0	0
XM_048226517.1	9032	8852.9	110.643	5.36601
XM_048226518.1	3585	3405.9	0	0
XM_048226519.1	3582	3402.9	0	0
XM_048226520.1	3528	3348.9	0	0
XM_048226521.1	3526	3346.9	0	0
XM_048226522.1	3402	3222.9	0	0
XM_048226523.1	3358	3178.9	0	0
XM_048226524.1	3376	3196.9	0	0
XM_048226525.1	3094	2914.9	6.9994	1.03098
XM_048226526.1	3835	3655.9	5.34076	0.627222
XM_048226527.1	933	753.98	0	0
XM_048226528.1	2610	2430.9	0.0322942	0.00570387
XM_048226529.1	2550	2370.9	1.64181	0.297319
XM_048226530.1	19097	18917.9	179.839	4.08154
XM_048226531.1	2499	2319.9	0	0
XM_048226532.1	2499	2319.9	0	0
XM_048226533.1	2493	2313.9	0	0
XM_048226534.1	2487	2307.9	6.67843	1.24242
XM_048226535.1	2487	2307.9	30.8976	5.74805
XM_048226536.1	2448	2268.9	0.0667286	0.0126273
XM_048226537.1	19034	18854.9	62.5271	1.42383
XM_048226538.1	19031	18851.9	0.100657	0.00229246
XM_048226539.1	2436	2256.9	3.40514e-07	6.4779e-08
XM_048226540.1	19022	18842.9	11.8484	0.269976
XM_048226541.1	2433	2253.9	0	0
XM_048226542.1	2427	2247.9	16.8884	3.22569
XM_048226543.1	18977	18797.9	0.000116749	2.66659e-06
XM_048226544.1	2385	2205.9	26.325	5.12384
XM_048226545.1	18971	18791.9	0.00607209	0.000138733
XM_048226546.1	18971	18791.9	0.00265792	6.07274e-05
XM_048226547.1	18965	18785.9	0.276353	0.00631606
XM_048226548.1	2376	2196.9	0	0
XM_048226549.1	2376	2196.9	0	0
XM_048226550.1	18959	18779.9	14.1103	0.322593
XM_048226551.1	2364	2184.9	75.1382	14.7653
XM_048226552.1	18914	18734.9	0.0364524	0.000835387
XM_048226553.1	2325	2145.9	0.629908	0.126032
XM_048226554.1	2313	2133.9	1.56254e-06	3.14391e-07
XM_048226555.1	2262	2082.9	333.152	68.673
XM_048226556.1	3274	3094.9	0	0
XM_048226557.1	30845	30665.9	125.991	1.76399
XM_048226558.1	2417	2237.9	0	0
XM_048226559.1	3558	3378.9	0	0
XM_048226560.1	7614	7434.9	4.11229e-05	2.37477e-06
XM_048226561.1	5818	5638.9	0	0
XM_048226562.1	5818	5638.9	0	0
XM_048226563.1	2706	2526.9	0	0
XM_048226564.1	11915	11735.9	0	0
XM_048226565.1	1933	1753.9	1.54126e-05	3.77297e-06
XM_048226566.1	1882	1702.9	0	0
XM_048226567.1	1908	1728.9	12.8772	3.19789
XM_048226568.1	2864	2684.9	0	0
XM_048226569.1	2729	2549.9	0	0
XM_048226570.1	2580	2400.9	0	0
XM_048226571.1	2521	2341.9	0	0
XM_048226572.1	3414	3234.9	0	0
XM_048226573.1	3378	3198.9	0	0
XM_048226574.1	8817	8637.9	0	0
XM_048226575.1	5173	4993.9	0	0
XM_048226576.1	8504	8324.9	0.0163299	0.000842206
XM_048226577.1	908	728.98	1.87854	1.10642
XM_048226578.1	654	474.98	0	0
XM_048226579.1	10140	9960.9	0	0
XM_048226580.1	10104	9924.9	9.52137e-08	4.11895e-09
XM_048226581.1	9937	9757.9	0	0
XM_048226582.1	10229	10049.9	0	0
XM_048226583.1	5049	4869.9	0	0
XM_048226584.1	4251	4071.9	0	0
XM_048226585.1	7109	6929.9	89.9998	5.57607
XM_048226586.1	7429	7249.9	0	0
XM_048226587.1	7429	7249.9	0	0
XM_048226588.1	7420	7240.9	0	0
XM_048226589.1	7383	7203.9	0	0
XM_048226590.1	7377	7197.9	0	0
XM_048226591.1	7227	7047.9	0.000216003	1.31587e-05
XM_048226592.1	7208	7028.9	0	0
XM_048226593.1	2702	2522.9	2.43057e-06	4.13638e-07
XM_048226594.1	7051	6871.9	0.000425721	2.65987e-05
XM_048226595.1	2517	2337.9	4.41164	0.810189
XM_048226596.1	2674	2494.9	5.13917	0.884408
XM_048226597.1	2821	2641.9	0.00164118	0.000266718
XM_048226598.1	2801	2621.9	33.2641	5.44719
XM_048226599.1	5513	5333.9	15.7327	1.2664
XM_048226600.1	2910	2730.9	0	0
XM_048226601.1	1211	1031.9	25	10.4019
XM_048226602.1	2709	2529.9	4.86083	0.824934
XM_048226603.1	450	271.446	0	0
XM_048226604.1	9384	9204.9	62	2.89192
XM_048226605.1	2663	2483.9	0	0
XM_048226606.1	3478	3298.9	163.852	21.3253
XM_048226607.1	3771	3591.9	16	1.91253
XM_048226608.1	1905	1725.9	4	0.995077
XM_048226609.1	3400	3220.9	114.568	15.2721
XM_048226610.1	1721	1541.9	11	3.06301
XM_048226611.1	1116	936.905	0	0
XM_048226612.1	1533	1353.9	0	0
XM_048226613.1	777	597.98	0	0
XM_048226614.1	2785	2605.9	0	0
XM_048226615.1	2672	2492.9	0	0
XM_048226616.1	2639	2459.9	0	0
XM_048226617.1	720	540.98	1	0.793655
XM_048226618.1	1317	1137.9	0	0
XM_048226619.1	954	774.905	0	0
XM_048226620.1	1008	828.905	0	0
XM_048226621.1	797	617.98	0	0
XM_048226622.1	3049	2869.9	0	0
XM_048226623.1	1313	1133.9	1	0.378649
XM_048226624.1	558	379.018	0	0
XM_048226625.1	2235	2055.9	0	0
XM_048226626.1	29691	29511.9	0	0
XM_048226627.1	5839	5659.9	0	0
XM_048226628.1	9250	9070.9	9	0.425996
XM_048226629.1	2185	2005.9	0	0
XM_048226630.1	2259	2079.9	0	0
XM_048226631.1	2370	2190.9	1	0.19597
XM_048226632.1	907	727.98	0	0
XM_048226633.1	657	477.98	0	0
XM_048226634.1	441	262.525	0	0
XM_048226635.1	4416	4236.9	3	0.304009
XM_048226636.1	2294	2114.9	19	3.85724
XM_048226637.1	2439	2259.9	2	0.379973
XM_048226638.1	7266	7086.9	1	0.0605838
XM_048226639.1	1377	1197.9	16	5.73471
XM_048226640.1	2649	2469.9	0	0
XM_048226641.1	757	577.98	0	0
XM_048226642.1	3684	3504.9	1	0.1225
XM_048226643.1	735	555.98	0	0
XM_048226644.1	5975	5795.9	0	0
XM_048226645.1	876	696.98	0	0
XM_048226646.1	4155	3975.9	1	0.107988
XM_048226647.1	2969	2789.9	0	0
XM_048226648.1	3289	3109.9	0	0
XM_048226649.1	2275	2095.9	0	0
XM_048226650.1	2161	1981.9	0	0
XM_048226651.1	890	710.98	1.53146	0.924827
XM_048226652.1	3006	2826.9	21	3.18949
XM_048226653.1	12470	12290.9	90	3.14392
XM_048226654.1	12467	12287.9	2.84576e-05	9.94337e-07
XM_048226655.1	1853	1673.9	4.69978	1.20548
XM_048226656.1	12769	12589.9	17.3005	0.589998
XM_048226657.1	2780	2600.9	2.34505e-08	3.87115e-09
XM_048226658.1	2773	2593.9	46.1228	7.63441
XM_048226659.1	1728	1548.9	0	0
XM_048226660.1	2753	2573.9	48.6271	8.11147
XM_048226661.1	2740	2560.9	15.5818	2.61239
XM_048226662.1	2720	2540.9	16.3625	2.76487
XM_048226663.1	7847	7667.9	8.66446	0.485152
XM_048226664.1	808	628.98	2.83982	1.93851
XM_048226665.1	3418	3238.9	22.7541	3.0163
XM_048226666.1	7194	7014.9	0	0
XM_048226667.1	885	705.98	2	1.21633
XM_048226668.1	2593	2413.9	0	0
XM_048226669.1	1627	1447.9	0	0
XM_048226670.1	1559	1379.9	0	0
XM_048226671.1	1443	1263.9	20.525	6.97241
XM_048226672.1	13410	13230.9	39.3969	1.27846
XM_048226673.1	1975	1795.9	16.0399	3.8347
XM_048226674.1	10704	10524.9	17.1281	0.698721
XM_048226675.1	9391	9211.9	3.12026e-06	1.4543e-07
XM_048226676.1	9473	9293.9	13.7584	0.635598
XM_048226677.1	1331	1151.9	0	0
XM_048226678.1	6934	6754.9	0	0
XM_048226679.1	2387	2207.9	0	0
XM_048226680.1	2315	2135.9	0	0
XM_048226681.1	2448	2268.9	5.18847	0.98183
XM_048226682.1	2626	2446.9	0	0
XM_048226683.1	6360	6180.9	0	0
XM_048226684.1	6431	6251.9	23.6231	1.62233
XM_048226685.1	6281	6101.9	0	0
XM_048226686.1	6227	6047.9	0	0
XM_048226687.1	6179	5999.9	6.95986e-05	4.98046e-06
XM_048226688.1	6164	5984.9	8.59877	0.616868
XM_048226689.1	6107	5927.9	0	0
XM_048226690.1	6092	5912.9	0	0
XM_048226691.1	3478	3298.9	0	0
XM_048226692.1	3009	2829.9	46.735	7.09062
XM_048226693.1	2360	2180.9	0	0
XM_048226694.1	1928	1748.9	14.864	3.64908
XM_048226695.1	2261	2081.9	11.6558	2.40378
XM_048226696.1	2276	2096.9	0	0
XM_048226697.1	2216	2036.9	0	0
XM_048226698.1	2310	2130.9	99.7364	20.0957
XM_048226699.1	17406	17226.9	5.81263	0.14487
XM_048226700.1	1533	1353.9	0	0
XM_048226701.1	1757	1577.9	0	0
XM_048226702.1	5589	5409.9	0.416933	0.0330895
XM_048226703.1	4488	4308.9	9.27277	0.923967
XM_048226704.1	6128	5948.9	0	0
XM_048226705.1	2520	2340.9	0	0
XM_048226706.1	4592	4412.9	0	0
XM_048226707.1	3157	2977.9	0	0
XM_048226708.1	2567	2387.9	0	0
XM_048226709.1	2208	2028.9	22	4.65559
XM_048226710.1	2468	2288.9	0	0
XM_048226711.1	1754	1574.9	0	0
XM_048226712.1	6026	5846.9	2.03377	0.149344
XM_048226713.1	6508	6328.9	0	0
XM_048226714.1	6375	6195.9	26.1082	1.8092
XM_048226715.1	6342	6162.9	0	0
XM_048226716.1	6474	6294.9	0	0
XM_048226717.1	15587	15407.9	4.89175	0.136312
XM_048226718.1	2734	2554.9	0	0
XM_048226719.1	2730	2550.9	1.04166e-08	1.75325e-09
XM_048226720.1	2690	2510.9	9.44606	1.61523
XM_048226721.1	5590	5410.9	0	0
XM_048226722.1	2609	2429.9	0	0
XM_048226723.1	2000	1820.9	0	0
XM_048226724.1	2601	2421.9	0	0
XM_048226725.1	5915	5735.9	12.4448	0.931535
XM_048226726.1	5690	5510.9	0	0
XM_048226727.1	5458	5278.9	0	0
XM_048226728.1	5699	5519.9	0	0
XM_048226729.1	5650	5470.9	0	0
XM_048226730.1	5439	5259.9	0	0
XM_048226731.1	5632	5452.9	0	0
XM_048226732.1	5715	5535.9	9.75438	0.756527
XM_048226733.1	5476	5296.9	0	0
XM_048226734.1	5712	5532.9	0	0
XM_048226735.1	5735	5555.9	0	0
XM_048226736.1	5641	5461.9	0	0
XM_048226737.1	5437	5257.9	0	0
XM_048226738.1	5383	5203.9	0	0
XM_048226739.1	5623	5443.9	0	0
XM_048226740.1	5953	5773.9	0	0
XM_048226741.1	5859	5679.9	0	0
XM_048226742.1	9355	9175.9	19.6275	0.918393
XM_048226743.1	5392	5212.9	0	0
XM_048226744.1	5535	5355.9	13.8206	1.10792
XM_048226745.1	4885	4705.9	0	0
XM_048226746.1	785	605.98	0	0
XM_048226747.1	2860	2680.9	0	0
XM_048226748.1	4595	4415.9	0.0740168	0.00719654
XM_048226749.1	4590	4410.9	0.324648	0.0316009
XM_048226750.1	4747	4567.9	0	0
XM_048226751.1	4517	4337.9	0	0
XM_048226752.1	4686	4506.9	0	0
XM_048226753.1	4578	4398.9	33.4951	3.26927
XM_048226754.1	4590	4410.9	0	0
XM_048226755.1	4527	4347.9	180.774	17.8513
XM_048226756.1	2654	2474.9	0	0
XM_048226757.1	2600	2420.9	0	0
XM_048226758.1	4362	4182.9	0	0
XM_048226759.1	4466	4286.9	0	0
XM_048226760.1	1955	1775.9	14.862	3.59312
XM_048226761.1	3671	3491.9	0	0
XM_048226762.1	6856	6676.9	56.424	3.62829
XM_048226763.1	4787	4607.9	0	0
XM_048226764.1	4707	4527.9	0	0
XM_048226765.1	2071	1891.9	0	0
XM_048226766.1	2547	2367.9	8.49679	1.54065
XM_048226767.1	3173	2993.9	0	0
XM_048226768.1	5564	5384.9	0	0
XM_048226769.1	9337	9157.9	522.444	24.4939
XM_048226770.1	9337	9157.9	0	0
XM_048226771.1	9223	9043.9	580.225	27.5457
XM_048226772.1	9331	9151.9	0	0
XM_048226773.1	9195	9015.9	183.72	8.74905
XM_048226774.1	9223	9043.9	0	0
XM_048226775.1	8933	8753.9	2080.5	102.042
XM_048226776.1	6093	5913.9	0	0
XM_048226777.1	6000	5820.9	0	0
XM_048226778.1	5979	5799.9	0	0
XM_048226779.1	5886	5706.9	0	0
XM_048226780.1	5841	5661.9	0	0
XM_048226781.1	5830	5650.9	0	0
XM_048226782.1	5737	5557.9	0.0422753	0.00326579
XM_048226783.1	1937	1757.9	0	0
XM_048226784.1	5489	5309.9	93.2312	7.53855
XM_048226785.1	3798	3618.9	36.6326	4.34614
XM_048226786.1	5357	5177.9	0	0
XM_048226787.1	1694	1514.9	18	5.10153
XM_048226788.1	3536	3356.9	0	0
XM_048226789.1	3559	3379.9	0	0
XM_048226790.1	3394	3214.9	0	0
XM_048226791.1	3410	3230.9	0	0
XM_048226792.1	3387	3207.9	0	0
XM_048226793.1	3388	3208.9	0	0
XM_048226794.1	3482	3302.9	0	0
XM_048226795.1	3333	3153.9	0	0
XM_048226796.1	2285	2105.9	0	0
XM_048226797.1	2288	2108.9	0	0
XM_048226798.1	3353	3173.9	2.32385	0.31436
XM_048226799.1	2232	2052.9	0	0
XM_048226800.1	3159	2979.9	0	0
XM_048226801.1	3214	3034.9	0	0
XM_048226802.1	3712	3532.9	0	0
XM_048226803.1	3369	3189.9	0	0
XM_048226804.1	7737	7557.9	0	0
XM_048226805.1	871	691.98	3	1.86141
XM_048226806.1	7737	7557.9	0	0
XM_048226807.1	7692	7512.9	0	0
XM_048226808.1	7650	7470.9	0	0
XM_048226809.1	7647	7467.9	0	0
XM_048226810.1	7626	7446.9	0	0
XM_048226811.1	7599	7419.9	0	0
XM_048226812.1	6382	6202.9	14.1546	0.979748
XM_048226813.1	7722	7542.9	22.0965	1.25776
XM_048226814.1	3953	3773.9	0	0
XM_048226815.1	3950	3770.9	7.97794	0.908361
XM_048226816.1	3848	3668.9	50.376	5.89523
XM_048226817.1	1683	1503.9	3.63252	1.03705
XM_048226818.1	1476	1296.9	4.89993	1.62217
XM_048226819.1	9815	9635.9	0.0337665	0.00150455
XM_048226820.1	9768	9588.9	19.9364	0.892669
XM_048226821.1	9844	9664.9	0.000668894	2.97148e-05
XM_048226822.1	1828	1648.9	13.3512	3.47647
XM_048226823.1	1400	1220.9	462.761	162.738
XM_048226824.1	904	724.98	20.0927	11.8994
XM_048226825.1	963	783.905	0	0
XM_048226826.1	1817	1637.9	0	0
XM_048226827.1	2100	1920.9	0	0
XM_048226828.1	3116	2936.9	2.37854	0.347723
XM_048226829.1	2583	2403.9	0	0
XM_048226830.1	2599	2419.9	0	0
XM_048226831.1	6259	6079.9	118.589	8.37456
XM_048226832.1	3561	3381.9	0	0
XM_048226833.1	2693	2513.9	1.02757	0.1755
XM_048226834.1	2222	2042.9	2.51554	0.528685
XM_048226835.1	2268	2088.9	0	0
XM_048226836.1	5633	5453.9	0.999902	0.078716
XM_048226837.1	6710	6530.9	0	0
XM_048226838.1	6695	6515.9	0	0
XM_048226839.1	6607	6427.9	0	0
XM_048226840.1	6193	6013.9	1.68955	0.120623
XM_048226841.1	4055	3875.9	5	0.553873
XM_048226842.1	4266	4086.9	0	0
XM_048226843.1	2703	2523.9	11	1.87126
XM_048226844.1	3657	3477.9	7.18252e-05	8.86691e-06
XM_048226845.1	5650	5470.9	0.00255982	0.000200892
XM_048226846.1	3652	3472.9	0.000469522	5.80465e-05
XM_048226847.1	6196	6016.9	0	0
XM_048226848.1	5651	5471.9	0.00201662	0.000158234
XM_048226849.1	6763	6583.9	9.53517e-05	6.21811e-06
XM_048226850.1	5479	5299.9	0.501601	0.0406354
XM_048226851.1	6070	5890.9	0	0
XM_048226852.1	3512	3332.9	1.12489e-05	1.44911e-06
XM_048226853.1	11560	11380.9	4.32855	0.163297
XM_048226854.1	6865	6685.9	1.79314e-05	1.15151e-06
XM_048226855.1	2624	2444.9	0	0
XM_048226856.1	7410	7230.9	0	0
XM_048226857.1	1389	1209.9	0	0
XM_048226858.1	11332	11152.9	11.1582	0.429557
XM_048226859.1	1706	1526.9	23.8848	6.71621
XM_048226860.1	1710	1530.9	0	0
XM_048226861.1	1460	1280.9	1.85463	0.621661
XM_048226862.1	2670	2490.9	0	0
XM_048226863.1	1759	1579.9	41.445	11.263
XM_048226864.1	1978	1798.9	16.981	4.05292
XM_048226865.1	7128	6948.9	68.1178	4.20879
XM_048226866.1	7157	6977.9	0.0457467	0.00281481
XM_048226867.1	7882	7702.9	4.62756	0.257935
XM_048226868.1	7255	7075.9	5.17243e-06	3.13853e-07
XM_048226869.1	897	717.98	1	0.598
XM_048226870.1	2201	2021.9	19	4.03465
XM_048226871.1	981	801.905	0	0
XM_048226872.1	1405	1225.9	4.6753	1.63744
XM_048226873.1	17010	16830.9	36.8197	0.939261
XM_048226874.1	16794	16614.9	0	0
XM_048226875.1	16860	16680.9	0	0
XM_048226876.1	16856	16676.9	91.9526	2.36735
XM_048226877.1	16656	16476.9	0	0
XM_048226878.1	12798	12618.9	302.159	10.2808
XM_048226879.1	12864	12684.9	347.069	11.7474
XM_048226880.1	3025	2845.9	0	0
XM_048226881.1	4312	4132.9	1.73458	0.180199
XM_048226882.1	2320	2140.9	0	0
XM_048226883.1	2932	2752.9	0	0
XM_048226884.1	4806	4626.9	0	0
XM_048226885.1	4806	4626.9	6.45977	0.599432
XM_048226886.1	4803	4623.9	0	0
XM_048226887.1	4803	4623.9	81.3274	7.55164
XM_048226888.1	4739	4559.9	0.342591	0.0322577
XM_048226889.1	4736	4556.9	4.93609	0.465079
XM_048226890.1	4429	4249.9	0	0
XM_048226891.1	4325	4145.9	10.8761	1.12633
XM_048226892.1	4367	4187.9	0.000147418	1.51136e-05
XM_048226893.1	4630	4450.9	0	0
XM_048226894.1	4433	4253.9	41.5828	4.197
XM_048226895.1	9281	9101.9	36.4483	1.71933
XM_048226896.1	945	765.905	0	0
XM_048226897.1	3402	3222.9	2	0.266438
XM_048226898.1	6344	6164.9	51.3787	3.57825
XM_048226899.1	6688	6508.9	0	0
XM_048226900.1	5483	5303.9	24.4984	1.98315
XM_048226901.1	6824	6644.9	0	0
XM_048226902.1	4817	4637.9	1.89497e-06	1.75426e-07
XM_048226903.1	5374	5194.9	0	0
XM_048226904.1	2387	2207.9	0	0
XM_048226905.1	2438	2258.9	0	0
XM_048226906.1	3606	3426.9	246.833	30.9254
XM_048226907.1	3477	3297.9	192.167	25.018
XM_048226908.1	2492	2312.9	66.4169	12.3292
XM_048226909.1	7749	7569.9	3.21063	0.182101
XM_048226910.1	1135	955.905	1	0.449158
XM_048226911.1	2015	1835.9	0	0
XM_048226912.1	1687	1507.9	10.7606	3.06392
XM_048226913.1	1515	1335.9	3165.51	1017.38
XM_048226914.1	1838	1658.9	0	0
XM_048226915.1	1849	1669.9	0	0
XM_048226916.1	1346	1166.9	1.45173	0.534151
XM_048226917.1	4964	4784.9	0	0
XM_048226918.1	4913	4733.9	0	0
XM_048226919.1	4377	4197.9	0	0
XM_048226920.1	660	480.98	0	0
XM_048226921.1	5087	4907.9	0	0
XM_048226922.1	4356	4176.9	0	0
XM_048226923.1	2792	2612.9	0	0
XM_048226924.1	5146	4966.9	0	0
XM_048226925.1	5150	4970.9	0	0
XM_048226926.1	4941	4761.9	0	0
XM_048226927.1	4815	4635.9	0	0
XM_048226928.1	2279	2099.9	0	0
XM_048226929.1	3031	2851.9	12	1.80659
XM_048226930.1	2204	2024.9	5.95377	1.26241
XM_048226931.1	1942	1762.9	0	0
XM_048226932.1	1941	1761.9	0	0
XM_048226933.1	1942	1762.9	22.5711	5.49714
XM_048226934.1	2133	1953.9	0	0
XM_048226935.1	3189	3009.9	0	0
XM_048226936.1	3231	3051.9	92.2482	12.9778
XM_048226937.1	1907	1727.9	7.67709	1.90761
XM_048226938.1	1820	1640.9	0	0
XM_048226939.1	2068	1888.9	0	0
XM_048226940.1	1321	1141.9	0	0
XM_048226941.1	982	802.905	63.7862	34.1096
XM_048226942.1	1067	887.905	8.05905	3.897
XM_048226943.1	2209	2029.9	0.0112388	0.00237717
XM_048226944.1	2200	2020.9	3.70792	0.787768
XM_048226945.1	2204	2024.9	0.280838	0.0595477
XM_048226946.1	3749	3569.9	0.194514	0.0233942
XM_048226947.1	4032	3852.9	0	0
XM_048226948.1	3473	3293.9	35.1042	4.57574
XM_048226949.1	6709	6529.9	0	0
XM_048226950.1	6598	6418.9	0	0
XM_048226951.1	6616	6436.9	0	0
XM_048226952.1	6604	6424.9	0	0
XM_048226953.1	6458	6278.9	0	0
XM_048226954.1	6501	6321.9	0	0
XM_048226955.1	6440	6260.9	0	0
XM_048226956.1	5985	5805.9	5.61022	0.414881
XM_048226957.1	5966	5786.9	0	0
XM_048226958.1	5772	5592.9	4.72506	0.36273
XM_048226959.1	5511	5331.9	0	0
XM_048226960.1	5491	5311.9	0	0
XM_048226961.1	6539	6359.9	0	0
XM_048226962.1	6243	6063.9	5.0256	0.355835
XM_048226963.1	933	753.98	0	0
XM_048226964.1	7832	7652.9	0	0
XM_048226965.1	5007	4827.9	0	0
XM_048226966.1	5212	5032.9	13	1.10902
XM_048226967.1	2082	1902.9	0	0
XM_048226968.1	3954	3774.9	0	0
XM_048226969.1	4101	3921.9	0	0
XM_048226970.1	3242	3062.9	12	1.68214
XM_048226971.1	2984	2804.9	0	0
XM_048226972.1	3957	3777.9	0	0
XM_048226973.1	3763	3583.9	0	0
XM_048226974.1	5316	5136.9	0	0
XM_048226975.1	1819	1639.9	0	0
XM_048226976.1	1722	1542.9	0	0
XM_048226977.1	574	394.98	0	0
XM_048226978.1	571	391.98	7.43089	8.13936
XM_048226979.1	933	753.98	0	0
XM_048226980.1	1931	1751.9	0	0
XM_048226981.1	2211	2031.9	0	0
XM_048226982.1	933	753.98	0	0
XM_048226983.1	2495	2315.9	0	0
XM_048226984.1	2498	2318.9	0	0
XM_048226985.1	1592	1412.9	0	0
XM_048226986.1	933	753.98	0	0
XM_048226987.1	954	774.905	0	0
XM_048226988.1	2705	2525.9	0	0
XM_048226989.1	1947	1767.9	0	0
XM_048226990.1	2706	2526.9	8	1.3593
XM_048226991.1	4331	4151.9	0	0
XM_048226992.1	3753	3573.9	0	0
XM_048226993.1	3336	3156.9	7.67141	1.04334
XM_048226994.1	4440	4260.9	0	0
XM_048226995.1	8921	8741.9	7.41472	0.364168
XM_048226996.1	4437	4257.9	0	0
XM_048226997.1	4552	4372.9	0	0
XM_048226998.1	7015	6835.9	0	0
XM_048226999.1	5686	5506.9	4.64593	0.362225
XM_048227000.1	6154	5974.9	0	0
XM_048227001.1	6115	5935.9	7.35407	0.53193
XM_048227002.1	5633	5453.9	0	0
XM_048227003.1	3399	3219.9	276.714	36.8979
XM_048227004.1	3752	3572.9	5	0.600844
XM_048227005.1	3666	3486.9	0	0
XM_048227006.1	5814	5634.9	0	0
XM_048227007.1	5818	5638.9	0	0
XM_048227008.1	6049	5869.9	0	0
XM_048227009.1	5246	5066.9	0	0
XM_048227010.1	4798	4618.9	0	0
XM_048227011.1	2531	2351.9	22.1433	4.04238
XM_048227012.1	3399	3219.9	16.6563	2.221
XM_048227013.1	3447	3267.9	0	0
XM_048227014.1	3253	3073.9	0.0227549	0.00317832
XM_048227015.1	3237	3057.9	0	0
XM_048227016.1	3079	2899.9	0	0
XM_048227017.1	3047	2867.9	6.72012	1.00606
XM_048227018.1	4113	3933.9	0	0
XM_048227019.1	5966	5786.9	25.9995	1.929
XM_048227020.1	9338	9158.9	11.0628	0.518603
XM_048227021.1	5516	5336.9	0	0
XM_048227022.1	9660	9480.9	0	0
XM_048227023.1	8192	8012.9	1.73505	0.0929687
XM_048227024.1	4386	4206.9	0.00106137	0.000108322
XM_048227025.1	4383	4203.9	1.09048	0.111373
XM_048227026.1	4368	4188.9	0.0212719	0.00218032
XM_048227027.1	4365	4185.9	23.0388	2.36311
XM_048227028.1	4293	4113.9	3.82876	0.399592
XM_048227029.1	4237	4057.9	65.006	6.87805
XM_048227030.1	4275	4095.9	79.5837	8.34233
XM_048227031.1	4180	4000.9	6.55211	0.703131
XM_048227032.1	4256	4076.9	2.19189	0.230835
XM_048227033.1	4558	4378.9	1.03154	0.101142
XM_048227034.1	2325	2145.9	4.63657	0.927683
XM_048227035.1	2172	1992.9	0	0
XM_048227036.1	7942	7762.9	4.14876	0.22946
XM_048227037.1	3297	3117.9	8	1.10164
XM_048227038.1	978	798.905	0	0
XM_048227039.1	3889	3709.9	0	0
XM_048227040.1	756	576.98	0	0
XM_048227041.1	939	759.905	0	0
XM_048227042.1	3263	3083.9	0	0
XM_048227043.1	1858	1678.9	8	2.04587
XM_048227044.1	1203	1023.9	35.8262	15.0229
XM_048227045.1	4411	4231.9	1361	138.082
XM_048227046.1	4865	4685.9	27	2.47391
XM_048227047.1	2079	1899.9	0	0
XM_048227048.1	7617	7437.9	0	0
XM_048227049.1	3760	3580.9	0.0543849	0.00652077
XM_048227050.1	7764	7584.9	0	0
XM_048227051.1	3693	3513.9	5.33272	0.651586
XM_048227052.1	2464	2284.9	0	0
XM_048227053.1	1513	1333.9	0	0
XM_048227054.1	2111	1931.9	13.2585	2.9466
XM_048227055.1	2117	1937.9	0	0
XM_048227056.1	2108	1928.9	24.0681	5.35729
XM_048227057.1	1926	1746.9	90.1168	22.1488
XM_048227058.1	1910	1730.9	0	0
XM_048227059.1	3836	3656.9	0	0
XM_048227060.1	3696	3516.9	0	0
XM_048227061.1	828	648.98	0	0
XM_048227062.1	2683	2503.9	0.00756357	0.00129695
XM_048227063.1	3817	3637.9	0	0
XM_048227064.1	3034	2854.9	7.99244	1.20199
XM_048227065.1	3043	2863.9	0	0
XM_048227066.1	3552	3372.9	17.7075	2.25407
XM_048227067.1	12863	12683.9	0	0
XM_048227068.1	984	804.905	0	0
XM_048227069.1	2066	1886.9	0	0
XM_048227070.1	6590	6410.9	9.70129	0.649716
XM_048227071.1	439	260.551	0	0
XM_048227072.1	2913	2733.9	0	0
XM_048227073.1	1860	1680.9	1	0.255429
XM_048227074.1	5601	5421.9	6.36916e-07	5.04364e-08
XM_048227075.1	3863	3683.9	0	0
XM_048227076.1	6157	5977.9	0	0
XM_048227077.1	6090	5910.9	64.9255	4.71601
XM_048227078.1	761	581.98	0	0
XM_048227079.1	2466	2286.9	10	1.87744
XM_048227080.1	2109	1929.9	69	15.3506
XM_048227081.1	2760	2580.9	0	0
XM_048227082.1	3520	3340.9	18	2.31325
XM_048227083.1	2756	2576.9	0	0
XM_048227084.1	3359	3179.9	0	0
XM_048227085.1	3320	3140.9	0	0
XM_048227086.1	3139	2959.9	0	0
XM_048227087.1	3085	2905.9	0	0
XM_048227088.1	2414	2234.9	0	0
XM_048227089.1	3228	3048.9	0	0
XM_048227090.1	2973	2793.9	0	0
XM_048227091.1	3727	3547.9	3.05065	0.369176
XM_048227092.1	2411	2231.9	14	2.69318
XM_048227093.1	3722	3542.9	0	0
XM_048227094.1	3678	3498.9	0	0
XM_048227095.1	3491	3311.9	0	0
XM_048227096.1	3447	3267.9	41	5.38676
XM_048227097.1	6799	6619.9	0	0
XM_048227098.1	6400	6220.9	25.181	1.73793
XM_048227099.1	7085	6905.9	0.11488	0.00714228
XM_048227100.1	6956	6776.9	41.1075	2.60437
XM_048227101.1	2471	2291.9	0	0
XM_048227102.1	5170	4990.9	0	0
XM_048227103.1	5047	4867.9	0	0
XM_048227104.1	933	753.98	0	0
XM_048227105.1	685	505.98	0	0
XM_048227106.1	424	245.832	0	0
XM_048227107.1	8334	8154.9	0	0
XM_048227108.1	8097	7917.9	26.3197	1.4272
XM_048227109.1	6515	6335.9	1.90888e-05	1.29355e-06
XM_048227110.1	2378	2198.9	0	0
XM_048227111.1	4683	4503.9	0	0
XM_048227112.1	6287	6107.9	0	0
XM_048227113.1	3503	3323.9	1.01327	0.130885
XM_048227114.1	5992	5812.9	3.00004	0.221588
XM_048227115.1	939	759.905	0	0
XM_048227116.1	939	759.905	0	0
XM_048227117.1	951	771.905	0	0
XM_048227118.1	948	768.905	0	0
XM_048227119.1	933	753.98	0	0
XM_048227120.1	1898	1718.9	0	0
XM_048227121.1	951	771.905	0	0
XM_048227122.1	13676	13496.9	0.202031	0.00642683
XM_048227123.1	933	753.98	0	0
XM_048227124.1	7103	6923.9	463.786	28.7594
XM_048227125.1	2459	2279.9	93.3932	17.5878
XM_048227126.1	6806	6626.9	54.8617	3.55444
XM_048227127.1	1523	1343.9	42.1383	13.4624
XM_048227128.1	987	807.905	0	0
XM_048227129.1	4498	4318.9	0	0
XM_048227130.1	2101	1921.9	3.09331	0.691043
XM_048227131.1	5049	4869.9	0	0
XM_048227132.1	9118	8938.9	5	0.240159
XM_048227133.1	9845	9665.9	0	0
XM_048227134.1	2087	1907.9	0	0
XM_048227135.1	1899	1719.9	0	0
XM_048227136.1	2218	2038.9	31.9067	6.7189
XM_048227137.1	1426	1246.9	64.4482	22.1917
XM_048227138.1	1461	1281.9	0	0
XM_048227139.1	2165	1985.9	0	0
XM_048227140.1	2734	2554.9	0	0
XM_048227141.1	5611	5431.9	0.0878108	0.0069408
XM_048227142.1	2586	2406.9	0	0
XM_048227143.1	1562	1382.9	2.06994	0.642658
XM_048227144.1	2269	2089.9	0	0
XM_048227145.1	4361	4181.9	0	0
XM_048227146.1	2887	2707.9	0	0
XM_048227147.1	2904	2724.9	6.99278	1.10182
XM_048227148.1	5171	4991.9	0	0
XM_048227149.1	2018	1838.9	3	0.700447
XM_048227150.1	2670	2490.9	0	0
XM_048227151.1	4358	4178.9	0	0
XM_048227152.1	963	783.905	0	0
XM_048227153.1	2461	2281.9	18.9383	3.56334
XM_048227154.1	15541	15361.9	0	0
XM_048227155.1	14682	14502.9	15.5972	0.461747
XM_048227156.1	14667	14487.9	0	0
XM_048227157.1	2604	2424.9	45.3208	8.02446
XM_048227158.1	5095	4915.9	10.7375	0.937806
XM_048227159.1	10905	10725.9	2.11625	0.0847124
XM_048227160.1	3845	3665.9	0	0
XM_048227161.1	3572	3392.9	0	0
XM_048227162.1	3318	3138.9	0	0
XM_048227163.1	3564	3384.9	3	0.380529
XM_048227164.1	1927	1747.9	0	0
XM_048227165.1	1880	1700.9	0	0
XM_048227166.1	3073	2893.9	12	1.78037
XM_048227167.1	2019	1839.9	0	0
XM_048227168.1	2323	2143.9	46.5492	9.32224
XM_048227169.1	4911	4731.9	0	0
XM_048227170.1	4981	4801.9	0	0
XM_048227171.1	1919	1739.9	0	0
XM_048227172.1	2577	2397.9	9.05102	1.62061
XM_048227173.1	1424	1244.9	0	0
XM_048227174.1	4997	4817.9	4	0.356464
XM_048227175.1	2250	2070.9	13.2584	2.74881
XM_048227176.1	2217	2037.9	7.29409	1.53674
XM_048227177.1	3748	3568.9	0	0
XM_048227178.1	6483	6303.9	0	0
XM_048227179.1	2100	1920.9	0	0
XM_048227180.1	3146	2966.9	247.134	35.7637
XM_048227181.1	7808	7628.9	3	0.168839
XM_048227182.1	7339	7159.9	0	0
XM_048227183.1	1062	882.905	0	0
XM_048227184.1	4891	4711.9	0	0
XM_048227185.1	1990	1810.9	0	0
XM_048227186.1	2011	1831.9	0	0
XM_048227187.1	3074	2894.9	20.4607	3.03459
XM_048227188.1	3470	3290.9	0	0
XM_048227189.1	1712	1532.9	92.583	25.9316
XM_048227190.1	5268	5088.9	0	0
XM_048227191.1	5677	5497.9	1.79085	0.139854
XM_048227192.1	4966	4786.9	1.31924	0.118327
XM_048227193.1	2491	2311.9	0	0
XM_048227194.1	5632	5452.9	0	0
XM_048227195.1	4953	4773.9	45.8752	4.12589
XM_048227196.1	933	753.98	0	0
XM_048227197.1	3193	3013.9	2.95792e-06	4.21377e-07
XM_048227198.1	3774	3594.9	0	0
XM_048227199.1	2564	2384.9	0	0
XM_048227200.1	2586	2406.9	0	0
XM_048227201.1	2498	2318.9	0	0
XM_048227202.1	2787	2607.9	3	0.493904
XM_048227203.1	3048	2868.9	0	0
XM_048227204.1	1918	1738.9	29.9811	7.40262
XM_048227205.1	9272	9092.9	311.022	14.6859
XM_048227206.1	6080	5900.9	0	0
XM_048227207.1	8570	8390.9	0	0
XM_048227208.1	1860	1680.9	39.6452	10.1265
XM_048227209.1	2032	1852.9	2	0.463437
XM_048227210.1	2208	2028.9	0	0
XM_048227211.1	4952	4772.9	0	0
XM_048227212.1	4963	4783.9	0	0
XM_048227213.1	5831	5651.9	0	0
XM_048227214.1	2403	2223.9	100.313	19.3666
XM_048227215.1	5752	5572.9	0	0
XM_048227216.1	2307	2127.9	28.5372	5.75801
XM_048227217.1	2446	2266.9	23.5947	4.46884
XM_048227218.1	1823	1643.9	0	0
XM_048227219.1	1871	1691.9	0	0
XM_048227220.1	1742	1562.9	0	0
XM_048227221.1	1715	1535.9	0	0
XM_048227222.1	2350	2170.9	0	0
XM_048227223.1	828	648.98	0	0
XM_048227224.1	1100	920.905	0	0
XM_048227225.1	1811	1631.9	145.356	38.2429
XM_048227226.1	522	343.091	0	0
XM_048227227.1	8859	8679.9	3.8716	0.191509
XM_048227228.1	14397	14217.9	9.22626	0.278614
XM_048227229.1	8998	8818.9	7.9164e-08	3.85413e-09
XM_048227230.1	14382	14202.9	0	0
XM_048227231.1	7004	6824.9	32.0499	2.01625
XM_048227232.1	6968	6788.9	5.38411e-08	3.40508e-09
XM_048227233.1	6753	6573.9	16.9501	1.10704
XM_048227234.1	672	492.98	0	0
XM_048227235.1	666	486.98	0	0
XM_048227236.1	801	621.98	0	0
XM_048227237.1	933	753.98	0	0
XM_048227238.1	933	753.98	0	0
XM_048227239.1	684	504.98	0	0
XM_048227240.1	1662	1482.9	0	0
XM_048227241.1	1605	1425.9	0	0
XM_048227242.1	1509	1329.9	0	0
XM_048227243.1	843	663.98	0	0
XM_048227244.1	975	795.905	0	0
XM_048227245.1	1032	852.905	0	0
XM_048227246.1	3282	3102.9	2.8054e-05	3.88186e-06
XM_048227247.1	987	807.905	0	0
XM_048227248.1	3252	3072.9	8.99996	1.25749
XM_048227249.1	1976	1796.9	1.26563e-07	3.02408e-08
XM_048227250.1	933	753.98	0	0
XR_003311269.3	6986	6806.9	0	0
XR_003311271.3	3775	3595.9	0	0
XR_003311279.3	1360	1180.9	0	0
XR_003311284.3	7167	6987.9	0	0
XR_003311294.3	12215	12035.9	0	0
XR_003311319.2	105	21.2604	0	0
XR_003311320.1	104	21.0859	0	0
XR_003311321.1	121	26.071	0	0
XR_003311322.3	1554	1374.9	1.00615	0.314199
XR_003311333.3	3199	3019.9	277	39.3822
XR_003311334.3	1841	1661.9	2	0.516699
XR_003311359.3	605	425.98	0	0
XR_003311370.2	827	647.98	0	0
XR_003311381.3	718	538.98	1.65937	1.32185
XR_003311383.3	9779	9599.9	1.99951	0.0894273
XR_003311392.3	1631	1451.9	0	0
XR_003311395.3	3004	2824.9	0	0
XR_003311397.1	107	21.8211	0	0
XR_003311398.2	72	12.0466	0	0
XR_003311399.1	70	11.9241	0	0
XR_003311400.2	72	12.0466	0	0
XR_003311401.1	99	19.9464	0	0
XR_003311402.2	136	30.5226	0	0
XR_003311403.2	116	24.694	0	0
XR_003311404.1	116	24.694	0	0
XR_003311405.1	107	21.8211	0.857143	16.8651
XR_003311406.1	103	20.9391	0	0
XR_003311412.3	2190	2010.9	1	0.213512
XR_003311413.3	1262	1082.9	0	0
XR_003311417.3	2374	2194.9	1.55588	0.304351
XR_003311418.3	14568	14388.9	5.80415	0.173191
XR_003311423.3	13844	13664.9	358.647	11.2687
XR_003311426.3	513	334.091	0	0
XR_003311430.3	3150	2970.9	0	0
XR_003311440.3	451	272.446	1	1.57592
XR_003311462.3	491	312.186	0	0
XR_003311472.2	106	21.6114	0	0
XR_003311473.2	126	27.381	0	0
XR_003311474.1	130	28.6783	0	0
XR_003311475.1	108	22.2964	0	0
XR_003311476.1	105	21.2604	0	0
XR_003311489.3	7389	7209.9	1.06974	0.0637034
XR_003311497.3	2232	2052.9	15	3.13715
XR_003311502.3	2865	2685.9	0	0
XR_003311503.3	1744	1564.9	1	0.274363
XR_003311507.3	4429	4249.9	4	0.404105
XR_003311509.3	3927	3747.9	8.03991	0.921035
XR_003311515.1	107	21.8211	0	0
XR_003311516.1	104	21.0859	0	0
XR_003311517.1	104	21.0859	0	0
XR_003311518.1	104	21.0859	0	0
XR_003311519.1	132	29.2771	0	0
XR_003311520.1	128	28.013	0	0
XR_003311521.1	129	28.3594	0	0
XR_003311522.1	107	21.8211	0	0
XR_003311523.1	107	21.8211	0	0
XR_003311524.3	12022	11842.9	0	0
XR_003311565.3	6499	6319.9	11.4684	0.779125
XR_003311566.2	107	21.8211	0	0
XR_003311567.2	107	21.8211	0	0
XR_003311568.2	102	20.7435	0	0
XR_003311569.1	104	21.0859	0	0
XR_003311570.1	102	20.7435	0	0
XR_003311571.1	74	12.7179	0	0
XR_003311572.1	191	54.0605	0	0
XR_003311573.2	107	21.8211	0	0
XR_003311611.3	3876	3696.9	0	0
XR_003311613.3	3636	3456.9	1.36661e-06	1.69734e-07
XR_003311617.1	119	25.5681	0	0
XR_003311618.2	125	27.0609	0	0
XR_003311619.1	106	21.6114	0	0
XR_003311621.1	205	61.9889	0	0
XR_003311627.3	2766	2586.9	0	0
XR_003311632.3	544	365.056	0	0
XR_003311638.3	6406	6226.9	0	0
XR_003311662.3	1876	1696.9	0	0
XR_003311672.3	737	557.98	0	0
XR_003311678.3	2712	2532.9	4	0.678039
XR_003311681.2	956	776.905	0	0
XR_003311683.3	1304	1124.9	0	0
XR_003311701.3	510	331.091	0	0
XR_003311703.3	1675	1495.9	0	0
XR_003311712.3	1104	924.905	0	0
XR_003311720.1	102	20.7435	0	0
XR_003311721.1	64	10.8808	0	0
XR_003311722.1	94	18.8811	0	0
XR_003311723.1	94	18.8811	0	0
XR_003311724.1	55	8.38356	2	102.427
XR_003311725.2	105	21.2604	0	0
XR_003311727.1	150	35.9293	0	0
XR_003311728.1	107	21.8211	0	0
XR_003311729.2	105	21.2604	0	0
XR_003311737.3	1995	1815.9	13.3437	3.15498
XR_003311738.3	1905	1725.9	6.41366	1.59552
XR_003311739.3	597	417.98	0	0
XR_003311744.1	111	23.0653	0	0
XR_003311745.1	125	27.0609	0	0
XR_003311746.1	107	21.8211	0	0
XR_003311747.1	72	12.0466	1	35.6409
XR_003311787.3	1674	1494.9	1	0.28721
XR_003311796.2	161	40.1107	0	0
XR_003311797.1	106	21.6114	0	0
XR_003311798.1	102	20.7435	0	0
XR_003311799.1	114	24.2283	0	0
XR_003311800.1	103	20.9391	0	0
XR_003311801.1	107	21.8211	0	0
XR_003311802.1	103	20.9391	0	0
XR_003311812.3	247	88.7547	0	0
XR_003311813.3	3448	3268.9	0	0
XR_003311814.3	3549	3369.9	0	0
XR_003311820.1	104	21.0859	0	0
XR_003311821.1	105	21.2604	0	0
XR_003311822.2	152	36.668	0	0
XR_003311823.1	80	15.1305	0	0
XR_003311825.1	107	21.8211	0	0
XR_003311826.1	106	21.6114	0	0
XR_003311837.3	5015	4835.9	0	0
XR_003311843.3	493	314.154	0	0
XR_003311845.3	6109	5929.9	3	0.217214
XR_003311849.3	2965	2785.9	2	0.308232
XR_003311851.1	107	21.8211	0	0
XR_003311852.1	106	21.6114	0	0
XR_003311853.2	102	20.7435	0	0
XR_003311854.1	104	21.0859	0	0
XR_003311855.1	134	29.9638	0	0
XR_003311856.1	84	16.2892	0	0
XR_003311857.1	130	28.6783	0	0
XR_003311858.1	107	21.8211	0	0
XR_003311859.1	107	21.8211	0	0
XR_003311867.3	1181	1001.9	0	0
XR_003311889.3	1876	1696.9	2	0.506041
XR_003311894.3	551	372.056	0	0
XR_003311900.3	2945	2765.9	0	0
XR_003311913.1	108	22.2964	0	0
XR_003311914.1	61	9.59055	0	0
XR_003311915.1	69	12.0981	0	0
XR_003311916.1	79	14.7481	0	0
XR_003311917.1	107	21.8211	0	0
XR_003311918.1	105	21.2604	0	0
XR_003311919.1	102	20.7435	0	0
XR_003311934.3	3881	3701.9	17.0174	1.9737
XR_003311945.3	6097	5917.9	0	0
XR_003311957.3	11124	10944.9	1.03075	0.0404349
XR_003311963.2	390	212.589	0	0
XR_003311980.3	4510	4330.9	0	0
XR_003311986.3	3387	3207.9	0	0
XR_003311987.1	135	30.1724	2	28.4599
XR_003311988.1	107	21.8211	0	0
XR_003311989.1	107	21.8211	0	0
XR_003311990.1	103	20.9391	0	0
XR_003311996.3	525	346.091	1	1.24058
XR_003312013.3	1737	1557.9	0	0
XR_003312023.3	1775	1595.9	0	0
XR_003312027.3	1710	1530.9	0	0
XR_003312032.3	7183	7003.9	0	0
XR_003312042.2	963	783.905	0	0
XR_003312046.3	689	509.98	1	0.841899
XR_003312056.1	191	54.0605	0	0
XR_003312058.1	106	21.6114	1	19.8669
XR_003312059.1	107	21.8211	0	0
XR_003312060.2	105	21.2604	0	0
XR_003312061.1	106	21.6114	0	0
XR_003312062.1	65	11.0798	0	0
XR_003312063.2	87	17.2626	0	0
XR_003312064.1	80	15.1305	0	0
XR_003312065.1	104	21.0859	0	0
XR_003312066.1	107	21.8211	0.415584	8.17702
XR_003312067.1	107	21.8211	0.857143	16.8651
XR_003312068.1	107	21.8211	0	0
XR_003312069.3	1344	1164.9	0	0
XR_003312072.2	996	816.905	0	0
XR_003312077.3	4179	3999.9	12	1.28809
XR_003312085.3	1659	1479.9	0	0
XR_003312094.1	108	22.2964	0	0
XR_003312095.2	107	21.8211	0	0
XR_003312096.1	104	21.0859	0	0
XR_003312097.1	204	61.3817	3	20.9844
XR_003312098.2	133	29.6338	0	0
XR_003312115.3	1899	1719.9	0.338468	0.0844941
XR_003312117.3	1318	1138.9	0	0
XR_003312129.3	916	736.98	0	0
XR_003312140.3	2404	2224.9	0	0
XR_003312173.3	284	117.073	1	3.66738
XR_003312179.1	134	29.9638	0	0
XR_003312180.1	105	21.2604	0	0
XR_003312181.1	107	21.8211	0	0
XR_003312182.1	102	20.7435	0	0
XR_003312183.1	107	21.8211	0	0
XR_003312184.1	85	16.7132	0	0
XR_003312185.1	84	16.2892	0	0
XR_003312186.1	71	12.0391	5	178.316
XR_003312187.1	86	16.9009	0	0
XR_003312188.1	85	16.7132	0	0
XR_003312190.2	137	30.9317	0	0
XR_003312191.2	107	21.8211	0	0
XR_003312192.1	123	26.5166	2	32.3836
XR_003312193.1	110	22.9176	0	0
XR_003312194.1	107	21.8211	0	0
XR_003312195.1	107	21.8211	0	0
XR_003312196.1	102	20.7435	0	0
XR_003312215.3	3274	3094.9	2	0.277457
XR_003312239.1	107	21.8211	1	19.676
XR_003312240.1	106	21.6114	0	0
XR_003312241.1	77	14.2636	0	0
XR_003312242.1	77	14.2636	0	0
XR_003312243.1	63	10.5816	0	0
XR_003312244.1	131	28.9154	0	0
XR_003312245.1	125	27.0609	0	0
XR_003312246.1	107	21.8211	0	0
XR_003312247.1	104	21.0859	0	0
XR_003312258.3	2367	2187.9	5653	1109.34
XR_003312262.3	2640	2460.9	42.8017	7.46758
XR_003312270.2	2063	1883.9	0	0
XR_003312277.3	1014	834.905	4	2.05701
XR_003312295.3	2491	2311.9	0	0
XR_003312302.3	348	172.769	0	0
XR_003312315.1	107	21.8211	0	0
XR_003312316.1	124	26.7761	0	0
XR_003312317.1	108	22.2964	0	0
XR_003312318.1	108	22.2964	0	0
XR_003312319.1	130	28.6783	0	0
XR_003312320.1	123	26.5166	0	0
XR_003312326.2	587	407.98	0	0
XR_003312337.3	1605	1425.9	0	0
XR_003312349.3	1086	906.905	0	0
XR_003312350.1	108	22.2964	0	0
XR_003312351.2	106	21.6114	0	0
XR_003312352.1	106	21.6114	0	0
XR_003312353.3	563	383.98	0	0
XR_003312364.1	107	21.8211	0	0
XR_003312365.1	104	21.0859	0	0
XR_003312366.1	154	37.3384	0	0
XR_003312367.1	107	21.8211	0	0
XR_003312385.2	138	31.3757	0	0
XR_003312386.1	80	15.1305	0	0
XR_003312387.1	107	21.8211	0	0
XR_003312388.1	107	21.8211	0	0
XR_003312389.2	107	21.8211	0	0
XR_003312390.1	70	11.9241	0	0
XR_003312413.3	744	564.98	2	1.51988
XR_003312415.3	3580	3400.9	10.3607	1.308
XR_003312427.3	572	392.98	1	1.09255
XR_003312448.3	6046	5866.9	3.00048	0.219581
XR_003312449.3	4519	4339.9	0	0
XR_003312455.3	1543	1363.9	1	0.314796
XR_003312459.3	1597	1417.9	0	0
XR_003312461.1	104	21.0859	0	0
XR_003312462.1	82	15.3939	0	0
XR_003312463.1	187	51.9511	1	8.26455
XR_003312474.3	391	213.567	0	0
XR_003312475.3	1993	1813.9	1	0.2367
XR_003312516.3	800	620.98	0	0
XR_003312542.1	164	41.3129	0	0
XR_003312543.1	109	22.5928	0	0
XR_003312544.1	105	21.2604	0	0
XR_003312555.3	1025	845.905	0	0
XR_003312556.3	1417	1237.9	0	0
XR_003312559.3	1294	1114.9	22.2639	8.57388
XR_003312567.2	104	21.0859	0	0
XR_003312568.2	102	20.7435	0	0
XR_003312569.1	405	227.259	169	319.286
XR_003312580.3	2895	2715.9	0	0
XR_003312592.1	107	21.8211	0	0
XR_003312593.1	97	19.5326	0	0
XR_003312594.3	6115	5935.9	0	0
XR_003312596.3	1267	1087.9	0.599192	0.236477
XR_003312599.3	1388	1208.9	18.9701	6.73737
XR_003312613.3	1030	850.905	2	1.00917
XR_003312661.3	2050	1870.9	8.54252	1.96041
XR_003312676.2	938	758.905	0	0
XR_003312685.2	8827	8647.9	60.4021	2.99885
XR_003312694.3	2667	2487.9	0	0
XR_003312697.1	107	21.8211	0	0
XR_003312698.1	83	15.9047	1	26.9954
XR_003312699.1	137	30.9317	0	0
XR_003312700.1	127	27.6742	0	0
XR_003312701.1	127	27.6742	1	15.5145
XR_003312702.1	103	20.9391	0	0
XR_003312703.1	134	29.9638	0	0
XR_003312704.1	133	29.6338	0	0
XR_003312718.1	107	21.8211	0	0
XR_003312735.3	476	297.277	7	10.11
XR_003312741.1	151	36.277	0	0
XR_003312745.3	608	428.98	0	0
XR_003312765.2	105	21.2604	0	0
XR_003312766.1	109	22.5928	0	0
XR_003312767.1	102	20.7435	0	0
XR_003312781.3	3983	3803.9	2	0.225743
XR_003312797.1	127	27.6742	0	0
XR_003312798.1	105	21.2604	0	0
XR_003312826.1	182	49.2707	0	0
XR_003312827.1	131	28.9154	0	0
XR_003312828.1	131	28.9154	0	0
XR_003312838.2	269	105.118	0	0
XR_003312850.1	127	27.6742	0	0
XR_003312857.3	3107	2927.9	0	0
XR_003312858.3	1272	1092.9	2	0.785708
XR_003312861.2	404	226.259	0	0
XR_003312870.3	1852	1672.9	0	0
XR_003312878.3	1692	1512.9	0.302433	0.0858285
XR_003312879.1	162	40.4033	0	0
XR_003312880.2	102	20.7435	0	0
XR_003312881.1	108	22.2964	1	19.2566
XR_003312882.1	104	21.0859	0	0
XR_003312883.1	104	21.0859	0	0
XR_003312885.2	231	77.9746	1	5.5063
XR_003312889.3	1632	1452.9	0	0
XR_003312896.2	686	506.98	0	0
XR_003312910.3	1909	1729.9	10.1489	2.5189
XR_003312914.2	4644	4464.9	1.00306	0.0964553
XR_003312915.2	153	37.0815	0	0
XR_003312916.1	103	20.9391	0	0
XR_003312917.1	106	21.6114	0	0
XR_003312918.2	103	20.9391	0	0
XR_003312921.3	3014	2834.9	2	0.302904
XR_003312923.2	537	358.056	1	1.19912
XR_003312936.2	107	21.8211	0	0
XR_003312947.3	2776	2596.9	0	0
XR_003312955.1	69	12.0981	0	0
XR_003312977.3	1464	1284.9	0	0
XR_003312986.3	1367	1187.9	0	0
XR_003312996.1	125	27.0609	0	0
XR_003313010.3	10351	10171.9	0	0
XR_003313012.3	9969	9789.9	5.80364	0.254528
XR_003313018.3	16830	16650.9	0.00511851	0.000131983
XR_003313024.3	1673	1493.9	3.88713	1.11717
XR_003313027.3	971	791.905	0	0
XR_003313036.2	106	21.6114	0	0
XR_003313037.1	129	28.3594	0	0
XR_003313059.2	105	21.2604	0	0
XR_003313070.2	107	21.8211	0	0
XR_003313071.1	59	9.56863	0	0
XR_003313076.1	164	41.3129	0	0
XR_003313077.1	103	20.9391	0	0
XR_003313078.1	105	21.2604	0	0
XR_003313079.1	106	21.6114	0	0
XR_003313085.1	130	28.6783	0	0
XR_003313086.1	134	29.9638	1	14.329
XR_003313099.3	405	227.259	0	0
XR_003313110.2	681	501.98	0	0
XR_003313114.3	630	450.98	0	0
XR_003313116.3	687	507.98	4	3.38085
XR_003313120.1	67	11.4974	0	0
XR_003313121.1	75	13.3614	0	0
XR_003313122.1	71	12.0391	0	0
XR_003313123.1	75	13.3614	0	0
XR_003313124.1	70	11.9241	0	0
XR_003313125.1	69	12.0981	0	0
XR_003313126.1	125	27.0609	0	0
XR_003313127.1	123	26.5166	0	0
XR_003313128.1	149	35.5475	8	96.6262
XR_003313129.1	191	54.0605	30.9773	246.024
XR_003313130.1	190	53.5891	0	0
XR_003313160.3	1037	857.905	0	0
XR_003313162.3	1450	1270.9	0	0
XR_003313168.3	8579	8399.9	1	0.0511139
XR_003313180.3	268	104.222	0	0
XR_003313196.3	733	553.98	1	0.775031
XR_003313202.3	3691	3511.9	1	0.122256
XR_003313203.1	70	11.9241	0	0
XR_003313210.3	2539	2359.9	9.83399e-06	1.78916e-06
XR_003313227.1	91	17.9837	0	0
XR_003313228.1	93	18.5934	0	0
XR_003313229.1	91	17.9837	0	0
XR_003313231.3	2123	1943.9	0	0
XR_003313244.3	2066	1886.9	0	0
XR_003313271.3	1364	1184.9	0	0
XR_003313275.1	107	21.8211	0	0
XR_003313276.3	4426	4246.9	0.00782621	0.000791212
XR_003313278.2	106	21.6114	0	0
XR_003313279.1	106	21.6114	0	0
XR_003313281.1	103	20.9391	0	0
XR_003313282.1	102	20.7435	16	331.17
XR_003313283.1	132	29.2771	0	0
XR_003313285.1	75	13.3614	0	0
XR_003313287.1	80	15.1305	0	0
XR_003313288.1	76	13.6147	0	0
XR_003313289.3	1977	1797.9	94.4463	22.5544
XR_003313290.1	85	16.7132	0	0
XR_003313291.1	135	30.1724	0	0
XR_003313292.1	139	31.6863	0	0
XR_003313297.1	135	30.1724	0	0
XR_003313299.1	140	32.1079	0	0
XR_003313300.1	115	24.4526	0	0
XR_003313302.1	136	30.5226	11	154.734
XR_003313303.1	126	27.381	0	0
XR_003313307.3	3327	3147.9	3.24208	0.442197
XR_003313313.1	159	39.465	0	0
XR_003313315.1	191	54.0605	0	0
XR_003313316.1	146	34.4295	0	0
XR_003313319.1	107	21.8211	0	0
XR_003313320.1	107	21.8211	0	0
XR_003313323.2	107	21.8211	0	0
XR_003313324.2	107	21.8211	0	0
XR_003313327.1	107	21.8211	0	0
XR_003313328.1	108	22.2964	0	0
XR_003313329.1	104	21.0859	0	0
XR_003313331.2	107	21.8211	0	0
XR_003313332.1	107	21.8211	1	19.676
XR_003313333.1	107	21.8211	0	0
XR_003313334.1	108	22.2964	0	0
XR_003313335.1	105	21.2604	0	0
XR_003313339.3	8636	8456.9	0	0
XR_003313343.3	8443	8263.9	13.7918	0.716556
XR_003313344.1	108	22.2964	0	0
XR_003313345.1	107	21.8211	0	0
XR_003313348.2	107	21.8211	0	0
XR_003313349.1	107	21.8211	0	0
XR_003313350.2	109	22.5928	0	0
XR_003313353.1	79	14.7481	0	0
XR_003313354.1	100	20.3848	0	0
XR_003313355.1	106	21.6114	0	0
XR_003313359.2	104	21.0859	0	0
XR_003313360.1	103	20.9391	0	0
XR_003313361.1	105	21.2604	0	0
XR_003313367.2	108	22.2964	0	0
XR_003313369.1	110	22.9176	0	0
XR_003313370.1	108	22.2964	0	0
XR_003313371.1	103	20.9391	0	0
XR_003313373.1	105	21.2604	0	0
XR_003313375.3	2599	2419.9	0	0
XR_003313378.3	2048	1868.9	3.41664	0.784921
XR_003313379.3	954	774.905	1.89492	1.04992
XR_003313384.2	164	41.3129	0	0
XR_003313385.2	164	41.3129	0	0
XR_003313386.1	102	20.7435	0	0
XR_003313390.1	133	29.6338	0	0
XR_003313391.1	138	31.3757	0	0
XR_003313392.1	129	28.3594	0	0
XR_003313401.1	104	21.0859	0	0
XR_003313402.3	1325	1145.9	0	0
XR_003313432.3	1232	1052.9	0	0
XR_003313433.3	1253	1073.9	0	0
XR_003313437.3	2661	2481.9	3.2637	0.564597
XR_003313440.1	107	21.8211	0	0
XR_003313446.1	107	21.8211	0	0
XR_003313449.3	1433	1253.9	0	0
XR_003313452.3	595	415.98	3.83552	3.95882
XR_003313460.3	5088	4908.9	0	0
XR_003313465.1	107	21.8211	0	0
XR_003313466.1	107	21.8211	0	0
XR_003313492.1	107	21.8211	0	0
XR_003313496.1	61	9.59055	0	0
XR_003313514.1	132	29.2771	0	0
XR_003313515.3	735	555.98	0	0
XR_003313518.3	510	331.091	0	0
XR_003313519.1	107	21.8211	0.415584	8.17702
XR_003313520.1	110	22.9176	0	0
XR_003313521.1	89	17.7159	0	0
XR_003313528.1	190	53.5891	0	0
XR_003313563.3	3132	2952.9	0	0
XR_003313576.2	5858	5678.9	8.47872	0.641032
XR_003313583.3	774	594.98	0	0
XR_003313584.1	136	30.5226	4	56.2667
XR_003313585.1	134	29.9638	2	28.658
XR_003313586.1	129	28.3594	0	0
XR_003313587.3	3659	3479.9	0	0
XR_003313590.2	2092	1912.9	0	0
XR_003313591.2	1218	1038.9	11.9978	4.95839
XR_003313601.1	153	37.0815	1.61429	18.6912
XR_003313602.2	4652	4472.9	85.9857	8.25372
XR_003313603.1	153	37.0815	0	0
XR_003313604.1	103	20.9391	0	0
XR_003313605.2	1867	1687.9	0	0
XR_003313613.3	2316	2136.9	4	0.803689
XR_003313625.1	134	29.9638	2	28.658
XR_003313628.1	130	28.6783	0	0
XR_003313638.3	1991	1811.9	3	0.710885
XR_003313649.3	2348	2168.9	4	0.791832
XR_003313650.2	103	20.9391	0	0
XR_003313651.2	107	21.8211	0	0
XR_003313663.1	149	35.5475	0	0
XR_003313664.1	149	35.5475	0	0
XR_003313665.1	77	14.2636	0	0
XR_003313666.1	108	22.2964	0	0
XR_003313667.1	144	33.6247	24	306.455
XR_003313669.2	103	20.9391	0	0
XR_003313673.1	107	21.8211	0	0
XR_003313674.1	111	23.0653	0	0
XR_003313685.2	107	21.8211	0	0
XR_003313687.2	135	30.1724	0	0
XR_003313723.3	631	451.98	0	0
XR_003313760.2	162	40.4033	0	0
XR_003313761.2	211	65.3511	0	0
XR_003313784.2	107	21.8211	0	0
XR_003313806.3	484	305.217	0	0
XR_003313814.3	664	484.98	0	0
XR_003313829.1	71	12.0391	0	0
XR_003313833.2	105	21.2604	0	0
XR_003313837.1	104	21.0859	0	0
XR_003313859.1	191	54.0605	3.20455	25.4507
XR_003313860.2	191	54.0605	1.60227	12.7254
XR_003313861.1	191	54.0605	0	0
XR_003313867.1	125	27.0609	0	0
XR_003313875.1	103	20.9391	0	0
XR_003313877.1	182	49.2707	0	0
XR_003313878.1	109	22.5928	0	0
XR_003313881.1	164	41.3129	11.1931	116.327
XR_003313882.2	164	41.3129	11.1931	116.327
XR_003313890.1	106	21.6114	0	0
XR_003313920.2	105	21.2604	0.5	10.0974
XR_003313930.1	162	40.4033	0	0
XR_003313939.1	162	40.4033	0	0
XR_003313945.3	10554	10374.9	23	0.951825
XR_003313951.1	71	12.0391	0	0
XR_003313972.1	68	11.7574	0	0
XR_003314028.3	7272	7092.9	9.56611	0.579061
XR_003314031.3	9501	9321.9	0	0
XR_003314035.3	4606	4426.9	0.000287274	2.78618e-05
XR_003314049.3	2786	2606.9	4.0535	0.667603
XR_003314055.3	3845	3665.9	0	0
XR_003314071.3	7771	7591.9	0	0
XR_003314073.2	1439	1259.9	0	0
XR_003314074.3	28069	27889.9	1	0.0153945
XR_003314076.2	1228	1048.9	0	0
XR_003314077.2	978	798.905	0	0
XR_003314081.3	538	359.056	0	0
XR_003314085.3	1839	1659.9	0	0
XR_003314086.3	995	815.905	0	0
XR_003314090.3	7575	7395.9	1	0.0580527
XR_003314106.3	2735	2555.9	0	0
XR_003314150.2	383	205.799	0	0
XR_003314153.3	8503	8323.9	0	0
XR_003314165.3	1068	888.905	0	0
XR_003314166.2	770	590.98	0	0
XR_003314169.3	446	267.446	3	4.81614
XR_003314173.3	974	794.905	0	0
XR_003314179.2	683	503.98	0	0
XR_003314184.3	753	573.98	0.00107037	0.000800665
XR_003314185.3	750	570.98	0.99893	0.751151
XR_003314218.3	4368	4188.9	2	0.204995
XR_003314232.3	1796	1616.9	0	0
XR_003314236.3	831	651.98	0	0
XR_003314237.3	2905	2725.9	2	0.315016
XR_003314239.2	693	513.98	0	0
XR_003314246.3	506	327.091	1	1.31264
XR_003314247.1	157	38.6882	0	0
XR_003314248.1	134	29.9638	0	0
XR_003314249.1	69	12.0981	0	0
XR_003314250.1	81	15.1218	0	0
XR_003314251.1	68	11.7574	0	0
XR_003314252.1	79	14.7481	0	0
XR_003314253.1	129	28.3594	0	0
XR_003314254.1	133	29.6338	2	28.9772
XR_003314255.1	278	112.434	8	30.5496
XR_003314256.1	227	75.3526	0	0
XR_003314257.1	89	17.7159	0	0
XR_003314258.1	87	17.2626	0	0
XR_003314259.1	140	32.1079	0	0
XR_003314260.1	84	16.2892	0	0
XR_003314261.1	82	15.3939	0	0
XR_003314262.2	102	20.7435	0	0
XR_003314263.1	102	20.7435	0	0
XR_003314264.1	278	112.434	0	0
XR_003314266.1	150	35.9293	0	0
XR_003314267.1	213	66.5435	1	6.4522
XR_003314268.1	147	34.8176	0	0
XR_003314269.2	140	32.1079	0	0
XR_003314270.1	107	21.8211	0	0
XR_003314271.1	107	21.8211	0	0
XR_003314272.1	103	20.9391	0	0
XR_003314273.1	107	21.8211	0	0
XR_003314274.1	104	21.0859	0	0
XR_003314275.1	106	21.6114	0	0
XR_003314276.2	164	41.3129	0	0
XR_003314277.1	111	23.0653	0	0
XR_003314278.1	107	21.8211	0	0
XR_003314279.1	105	21.2604	0	0
XR_003314280.1	107	21.8211	0	0
XR_003314281.2	107	21.8211	0	0
XR_003314282.1	107	21.8211	0	0
XR_003314283.1	107	21.8211	0	0
XR_003314284.1	105	21.2604	0	0
XR_003314285.1	103	20.9391	0	0
XR_003314286.1	107	21.8211	0	0
XR_003314287.1	104	21.0859	0	0
XR_003314288.1	105	21.2604	0	0
XR_003314289.1	106	21.6114	0	0
XR_003314290.1	103	20.9391	0	0
XR_003314291.1	107	21.8211	0	0
XR_003314292.1	187	51.9511	0	0
XR_003314293.1	102	20.7435	0	0
XR_003314294.2	103	20.9391	0	0
XR_003314295.1	135	30.1724	0	0
XR_003314301.3	982	802.905	0	0
XR_003314326.3	570	390.98	0	0
XR_003314367.3	349	173.699	0	0
XR_003314369.3	337	162.812	0	0
XR_003314370.2	251	91.7321	0	0
XR_003314373.3	1704	1524.9	0	0
XR_003314374.3	1811	1631.9	0	0
XR_003314387.3	985	805.905	0	0
XR_003314406.3	613	433.98	0	0
XR_003314407.3	6311	6131.9	3.22583	0.22587
XR_003314415.3	7426	7246.9	3.00376	0.177962
XR_003314424.3	2253	2073.9	0	0
XR_003314433.3	2063	1883.9	0	0
XR_003314441.3	8043	7863.9	0	0
XR_003314449.3	987	807.905	0	0
XR_003314483.3	9935	9755.9	15.9194	0.700603
XR_003314494.2	2449	2269.9	0	0
XR_003314504.3	1325	1145.9	0	0
XR_003314507.3	13548	13368.9	4.31317	0.13852
XR_003314509.3	3440	3260.9	0	0
XR_003314511.3	3872	3692.9	0	0
XR_003314523.3	2808	2628.9	0	0
XR_003314525.1	153	37.0815	0	0
XR_003314526.1	132	29.2771	0	0
XR_003314527.1	71	12.0391	0	0
XR_003314528.1	129	28.3594	0	0
XR_003314529.1	131	28.9154	4	59.3943
XR_003314530.2	169	43.4608	0	0
XR_003314531.1	134	29.9638	16	229.264
XR_003314532.1	131	28.9154	0	0
XR_003314533.1	135	30.1724	0	0
XR_003314534.1	127	27.6742	0	0
XR_003314535.1	129	28.3594	0	0
XR_003314536.1	128	28.013	0	0
XR_003314537.1	103	20.9391	0	0
XR_003314538.1	199	58.4739	0	0
XR_003314539.1	210	64.8213	0	0
XR_003314540.2	206	62.6037	0	0
XR_003314541.1	107	21.8211	0.415584	8.17702
XR_003314542.2	107	21.8211	0.415584	8.17702
XR_003314543.1	106	21.6114	0	0
XR_003314544.1	107	21.8211	0	0
XR_003314545.1	107	21.8211	0	0
XR_003314546.1	107	21.8211	0	0
XR_003314547.1	107	21.8211	0	0
XR_003314548.1	107	21.8211	0	0
XR_003314549.1	107	21.8211	0	0
XR_003314550.1	104	21.0859	0	0
XR_003314551.1	107	21.8211	0	0
XR_003314552.2	107	21.8211	0	0
XR_003314553.1	104	21.0859	0	0
XR_003314554.1	105	21.2604	0	0
XR_003314555.2	112	23.6052	0	0
XR_003314556.1	103	20.9391	0	0
XR_003314557.1	106	21.6114	0	0
XR_003314558.1	106	21.6114	0	0
XR_003314559.1	107	21.8211	0	0
XR_003314560.2	107	21.8211	0	0
XR_003314561.1	103	20.9391	0	0
XR_003314562.2	108	22.2964	0	0
XR_003314563.1	104	21.0859	0	0
XR_003314564.1	108	22.2964	0	0
XR_003314565.1	108	22.2964	0	0
XR_003314566.1	107	21.8211	0	0
XR_003314567.2	108	22.2964	0	0
XR_003314568.1	103	20.9391	0	0
XR_003314569.1	104	21.0859	0	0
XR_003314570.1	105	21.2604	0	0
XR_003314571.1	107	21.8211	0	0
XR_003314572.2	109	22.5928	0	0
XR_003314583.3	469	290.277	0	0
XR_003314584.3	3506	3326.9	0	0
XR_003314604.3	1866	1686.9	0	0
XR_003314608.3	728	548.98	0	0
XR_003314639.3	1415	1235.9	0	0
XR_003314650.3	6139	5959.9	1	0.0720401
XR_003314652.2	1012	832.905	0	0
XR_003314677.2	497	318.091	0	0
XR_003314678.3	1095	915.905	0	0
XR_003314688.3	1443	1263.9	1	0.339703
XR_003314702.3	6105	5925.9	4	0.289814
XR_003314711.3	1495	1315.9	0	0
XR_003314717.3	3475	3295.9	0	0
XR_003314739.3	676	496.98	3.91404	3.38142
XR_003314770.3	674	494.98	5.79485	5.02652
XR_003314802.3	1306	1126.9	9	3.42901
XR_003314819.3	1009	829.905	4.15785	2.15107
XR_003314831.3	2125	1945.9	0	0
XR_003314841.3	6975	6795.9	0	0
XR_003314844.3	3512	3332.9	0	0
XR_003314846.3	5329	5149.9	1	0.0833709
XR_003314860.3	1989	1809.9	0	0
XR_003314878.2	1034	854.905	0	0
XR_003314879.3	3650	3470.9	0	0
XR_003314880.3	3458	3278.9	0	0
XR_003314915.1	107	21.8211	0	0
XR_003314917.2	107	21.8211	0	0
XR_003314918.1	108	22.2964	0	0
XR_003314919.1	107	21.8211	0	0
XR_003314920.1	107	21.8211	0	0
XR_003314921.2	103	20.9391	0	0
XR_003314923.1	105	21.2604	0	0
XR_003314924.1	105	21.2604	0	0
XR_003314925.1	107	21.8211	0	0
XR_003314926.1	107	21.8211	0	0
XR_003314927.1	108	22.2964	0	0
XR_003314928.1	104	21.0859	0	0
XR_003314929.1	107	21.8211	0	0
XR_003314930.1	102	20.7435	0	0
XR_003314931.1	104	21.0859	0	0
XR_003314932.1	82	15.3939	0	0
XR_003314933.2	158	39.0888	0	0
XR_003314934.1	138	31.3757	1	13.6842
XR_003314935.1	136	30.5226	5	70.3334
XR_003314936.1	129	28.3594	0	0
XR_003314937.1	131	28.9154	0	0
XR_003314938.1	160	39.8724	0	0
XR_003314939.1	137	30.9317	0	0
XR_003314940.1	55	8.38356	0	0
XR_003314941.1	85	16.7132	0	0
XR_003314942.1	149	35.5475	1	12.0783
XR_003314943.1	89	17.7159	0	0
XR_003314944.1	80	15.1305	0	0
XR_003314945.1	101	20.4711	0	0
XR_003314960.3	7503	7323.9	3	0.17587
XR_003314989.3	4197	4017.9	1	0.10686
XR_003314990.3	6642	6462.9	2.11378	0.140425
XR_003314991.3	6211	6031.9	0	0
XR_003315003.3	1244	1064.9	1.49245	0.601732
XR_003315011.3	1205	1025.9	0	0
XR_003315012.3	1295	1115.9	21.8476	8.40601
XR_003315013.3	6078	5898.9	7.62545	0.555019
XR_003315019.3	314	142.124	0	0
XR_003315024.3	8957	8777.9	0	0
XR_003315028.3	3260	3080.9	1	0.139359
XR_003315045.3	7588	7408.9	0	0
XR_003315047.3	7585	7405.9	0	0
XR_003315084.3	501	322.091	0	0
XR_003315104.3	13848	13668.9	5.51886	0.173352
XR_003315119.3	232	78.5265	0	0
XR_003315139.3	1539	1359.9	306	96.611
XR_003315191.3	6391	6211.9	0	0
XR_003315196.2	417	238.977	0	0
XR_003315211.3	573	393.98	0	0
XR_003315213.3	472	293.277	1	1.46398
XR_003315224.1	187	51.9511	0	0
XR_003315225.1	107	21.8211	0	0
XR_003315226.1	107	21.8211	0	0
XR_003315227.1	104	21.0859	0	0
XR_003315228.1	107	21.8211	0	0
XR_003315229.1	107	21.8211	0	0
XR_003315230.1	103	20.9391	0	0
XR_003315231.1	103	20.9391	0	0
XR_003315232.1	106	21.6114	0	0
XR_003315233.1	104	21.0859	0	0
XR_003315234.1	106	21.6114	0	0
XR_003315235.1	105	21.2604	0	0
XR_003315236.2	107	21.8211	0	0
XR_003315237.1	108	22.2964	0	0
XR_003315238.1	108	22.2964	0	0
XR_003315239.1	107	21.8211	0	0
XR_003315240.1	110	22.9176	0	0
XR_003315241.2	110	22.9176	0	0
XR_003315242.1	107	21.8211	0	0
XR_003315243.2	103	20.9391	0	0
XR_003315244.1	188	52.5793	0	0
XR_003315245.1	132	29.2771	2	29.3302
XR_003315246.1	131	28.9154	0	0
XR_003315247.2	142	32.9306	0	0
XR_003315248.1	134	29.9638	0	0
XR_003315267.3	2146	1966.9	1	0.218288
XR_003315303.3	4698	4518.9	3	0.285037
XR_003315310.3	1527	1347.9	1	0.318533
XR_003315318.3	3164	2984.9	52.5457	7.55823
XR_003315324.3	1133	953.905	0	0
XR_003315327.3	1998	1818.9	0	0
XR_003315330.3	1011	831.905	0	0
XR_003315335.3	2443	2263.9	0	0
XR_003315339.3	243	85.858	0	0
XR_003315388.3	9387	9207.9	2.00053	0.093282
XR_003315392.3	2850	2670.9	0	0
XR_003315395.2	589	409.98	0	0
XR_003315397.3	1307	1127.9	105	39.9697
XR_003315423.3	2121	1941.9	0	0
XR_003315435.3	22132	21952.9	2	0.0391157
XR_003315436.3	867	687.98	0	0
XR_003315438.3	733	553.98	0	0
XR_003315451.3	870	690.98	0	0
XR_003315467.1	166	42.0382	0	0
XR_003315468.1	190	53.5891	0	0
XR_003315469.1	146	34.4295	0	0
XR_003315470.1	107	21.8211	0	0
XR_003315471.1	106	21.6114	0	0
XR_003315472.1	105	21.2604	0	0
XR_003315473.1	105	21.2604	0	0
XR_003315474.2	107	21.8211	0	0
XR_003315475.1	103	20.9391	0	0
XR_003315476.2	106	21.6114	0	0
XR_003315477.2	105	21.2604	0	0
XR_003315478.1	105	21.2604	0	0
XR_003315479.1	104	21.0859	0	0
XR_003315480.1	104	21.0859	0	0
XR_003315481.2	103	20.9391	0	0
XR_003315482.1	107	21.8211	0	0
XR_003315483.1	104	21.0859	0	0
XR_003315484.1	103	20.9391	0	0
XR_003315485.2	103	20.9391	0	0
XR_003315486.2	107	21.8211	0	0
XR_003315487.1	104	21.0859	0	0
XR_003315488.1	103	20.9391	0	0
XR_003315489.1	67	11.4974	0	0
XR_003315490.1	65	11.0798	1	38.751
XR_003315491.1	66	11.1461	0	0
XR_003315492.1	83	15.9047	0	0
XR_003315493.1	128	28.013	0	0
XR_003315494.1	135	30.1724	0	0
XR_003315495.1	142	32.9306	0	0
XR_003315496.1	123	26.5166	0	0
XR_003315497.1	125	27.0609	0	0
XR_003315498.1	103	20.9391	0	0
XR_003315499.1	68	11.7574	0	0
XR_003315511.2	370	193.318	0	0
XR_003315519.3	309	137.706	0	0
XR_003315521.3	525	346.091	2	2.48115
XR_003315527.3	502	323.091	0	0
XR_003315529.3	472	293.277	3	4.39194
XR_003315535.3	2118	1938.9	1.50531	0.333337
XR_003315543.2	1546	1366.9	0	0
XR_003315549.3	4831	4651.9	0	0
XR_003315555.3	599	419.98	0	0
XR_003315556.3	1696	1516.9	0	0
XR_003315565.2	645	465.98	0	0
XR_003315579.3	1368	1188.9	65.6605	23.7121
XR_003315587.3	982	802.905	1	0.534748
XR_003315591.3	2368	2188.9	3.00027	0.588501
XR_003315603.3	1482	1302.9	2.00231	0.65983
XR_003315604.2	643	463.98	0	0
XR_003315622.3	498	319.091	0	0
XR_003315626.2	485	306.217	0	0
XR_003315630.3	857	677.98	0.999537	0.632987
XR_003315634.3	3121	2941.9	0	0
XR_003315637.3	6043	5863.9	0	0
XR_003315638.3	2573	2393.9	0	0
XR_003315642.3	5632	5452.9	149.552	11.7755
XR_003315643.3	14589	14409.9	7.45893	0.222243
XR_003315653.3	3032	2852.9	0	0
XR_003315656.3	3495	3315.9	0	0
XR_003315657.3	2706	2526.9	2	0.339824
XR_003315663.3	2014	1834.9	0	0
XR_003315675.3	1750	1570.9	4	1.09326
XR_003315694.1	119	25.5681	0	0
XR_003315695.1	107	21.8211	0	0
XR_003315696.1	107	21.8211	0	0
XR_003315697.2	102	20.7435	0	0
XR_003315698.1	102	20.7435	0	0
XR_003315699.1	106	21.6114	0	0
XR_003315700.1	107	21.8211	0	0
XR_003315701.1	107	21.8211	0	0
XR_003315702.1	107	21.8211	0	0
XR_003315703.1	107	21.8211	0	0
XR_003315704.1	103	20.9391	0	0
XR_003315705.1	104	21.0859	0	0
XR_003315706.2	104	21.0859	0	0
XR_003315707.1	103	20.9391	0	0
XR_003315708.1	110	22.9176	0	0
XR_003315709.2	104	21.0859	0	0
XR_003315710.1	106	21.6114	0	0
XR_003315711.1	104	21.0859	0	0
XR_003315712.1	155	37.7994	0	0
XR_003315713.1	151	36.277	1	11.8354
XR_003315714.1	154	37.3384	0	0
XR_003315715.1	313	141.3	1268	3852.92
XR_003315716.1	107	21.8211	0.415584	8.17702
XR_003315726.2	1799	1619.9	3	0.795143
XR_003315735.3	24560	24380.9	9.49412	0.167193
XR_003315736.3	2911	2731.9	0	0
XR_003315740.3	2953	2773.9	0	0
XR_003315745.3	525	346.091	0	0
XR_003315751.3	1392	1212.9	1	0.353987
XR_003315755.3	6734	6554.9	0	0
XR_003315757.3	6355	6175.9	0	0
XR_003315774.3	436	257.681	3	4.99865
XR_003315776.3	1876	1696.9	0	0
XR_003315783.3	1843	1663.9	5.32248	1.37341
XR_003315784.3	1246	1066.9	0	0
XR_003315789.2	637	457.98	0	0
XR_003315805.3	924	744.98	0	0
XR_003315825.3	545	366.056	1.02625	1.20371
XR_003315846.3	3084	2904.9	0	0
XR_003315848.3	4521	4341.9	3.19031	0.315476
XR_003315864.3	6287	6107.9	0	0
XR_003315873.3	2565	2385.9	0	0
XR_003315894.3	2611	2431.9	1	0.17655
XR_003315907.3	3353	3173.9	8	1.08221
XR_003315908.3	1650	1470.9	0	0
XR_003315910.3	1144	964.905	0	0
XR_003315916.3	2281	2101.9	0	0
XR_003315937.3	1049	869.905	1	0.493562
XR_003315948.3	10181	10001.9	24	1.03025
XR_003315955.1	104	21.0859	0	0
XR_003315956.1	84	16.2892	3	79.0742
XR_003315957.1	79	14.7481	0	0
XR_003315958.1	72	12.0466	0	0
XR_003315959.1	125	27.0609	0	0
XR_003315960.1	193	55.1675	0	0
XR_003315961.1	127	27.6742	0	0
XR_003315962.1	104	21.0859	0	0
XR_003315963.1	123	26.5166	0	0
XR_003315964.2	149	35.5475	0	0
XR_003315965.1	212	65.9524	0	0
XR_003315966.2	117	24.9935	0	0
XR_003315967.1	115	24.4526	0	0
XR_003315968.1	110	22.9176	0	0
XR_003315969.1	107	21.8211	0	0
XR_003315970.1	107	21.8211	0	0
XR_003315971.1	107	21.8211	0	0
XR_003315972.1	106	21.6114	0	0
XR_003315973.1	107	21.8211	0	0
XR_003315974.1	107	21.8211	0	0
XR_003315975.2	107	21.8211	0	0
XR_003315976.1	106	21.6114	0	0
XR_003315977.2	105	21.2604	0	0
XR_003315978.1	104	21.0859	0	0
XR_003315979.1	104	21.0859	0	0
XR_003315980.1	106	21.6114	0	0
XR_003315981.1	104	21.0859	0	0
XR_003315982.1	106	21.6114	0	0
XR_003315983.1	107	21.8211	0	0
XR_003315984.1	107	21.8211	0	0
XR_003315985.1	103	20.9391	0	0
XR_003315986.1	105	21.2604	0	0
XR_003315987.2	107	21.8211	0	0
XR_003315988.1	106	21.6114	0	0
XR_003315989.1	102	20.7435	0	0
XR_003315990.1	107	21.8211	0	0
XR_003315991.1	109	22.5928	0	0
XR_003315992.1	106	21.6114	0	0
XR_003315993.2	109	22.5928	0	0
XR_003315994.2	104	21.0859	0	0
XR_003315995.1	102	20.7435	0	0
XR_003315996.1	102	20.7435	0	0
XR_003315997.1	96	19.3678	0	0
XR_003315998.1	191	54.0605	0	0
XR_003315999.1	66	11.1461	0	0
XR_003316001.1	137	30.9317	0	0
XR_003316002.1	80	15.1305	0	0
XR_003316003.1	69	12.0981	0	0
XR_003316004.1	70	11.9241	0	0
XR_003316005.2	2767	2587.9	0	0
XR_003316013.3	1686	1506.9	0	0
XR_003316022.3	633	453.98	0	0
XR_003316023.3	3438	3258.9	0	0
XR_003316024.3	7665	7485.9	23.8646	1.36875
XR_003316025.3	5727	5547.9	13.4236	1.03885
XR_003316028.3	2900	2720.9	1	0.157797
XR_003316030.3	702	522.98	244	200.317
XR_003316031.3	376	198.962	0	0
XR_003316032.3	1032	852.905	1	0.5034
XR_003316036.3	556	377.018	0	0
XR_003316046.2	339	164.594	0	0
XR_003316047.3	989	809.905	0	0
XR_003316079.3	653	473.98	0	0
XR_003316085.3	3494	3314.9	6.72971	0.871643
XR_003316125.3	639	459.98	0	0
XR_003316167.2	640	460.98	0	0
XR_003316193.3	1808	1628.9	12.707	3.34934
XR_003316202.3	5113	4933.9	0	0
XR_003316209.3	8329	8149.9	1.01408	0.0534233
XR_003316211.3	731	551.98	0	0
XR_003316216.3	737	557.98	0	0
XR_003316221.3	8531	8351.9	2.00058	0.102845
XR_003316226.3	3125	2945.9	12.0171	1.75144
XR_003316232.3	1830	1650.9	1	0.260071
XR_003316245.3	555	376.018	0	0
XR_003316248.3	817	637.98	6	4.03792
XR_003316249.3	1747	1567.9	27.4348	7.51268
XR_003316253.3	522	343.091	0	0
XR_003316255.3	3347	3167.9	0	0
XR_003316262.1	135	30.1724	2	28.4599
XR_003316263.1	138	31.3757	0	0
XR_003316264.1	190	53.5891	0	0
XR_003316265.1	153	37.0815	0	0
XR_003316266.1	107	21.8211	0.415584	8.17702
XR_003316267.2	107	21.8211	0	0
XR_003316268.1	107	21.8211	0	0
XR_003316269.1	107	21.8211	0	0
XR_003316270.2	107	21.8211	0	0
XR_003316271.1	107	21.8211	0	0
XR_003316272.2	107	21.8211	0	0
XR_003316273.2	107	21.8211	0	0
XR_003316274.1	105	21.2604	0	0
XR_003316275.1	107	21.8211	0	0
XR_003316276.1	107	21.8211	0	0
XR_003316277.1	107	21.8211	0	0
XR_003316278.1	107	21.8211	0	0
XR_003316279.1	105	21.2604	0	0
XR_003316280.1	107	21.8211	0	0
XR_003316282.1	164	41.3129	0	0
XR_003316283.1	107	21.8211	0	0
XR_003316284.2	108	22.2964	0	0
XR_003316285.1	105	21.2604	0	0
XR_003316286.1	104	21.0859	0	0
XR_003316288.1	105	21.2604	0	0
XR_003316289.1	108	22.2964	0	0
XR_003316290.1	108	22.2964	0	0
XR_003316291.1	109	22.5928	0	0
XR_003316292.1	104	21.0859	0	0
XR_003316293.1	103	20.9391	0	0
XR_003316294.1	105	21.2604	0	0
XR_003316295.2	103	20.9391	0	0
XR_003316296.1	105	21.2604	0	0
XR_003316297.1	153	37.0815	0	0
XR_003316298.1	167	42.5681	0	0
XR_003316299.1	127	27.6742	0	0
XR_003316300.1	191	54.0605	0	0
XR_003316301.1	63	10.5816	0	0
XR_003316302.1	134	29.9638	3	42.987
XR_003316303.1	134	29.9638	0	0
XR_003316304.2	122	26.325	0	0
XR_003316305.1	136	30.5226	0	0
XR_003316309.3	703	523.98	0	0
XR_003316319.3	929	749.98	0	0
XR_003316321.3	10717	10537.9	0	0
XR_003316330.3	587	407.98	0	0
XR_003316362.3	2137	1957.9	0	0
XR_003316367.3	934	754.98	62	35.259
XR_003316368.3	579	399.98	0	0
XR_003316371.3	609	429.98	0	0
XR_003316388.3	3382	3202.9	11.8796	1.59246
XR_003316445.3	364	187.645	0	0
XR_003316447.3	620	440.98	4	3.89452
XR_003316450.1	115	24.4526	0	0
XR_003316451.2	102	20.7435	0	0
XR_003316452.1	107	21.8211	0	0
XR_003316453.1	102	20.7435	0	0
XR_003316454.1	105	21.2604	0	0
XR_003316455.1	109	22.5928	0	0
XR_003316456.1	107	21.8211	0	0
XR_003316457.1	108	22.2964	0	0
XR_003316458.1	104	21.0859	0	0
XR_003316459.1	107	21.8211	0	0
XR_003316460.2	160	39.8724	0	0
XR_003316461.1	104	21.0859	0	0
XR_003316462.1	103	20.9391	0	0
XR_003316463.1	109	22.5928	0	0
XR_003316464.2	112	23.6052	0	0
XR_003316465.1	103	20.9391	0	0
XR_003316466.1	109	22.5928	0	0
XR_003316467.1	104	21.0859	0	0
XR_003316468.1	105	21.2604	0	0
XR_003316469.1	160	39.8724	0	0
XR_003316470.1	134	29.9638	0	0
XR_003316471.1	62	10.1579	0	0
XR_003316472.1	73	12.3932	0	0
XR_003316473.1	69	12.0981	0	0
XR_003316474.1	131	28.9154	1	14.8486
XR_003316475.1	126	27.381	0	0
XR_003316495.3	2407	2227.9	1	0.192716
XR_003316496.3	8551	8371.9	1.00098	0.0513351
XR_003316508.3	753	573.98	0	0
XR_003316523.2	921	741.98	0	0
XR_003316543.3	5467	5287.9	0	0
XR_003316545.3	1467	1287.9	0	0
XR_003316548.3	1717	1537.9	0	0
XR_003316599.3	3556	3376.9	12.6966	1.61429
XR_003316600.3	1147	967.905	0	0
XR_003316605.3	3693	3513.9	0	0
XR_003316606.3	2038	1858.9	0	0
XR_003316607.3	2035	1855.9	0	0
XR_003316611.3	2164	1984.9	15.1421	3.27537
XR_003316619.3	516	337.091	0	0
XR_003316623.3	2290	2110.9	0	0
XR_003316635.2	1296	1116.9	0	0
XR_003316641.2	472	293.277	0	0
XR_003316645.3	323	150.128	0	0
XR_003316651.3	827	647.98	0	0
XR_003316660.3	1301	1121.9	0	0
XR_003316662.3	341	166.443	0	0
XR_003316668.3	3231	3051.9	0	0
XR_003316676.3	471	292.277	2386	3505.01
XR_003316680.1	109	22.5928	0	0
XR_003316681.1	106	21.6114	0	0
XR_003316682.1	107	21.8211	0	0
XR_003316684.1	107	21.8211	0	0
XR_003316685.1	104	21.0859	0	0
XR_003316686.1	108	22.2964	0	0
XR_003316687.2	107	21.8211	0	0
XR_003316688.1	107	21.8211	0	0
XR_003316689.1	107	21.8211	0	0
XR_003316690.1	103	20.9391	0	0
XR_003316691.1	107	21.8211	0	0
XR_003316692.1	109	22.5928	0	0
XR_003316693.1	71	12.0391	0	0
XR_003316694.1	76	13.6147	0	0
XR_003316695.2	133	29.6338	0	0
XR_003316696.1	133	29.6338	0	0
XR_003316697.1	132	29.2771	0	0
XR_003316698.2	133	29.6338	0	0
XR_003316699.1	248	89.5876	2	9.58508
XR_003316700.1	136	30.5226	0	0
XR_003316701.1	99	19.9464	0	0
XR_003316702.2	105	21.2604	0	0
XR_003316706.3	799	619.98	0	0
XR_003316711.3	2617	2437.9	0	0
XR_003316729.3	929	749.98	0	0
XR_003316756.3	575	395.98	8	8.67421
XR_003316763.3	6480	6300.9	0	0
XR_003316765.3	4733	4553.9	0	0
XR_003316766.2	4851	4671.9	13.3086	1.22308
XR_003316771.3	2058	1878.9	0	0
XR_003316772.3	1839	1659.9	0	0
XR_003316777.3	2266	2086.9	1	0.205736
XR_003316778.3	336	161.895	5	13.2602
XR_003316787.1	132	29.2771	10	146.651
XR_003316789.1	130	28.6783	1	14.9713
XR_003316790.1	131	28.9154	3	44.5457
XR_003316792.1	143	33.3003	0	0
XR_003316793.2	41	8.77778	0	0
XR_003316794.3	1269	1089.9	2.62157	1.03273
XR_003316795.1	140	32.1079	1	13.3722
XR_003316796.1	135	30.1724	1	14.2299
XR_003316797.2	130	28.6783	0	0
XR_003316799.1	137	30.9317	0	0
XR_003316806.3	29362	29182.9	38.8409	0.571444
XR_003316811.1	130	28.6783	0	0
XR_003316812.2	70	11.9241	0	0
XR_003316813.1	80	15.1305	0	0
XR_003316815.1	76	13.6147	0	0
XR_003316816.1	69	12.0981	0	0
XR_003316817.1	153	37.0815	0	0
XR_003316819.1	104	21.0859	0	0
XR_003316821.1	104	21.0859	0	0
XR_003316823.1	102	20.7435	0	0
XR_003316826.1	107	21.8211	0	0
XR_003316830.1	176	46.4346	1	9.24638
XR_003316833.1	180	48.1848	0	0
XR_003316835.3	7802	7622.9	0	0
XR_003316836.1	179	47.74	1	8.99354
XR_003316844.1	69	12.0981	2	70.9782
XR_003316845.2	4754	4574.9	1.00292	0.0941236
XR_003316848.2	164	41.3129	0	0
XR_003316849.2	164	41.3129	0	0
XR_003316850.2	163	40.9071	0	0
XR_003316851.1	160	39.8724	0	0
XR_003316852.3	3406	3226.9	4	0.532215
XR_003316853.1	213	66.5435	0	0
XR_003316854.3	2968	2788.9	19.6259	3.02141
XR_003316861.1	116	24.694	0	0
XR_003316864.1	107	21.8211	0	0
XR_003316867.1	107	21.8211	0	0
XR_003316868.1	107	21.8211	0	0
XR_003316869.1	103	20.9391	0	0
XR_003316871.1	107	21.8211	0	0
XR_003316876.2	107	21.8211	0	0
XR_003316878.3	8219	8039.9	0	0
XR_003316882.1	103	20.9391	0	0
XR_003316884.1	109	22.5928	0	0
XR_003316887.1	107	21.8211	0	0
XR_003316889.2	107	21.8211	0	0
XR_003316892.1	103	20.9391	0	0
XR_003316893.1	103	20.9391	0	0
XR_003316895.1	107	21.8211	0	0
XR_003316897.1	104	21.0859	0	0
XR_003316901.2	103	20.9391	0	0
XR_003316905.1	108	22.2964	0	0
XR_003316906.1	107	21.8211	0	0
XR_003316913.1	104	21.0859	0	0
XR_003316914.2	104	21.0859	0	0
XR_003316916.1	108	22.2964	0	0
XR_003316917.1	108	22.2964	0	0
XR_003316918.1	107	21.8211	0	0
XR_003316919.1	107	21.8211	0	0
XR_003316920.1	107	21.8211	0	0
XR_003316921.1	107	21.8211	0	0
XR_003316922.1	106	21.6114	0	0
XR_003316923.2	107	21.8211	0	0
XR_003316924.1	110	22.9176	0	0
XR_003316925.2	104	21.0859	0	0
XR_003316926.1	107	21.8211	0	0
XR_003316927.1	107	21.8211	0	0
XR_003316928.1	103	20.9391	0	0
XR_003316929.1	107	21.8211	0	0
XR_003316930.1	104	21.0859	0	0
XR_003316931.1	102	20.7435	0	0
XR_003316932.1	150	35.9293	0	0
XR_003316933.1	133	29.6338	0	0
XR_003316934.1	104	21.0859	0	0
XR_003316935.1	140	32.1079	0	0
XR_003316936.1	77	14.2636	0	0
XR_003316937.1	77	14.2636	0	0
XR_003316938.1	82	15.3939	0	0
XR_003316939.1	104	21.0859	0	0
XR_003316940.1	104	21.0859	0	0
XR_003316944.1	105	21.2604	0	0
XR_003316949.3	3207	3027.9	0	0
XR_003316972.3	2422	2242.9	3	0.574279
XR_003316987.3	2353	2173.9	0	0
XR_003317000.2	1276	1096.9	21.0526	8.24043
XR_003317002.3	4206	4026.9	0	0
XR_003317005.3	2965	2785.9	0	0
XR_003317020.3	4482	4302.9	21	2.09542
XR_003317033.3	16547	16367.9	8.0634	0.211514
XR_003317039.3	1009	829.905	0	0
XR_003317048.3	2775	2595.9	0	0
XR_003317053.3	14655	14475.9	0	0
XR_003317064.3	4316	4136.9	2.65328	0.275373
XR_003317069.3	3027	2847.9	4.01906	0.605916
XR_003317103.3	992	812.905	2	1.05634
XR_003317117.3	2007	1827.9	26.0882	6.12778
XR_003317121.2	205	61.9889	0	0
XR_003317122.1	107	21.8211	0	0
XR_003317123.1	107	21.8211	0	0
XR_003317124.1	107	21.8211	0	0
XR_003317126.1	104	21.0859	0	0
XR_003317127.1	106	21.6114	0	0
XR_003317128.1	107	21.8211	0	0
XR_003317129.1	107	21.8211	0	0
XR_003317130.1	107	21.8211	0	0
XR_003317131.1	104	21.0859	0	0
XR_003317132.1	107	21.8211	0	0
XR_003317133.1	103	20.9391	0	0
XR_003317134.2	105	21.2604	0	0
XR_003317135.3	13373	13193.9	0	0
XR_003317136.1	104	21.0859	0	0
XR_003317137.1	105	21.2604	0	0
XR_003317138.1	106	21.6114	0	0
XR_003317139.1	105	21.2604	0	0
XR_003317140.1	164	41.3129	0	0
XR_003317141.1	62	10.1579	0	0
XR_003317142.1	203	60.8628	0	0
XR_003317143.1	130	28.6783	0	0
XR_003317144.1	137	30.9317	2	27.7613
XR_003317145.1	133	29.6338	0	0
XR_003317146.1	136	30.5226	0	0
XR_003317147.2	133	29.6338	0	0
XR_003317148.1	120	25.874	0	0
XR_003317149.2	140	32.1079	0	0
XR_003317150.1	190	53.5891	0	0
XR_003317151.1	127	27.6742	0	0
XR_003317152.1	126	27.381	0	0
XR_003317153.1	121	26.071	0	0
XR_003317154.1	265	101.944	61	256.91
XR_003317155.2	329	155.53	38	104.902
XR_003317156.1	194	55.6632	0	0
XR_003317166.2	719	539.98	0	0
XR_003317185.3	763	583.98	0	0
XR_003317187.3	1021	841.905	0	0
XR_003317189.3	1270	1090.9	7	2.75502
XR_003317200.3	881	701.98	0	0
XR_003317202.3	1970	1790.9	0	0
XR_003317216.3	3422	3242.9	3	0.397192
XR_003317224.3	1555	1375.9	9.10808	2.84218
XR_003317233.3	545	366.056	0	0
XR_003317237.3	2937	2757.9	0	0
XR_003317245.3	963	783.905	0	0
XR_003317250.3	781	601.98	0	0
XR_003317252.3	2932	2752.9	7	1.09174
XR_003317272.3	486	307.217	3	4.19266
XR_003317276.3	1408	1228.9	0	0
XR_003317289.3	1248	1068.9	1	0.401675
XR_003317292.3	461	282.362	0	0
XR_003317296.3	7990	7810.9	0	0
XR_003317310.2	435	256.706	0	0
XR_003317325.3	1656	1476.9	0	0
XR_003317327.3	1273	1093.9	0	0
XR_003317329.3	1076	896.905	2	0.957408
XR_003317337.3	1590	1410.9	0	0
XR_003317344.3	5020	4840.9	3.02247	0.26807
XR_003317349.3	2350	2170.9	0	0
XR_003317359.1	107	21.8211	0	0
XR_003317360.1	107	21.8211	0	0
XR_003317361.1	107	21.8211	0	0
XR_003317363.1	107	21.8211	0	0
XR_003317364.1	105	21.2604	0	0
XR_003317365.2	108	22.2964	0	0
XR_003317366.1	107	21.8211	0	0
XR_003317367.2	107	21.8211	0	0
XR_003317368.1	105	21.2604	0	0
XR_003317369.1	104	21.0859	0	0
XR_003317370.2	103	20.9391	0	0
XR_003317371.1	103	20.9391	0	0
XR_003317372.1	134	29.9638	0	0
XR_003317373.2	134	29.9638	0	0
XR_003317374.2	133	29.6338	0	0
XR_003317375.2	135	30.1724	0	0
XR_003317376.1	126	27.381	0	0
XR_003317377.1	71	12.0391	0	0
XR_003317378.1	71	12.0391	0	0
XR_003317379.1	189	53.1885	0	0
XR_003317380.1	113	23.9425	0	0
XR_003317381.1	131	28.9154	0	0
XR_003317382.1	237	81.834	0	0
XR_003317383.1	91	17.9837	2	47.7491
XR_003317384.1	92	18.1674	0	0
XR_003317385.1	91	17.9837	1	23.8746
XR_003317386.1	86	16.9009	0	0
XR_003317387.1	68	11.7574	0	0
XR_003317388.2	73	12.3932	0	0
XR_003317404.3	672	492.98	0	0
XR_003317420.3	9441	9261.9	5.5378	0.256714
XR_003317427.3	6066	5886.9	0	0
XR_003317435.3	15450	15270.9	12.8388	0.360972
XR_003317455.3	1901	1721.9	7.40051	1.84529
XR_003317475.3	1176	996.905	5	2.15343
XR_003317476.3	2419	2239.9	8.45961	1.62156
XR_003317481.3	2466	2286.9	4.38966	0.824132
XR_003317501.3	412	234.096	0	0
XR_003317519.3	4603	4423.9	0	0
XR_003317530.3	6198	6018.9	0	0
XR_003317532.3	2702	2522.9	0	0
XR_003317536.3	405	227.259	0	0
XR_003317539.1	119	25.5681	0.0125	0.209906
XR_003317540.1	107	21.8211	0	0
XR_003317541.2	107	21.8211	0	0
XR_003317542.1	107	21.8211	0	0
XR_003317543.1	106	21.6114	0	0
XR_003317544.2	104	21.0859	0	0
XR_003317545.1	106	21.6114	0	0
XR_003317546.1	107	21.8211	0	0
XR_003317547.2	106	21.6114	0	0
XR_003317548.1	106	21.6114	0	0
XR_003317549.1	104	21.0859	0	0
XR_003317550.1	106	21.6114	0	0
XR_003317551.2	103	20.9391	0	0
XR_003317552.2	106	21.6114	0	0
XR_003317553.1	106	21.6114	0	0
XR_003317554.1	103	20.9391	0	0
XR_003317555.1	104	21.0859	0	0
XR_003317556.1	104	21.0859	0	0
XR_003317557.2	109	22.5928	0	0
XR_003317558.2	86	16.9009	0	0
XR_003317559.1	135	30.1724	1	14.2299
XR_003317560.1	133	29.6338	0	0
XR_003317561.1	74	12.7179	0	0
XR_003317562.1	78	14.4541	0	0
XR_003317563.1	65	11.0798	0	0
XR_003317564.1	69	12.0981	0	0
XR_003317565.1	107	21.8211	0	0
XR_003317569.3	686	506.98	0	0
XR_003317574.3	1396	1216.9	0	0
XR_003317592.3	964	784.905	0	0
XR_003317597.3	2227	2047.9	6.68589	1.40172
XR_003317598.3	1854	1674.9	0	0
XR_003317603.3	1331	1151.9	0	0
XR_003317607.3	623	443.98	0	0
XR_003317608.3	1163	983.905	0	0
XR_003317637.3	918	738.98	0	0
XR_003317639.3	1179	999.905	0	0
XR_003317640.3	1104	924.905	0	0
XR_003317641.3	925	745.98	1	0.575554
XR_003317666.1	148	35.19	0	0
XR_003317667.1	107	21.8211	0	0
XR_003317668.1	104	21.0859	0	0
XR_003317669.1	104	21.0859	0	0
XR_003317670.1	107	21.8211	0	0
XR_003317671.1	107	21.8211	0	0
XR_003317672.1	105	21.2604	0	0
XR_003317673.1	103	20.9391	0	0
XR_003317674.1	107	21.8211	0	0
XR_003317675.1	162	40.4033	0	0
XR_003317676.2	110	22.9176	0	0
XR_003317677.2	107	21.8211	0	0
XR_003317678.1	106	21.6114	0	0
XR_003317679.1	108	22.2964	0	0
XR_003317680.1	127	27.6742	0	0
XR_003317681.1	73	12.3932	0	0
XR_003317682.1	129	28.3594	0	0
XR_003317683.1	140	32.1079	0	0
XR_003317685.2	130	28.6783	0	0
XR_003317686.1	77	14.2636	0	0
XR_003317687.1	133	29.6338	0	0
XR_003317689.1	143	33.3003	0	0
XR_003317711.3	1249	1069.9	1	0.401299
XR_003317721.3	13181	13001.9	0	0
XR_003317732.3	6283	6103.9	0	0
XR_003317738.3	956	776.905	0	0
XR_003317741.3	1601	1421.9	0	0
XR_003317752.3	10254	10074.9	0	0
XR_003317772.3	2024	1844.9	0	0
XR_003317779.3	1985	1805.9	0	0
XR_003317787.3	1209	1029.9	1	0.416885
XR_003317800.3	13803	13623.9	7.39598	0.233081
XR_003317803.3	1342	1162.9	0	0
XR_003317806.3	2126	1946.9	0	0
XR_003317807.2	614	434.98	2	1.97412
XR_003317808.2	666	486.98	0	0
XR_003317815.3	1417	1237.9	0	0
XR_003317830.3	455	276.419	0	0
XR_003317831.3	925	745.98	1.73166	0.996663
XR_003317832.3	554	375.018	6.26834	7.17651
XR_003317833.3	1335	1155.9	17	6.31452
XR_003317846.3	1423	1243.9	1	0.345165
XR_003317857.1	106	21.6114	0	0
XR_003317858.1	107	21.8211	0	0
XR_003317859.2	105	21.2604	0	0
XR_003317860.1	107	21.8211	0	0
XR_003317861.2	108	22.2964	0	0
XR_003317862.2	103	20.9391	0	0
XR_003317863.1	103	20.9391	0	0
XR_003317864.1	105	21.2604	0	0
XR_003317865.1	88	17.4914	1	24.5464
XR_003317866.1	104	21.0859	0	0
XR_003317868.1	105	21.2604	0	0
XR_003317869.1	105	21.2604	0	0
XR_003317870.2	127	27.6742	0	0
XR_003317871.1	74	12.7179	0	0
XR_003317872.1	138	31.3757	0	0
XR_003317873.1	127	27.6742	0	0
XR_003317874.1	107	21.8211	0	0
XR_003317875.1	135	30.1724	0	0
XR_003317876.1	130	28.6783	0	0
XR_003317877.1	135	30.1724	0	0
XR_003317878.1	132	29.2771	0	0
XR_003317879.1	126	27.381	0	0
XR_003317880.1	131	28.9154	0	0
XR_003317881.1	70	11.9241	0	0
XR_003317882.1	80	15.1305	2	56.753
XR_003317883.1	127	27.6742	0	0
XR_003317884.1	130	28.6783	0	0
XR_003317885.1	104	21.0859	0	0
XR_003317886.1	127	27.6742	0	0
XR_003317887.1	72	12.0466	0	0
XR_003317888.1	126	27.381	0	0
XR_003317889.1	107	21.8211	0	0
XR_003317897.3	408	230.236	0	0
XR_003317912.3	6626	6446.9	0	0
XR_003317917.3	1015	835.905	4.9608	2.54805
XR_003317918.3	1549	1369.9	0	0
XR_003317951.3	4956	4776.9	1.00004	0.0898845
XR_003317957.3	2170	1990.9	0	0
XR_003317970.2	474	295.277	0	0
XR_003317978.3	1265	1085.9	1	0.395386
XR_003317980.3	6479	6299.9	0.00212849	0.000145061
XR_003317994.3	1629	1449.9	0	0
XR_003317998.3	562	382.98	0	0
XR_003318006.3	493	314.154	0	0
XR_003318007.3	768	588.98	0	0
XR_003318025.3	2937	2757.9	0	0
XR_003318039.3	1566	1386.9	0	0
XR_003318045.2	459	280.391	0	0
XR_003318046.1	136	30.5226	0	0
XR_003318047.1	107	21.8211	0	0
XR_003318048.2	379	201.901	0	0
XR_003318049.1	107	21.8211	0	0
XR_003318050.1	107	21.8211	0	0
XR_003318051.1	107	21.8211	0	0
XR_003318052.2	105	21.2604	0	0
XR_003318053.1	107	21.8211	0	0
XR_003318054.1	103	20.9391	0	0
XR_003318055.1	107	21.8211	0	0
XR_003318056.1	107	21.8211	0	0
XR_003318057.1	106	21.6114	0	0
XR_003318058.1	105	21.2604	0	0
XR_003318059.1	106	21.6114	0	0
XR_003318060.2	103	20.9391	0	0
XR_003318061.1	108	22.2964	0	0
XR_003318062.1	109	22.5928	0	0
XR_003318063.1	103	20.9391	0	0
XR_003318064.1	107	21.8211	0	0
XR_003318065.1	102	20.7435	0	0
XR_003318067.1	135	30.1724	0	0
XR_003318068.1	68	11.7574	0	0
XR_003318069.2	131	28.9154	0	0
XR_003318070.2	129	28.3594	0	0
XR_003318071.2	191	54.0605	0	0
XR_003318072.1	83	15.9047	1	26.9954
XR_003318073.1	82	15.3939	0	0
XR_003318074.1	104	21.0859	0	0
XR_003318075.1	141	32.4707	0	0
XR_003318094.3	1922	1742.9	0	0
XR_003318102.3	4955	4775.9	0	0
XR_003318106.3	19830	19650.9	0	0
XR_003318109.3	1857	1677.9	2	0.511772
XR_003318133.3	15216	15036.9	4.10375	0.117175
XR_003318143.3	7208	7028.9	0	0
XR_003318153.3	688	508.98	0	0
XR_003318167.3	42539	42359.9	16.1868	0.164067
XR_003318193.2	107	21.8211	0.415584	8.17702
XR_003318194.2	104	21.0859	0	0
XR_003318195.1	105	21.2604	0	0
XR_003318196.1	102	20.7435	0	0
XR_003318197.2	107	21.8211	0	0
XR_003318198.2	108	22.2964	0	0
XR_003318199.1	108	22.2964	0	0
XR_003318200.1	103	20.9391	0	0
XR_003318201.2	152	36.668	0	0
XR_003318202.1	142	32.9306	0	0
XR_003318203.1	122	26.325	0	0
XR_003318204.2	128	28.013	0	0
XR_003318205.1	123	26.5166	0	0
XR_003318207.1	81	15.1218	0	0
XR_003318208.1	70	11.9241	0	0
XR_003318209.1	104	21.0859	0	0
XR_003318210.1	105	21.2604	0	0
XR_003318211.1	190	53.5891	0	0
XR_003318222.3	2259	2079.9	129.754	26.7849
XR_003318229.3	2375	2195.9	0	0
XR_003318230.3	2494	2314.9	1	0.185473
XR_003318231.3	1302	1122.9	0	0
XR_003318233.3	1252	1072.9	0	0
XR_003318243.3	4988	4808.9	0	0
XR_003318244.3	40609	40429.9	24.0826	0.255749
XR_003318245.3	2651	2471.9	7	1.21585
XR_003318252.3	697	517.98	0	0
XR_003318279.3	574	394.98	0	0
XR_003318281.3	2507	2327.9	0	0
XR_003318282.3	8941	8761.9	1.00645	0.049318
XR_003318286.3	3969	3789.9	0	0
XR_003318292.3	1284	1104.9	0	0
XR_003318300.3	2868	2688.9	0	0
XR_003318345.3	3956	3776.9	1	0.113678
XR_003318351.1	107	21.8211	0	0
XR_003318352.1	107	21.8211	0	0
XR_003318353.1	107	21.8211	0	0
XR_003318354.1	107	21.8211	0	0
XR_003318355.1	107	21.8211	0	0
XR_003318356.1	110	22.9176	0	0
XR_003318357.1	103	20.9391	0	0
XR_003318358.2	106	21.6114	0	0
XR_003318359.1	102	20.7435	0	0
XR_003318360.1	107	21.8211	0	0
XR_003318361.2	110	22.9176	0	0
XR_003318362.1	106	21.6114	0	0
XR_003318363.1	102	20.7435	0	0
XR_003318364.1	104	21.0859	0	0
XR_003318365.2	104	21.0859	0	0
XR_003318366.1	103	20.9391	0	0
XR_003318367.1	104	21.0859	0	0
XR_003318368.2	104	21.0859	0	0
XR_003318369.1	182	49.2707	0	0
XR_003318370.1	71	12.0391	0	0
XR_003318371.1	70	11.9241	0	0
XR_003318372.2	136	30.5226	0	0
XR_003318373.1	129	28.3594	0	0
XR_003318374.1	104	21.0859	0	0
XR_003318375.1	147	34.8176	0	0
XR_003318376.2	107	21.8211	0	0
XR_003318385.3	529	350.091	0	0
XR_003318392.3	1563	1383.9	2	0.620494
XR_003318396.3	4065	3885.9	0	0
XR_003318406.3	1681	1501.9	0	0
XR_003318408.2	338	163.695	0	0
XR_003318413.3	1767	1587.9	0	0
XR_003318436.3	2629	2449.9	0	0
XR_003318447.3	989	809.905	0	0
XR_003318476.3	651	471.98	1	0.909682
XR_003318480.3	4071	3891.9	5	0.551596
XR_003318484.3	362	185.777	0	0
XR_003318491.3	2217	2037.9	2	0.421366
XR_003318493.3	2290	2110.9	0	0
XR_003318506.3	527	348.091	0	0
XR_003318508.3	4338	4158.9	0	0
XR_003318512.3	14738	14558.9	12.1166	0.357327
XR_003318547.3	3383	3203.9	0	0
XR_003318551.3	3873	3693.9	2	0.232465
XR_003318562.2	107	21.8211	0	0
XR_003318563.1	107	21.8211	0	0
XR_003318564.1	107	21.8211	0	0
XR_003318565.2	106	21.6114	0	0
XR_003318566.1	104	21.0859	0	0
XR_003318567.1	106	21.6114	0	0
XR_003318568.1	107	21.8211	0	0
XR_003318569.2	104	21.0859	0	0
XR_003318570.1	164	41.3129	0	0
XR_003318571.1	79	14.7481	0	0
XR_003318572.1	201	59.6973	0	0
XR_003318573.1	75	13.3614	0	0
XR_003318574.1	67	11.4974	1	37.3435
XR_003318575.1	134	29.9638	0	0
XR_003318576.1	68	11.7574	0	0
XR_003318577.1	104	21.0859	0	0
XR_003318578.1	163	40.9071	0	0
XR_003318579.1	107	21.8211	0.415584	8.17702
XR_003318585.3	862	682.98	0	0
XR_003318593.3	1278	1098.9	0	0
XR_003318595.3	678	498.98	0.0689351	0.0593158
XR_003318605.3	3337	3157.9	6	0.815766
XR_003318656.3	3901	3721.9	0	0
XR_003318687.3	1769	1589.9	1.35183	0.36506
XR_003318688.3	207	63.0744	2	13.6141
XR_003318689.3	2190	2010.9	0	0
XR_003318696.3	4820	4640.9	0	0
XR_003318708.3	7408	7228.9	0	0
XR_003318713.3	2143	1963.9	8.01754	1.75281
XR_003318715.3	7223	7043.9	0	0
XR_003318722.3	7367	7187.9	0	0
XR_003318724.3	6346	6166.9	19.9825	1.39122
XR_003318727.3	2510	2330.9	0	0
XR_003318731.3	2012	1832.9	1.267	0.29679
XR_003318732.3	1897	1717.9	0	0
XR_003318746.1	105	21.2604	0	0
XR_003318748.1	107	21.8211	0	0
XR_003318749.1	103	20.9391	0	0
XR_003318750.2	109	22.5928	0	0
XR_003318751.1	107	21.8211	0	0
XR_003318752.2	102	20.7435	0	0
XR_003318754.1	107	21.8211	0	0
XR_003318755.2	106	21.6114	0	0
XR_003318757.1	124	26.7761	0	0
XR_003318758.1	104	21.0859	20.7188	421.877
XR_003318774.3	903	723.98	0	0
XR_003318777.3	378	200.901	0	0
XR_003318780.3	3399	3219.9	0	0
XR_003318792.3	2148	1968.9	0	0
XR_003318833.3	820	640.98	0	0
XR_003318839.3	1131	951.905	8.3723	3.77628
XR_003318843.3	694	514.98	0	0
XR_003318844.1	161	40.1107	0	0
XR_003318845.1	149	35.5475	0	0
XR_003318846.1	116	24.694	0	0
XR_003318847.1	116	24.694	0	0
XR_003318848.1	107	21.8211	0	0
XR_003318849.1	109	22.5928	0	0
XR_003318850.1	107	21.8211	0	0
XR_003318851.1	107	21.8211	0	0
XR_003318852.2	107	21.8211	0	0
XR_003318853.2	107	21.8211	0	0
XR_003318854.1	110	22.9176	0	0
XR_003318855.1	103	20.9391	0	0
XR_003318856.1	107	21.8211	0	0
XR_003318857.2	103	20.9391	0	0
XR_003318858.1	103	20.9391	0	0
XR_003318859.1	153	37.0815	0	0
XR_003318860.1	122	26.325	0	0
XR_003318861.1	122	26.325	0	0
XR_003318864.2	858	678.98	0	0
XR_003318865.3	2974	2794.9	0	0
XR_003318878.3	22792	22612.9	0	0
XR_003318887.3	5593	5413.9	0	0
XR_003318904.3	1241	1061.9	3.59968	1.45543
XR_003318908.2	312	140.373	0	0
XR_003318916.2	853	673.98	0	0
XR_003318922.3	728	548.98	0	0
XR_003318930.3	4326	4146.9	28.0701	2.90625
XR_003318932.3	1594	1414.9	1.33563	0.405295
XR_003318936.3	1511	1331.9	0	0
XR_003318938.3	1464	1284.9	33	11.027
XR_003318950.2	1703	1523.9	0	0
XR_003318961.3	873	693.98	0	0
XR_003318973.3	2501	2321.9	9.78251	1.80892
XR_003318978.3	2169	1989.9	0	0
XR_003318983.3	1112	932.905	19.0054	8.7469
XR_003318997.3	2743	2563.9	11	1.84206
XR_003319008.1	117	24.9935	0	0
XR_003319009.1	107	21.8211	0	0
XR_003319010.1	107	21.8211	0	0
XR_003319011.2	107	21.8211	0	0
XR_003319012.1	107	21.8211	0	0
XR_003319013.1	107	21.8211	0	0
XR_003319014.2	107	21.8211	0	0
XR_003319015.1	108	22.2964	0	0
XR_003319016.1	107	21.8211	0	0
XR_003319017.1	106	21.6114	0	0
XR_003319018.1	111	23.0653	0	0
XR_003319019.1	127	27.6742	0	0
XR_003319020.1	77	14.2636	0	0
XR_003319021.1	84	16.2892	1	26.3581
XR_003319022.1	133	29.6338	0	0
XR_003319023.1	77	14.2636	0	0
XR_003319024.1	80	15.1305	2	56.753
XR_003319025.1	61	9.59055	1	44.7682
XR_003319026.2	80	15.1305	1	28.3765
XR_003319027.1	157	38.6882	0	0
XR_003319028.1	141	32.4707	0	0
XR_003319029.1	68	11.7574	0	0
XR_003319030.1	65	11.0798	2	77.5021
XR_003319031.1	62	10.1579	0	0
XR_003319041.3	1811	1631.9	5.02525	1.32214
XR_003319050.3	71658	71478.9	52.3228	0.314287
XR_003319080.3	4703	4523.9	5	0.474537
XR_003319082.3	547	368.056	0	0
XR_003319084.3	6416	6236.9	2	0.137681
XR_003319085.3	2708	2528.9	2	0.339556
XR_003319097.2	562	382.98	0	0
XR_003319106.3	1594	1414.9	0	0
XR_003319126.1	107	21.8211	0	0
XR_003319127.2	110	22.9176	0	0
XR_003319128.2	106	21.6114	0	0
XR_003319129.1	108	22.2964	0	0
XR_003319130.1	107	21.8211	0	0
XR_003319131.2	107	21.8211	0	0
XR_003319132.1	102	20.7435	0	0
XR_003319133.1	107	21.8211	0	0
XR_003319134.1	103	20.9391	0	0
XR_003319135.1	107	21.8211	0	0
XR_003319136.1	107	21.8211	0	0
XR_003319137.1	95	19.1614	0	0
XR_003319138.1	151	36.277	0	0
XR_003319139.1	131	28.9154	0	0
XR_003319140.1	132	29.2771	0	0
XR_003319141.2	164	41.3129	0	0
XR_003319142.1	163	40.9071	0	0
XR_003319154.3	2311	2131.9	0	0
XR_003319156.3	9615	9435.9	3	0.136506
XR_003319206.3	8642	8462.9	11.7558	0.596414
XR_003319230.1	107	21.8211	0	0
XR_003319231.1	102	20.7435	0	0
XR_003319232.1	105	21.2604	0	0
XR_003319233.1	107	21.8211	0	0
XR_003319234.1	106	21.6114	0	0
XR_003319235.1	104	21.0859	0	0
XR_003319236.1	103	20.9391	0	0
XR_003319237.1	108	22.2964	0	0
XR_003319238.2	103	20.9391	0	0
XR_003319239.1	107	21.8211	0	0
XR_003319240.1	105	21.2604	0	0
XR_003319241.1	105	21.2604	0	0
XR_003319242.1	148	35.19	0	0
XR_003319243.2	94	18.8811	0	0
XR_003319244.2	126	27.381	0	0
XR_003319245.1	101	20.4711	0	0
XR_003319246.2	145	34.0456	0	0
XR_003319247.1	107	21.8211	0	0
XR_003319248.1	107	21.8211	0	0
XR_003319267.3	9743	9563.9	19.4946	0.875171
XR_003319272.3	457	278.419	1	1.54211
XR_003319295.3	10653	10473.9	1.16807	0.0478822
XR_003319296.3	5734	5554.9	0	0
XR_003319299.3	5677	5497.9	0	0
XR_003319320.2	1453	1273.9	3.01905	1.01753
XR_003319321.2	1300	1120.9	0	0
XR_003319331.3	3169	2989.9	0	0
XR_003319334.3	9025	8845.9	0	0
XR_003319337.3	8918	8738.9	0	0
XR_003319345.3	387	209.652	1	2.04792
XR_003319346.3	477	298.277	0	0
XR_003319397.3	2508	2328.9	9	1.65922
XR_003319398.3	1349	1169.9	0	0
XR_003319399.3	266	102.671	0	0
XR_003319401.1	163	40.9071	0	0
XR_003319402.1	106	21.6114	0	0
XR_003319403.2	67	11.4974	0	0
XR_003319404.1	81	15.1218	0	0
XR_003319405.1	81	15.1218	0	0
XR_003319406.1	81	15.1218	0	0
XR_003319407.2	81	15.1218	0	0
XR_003319408.1	81	15.1218	0	0
XR_003319409.1	82	15.3939	0	0
XR_003319410.1	81	15.1218	0	0
XR_003319411.1	108	22.2964	0	0
XR_003319412.1	95	19.1614	0	0
XR_003319413.1	95	19.1614	0	0
XR_003319414.1	95	19.1614	0	0
XR_003319415.1	95	19.1614	0	0
XR_003319416.1	95	19.1614	0	0
XR_003319417.1	95	19.1614	0	0
XR_003319418.1	95	19.1614	0	0
XR_003319419.1	95	19.1614	0	0
XR_003319420.1	107	21.8211	0	0
XR_003319421.1	95	19.1614	0	0
XR_003319422.1	95	19.1614	0	0
XR_003319423.1	95	19.1614	0	0
XR_003319424.2	95	19.1614	0	0
XR_003319425.1	95	19.1614	0	0
XR_003319426.1	93	18.5934	0	0
XR_003319427.1	95	19.1614	0	0
XR_003319428.1	93	18.5934	0	0
XR_003319429.1	93	18.5934	0	0
XR_003319430.2	93	18.5934	0	0
XR_003319431.1	103	20.9391	0	0
XR_003319432.1	127	27.6742	0	0
XR_003319433.1	67	11.4974	0	0
XR_003319434.1	71	12.0391	0	0
XR_003319435.1	73	12.3932	0	0
XR_003319436.1	67	11.4974	0	0
XR_003319437.1	67	11.4974	0	0
XR_003319438.1	107	21.8211	0	0
XR_003319441.3	1189	1009.9	0	0
XR_003319457.3	14109	13929.9	2	0.0616446
XR_003319494.2	368	191.493	0	0
XR_003319503.3	878	698.98	0	0
XR_003319508.3	5891	5711.9	0	0
XR_003319512.2	1674	1494.9	0	0
XR_003319546.3	1407	1227.9	1	0.349662
XR_003319557.3	1625	1445.9	0	0
XR_003319561.3	2449	2269.9	0	0
XR_003319565.3	3711	3531.9	0	0
XR_003319566.1	109	22.5928	0	0
XR_003319567.1	103	20.9391	0	0
XR_003319568.1	104	21.0859	0	0
XR_003319569.3	481	302.247	2	2.84107
XR_003319570.1	102	20.7435	0	0
XR_003319571.1	109	22.5928	0	0
XR_003319572.1	103	20.9391	0	0
XR_003319573.1	107	21.8211	0	0
XR_003319574.1	107	21.8211	0	0
XR_003319575.1	107	21.8211	0	0
XR_003319576.2	126	27.381	0	0
XR_003319577.1	107	21.8211	0	0
XR_003319578.1	107	21.8211	0	0
XR_003319579.1	107	21.8211	0	0
XR_003319600.3	4886	4706.9	1	0.0912175
XR_003319638.3	2986	2806.9	0	0
XR_003319639.3	1961	1781.9	1	0.240951
XR_003319645.3	651	471.98	0	0
XR_003319655.3	970	790.905	0	0
XR_003319659.3	15433	15253.9	0	0
XR_003319690.3	890	710.98	0	0
XR_003319705.2	974	794.905	0	0
XR_003319710.3	754	574.98	3	2.24017
XR_003319728.1	107	21.8211	0	0
XR_003319729.1	103	20.9391	0	0
XR_003319730.1	122	26.325	0	0
XR_003319731.2	103	20.9391	0	0
XR_003319732.1	103	20.9391	0	0
XR_003319733.1	103	20.9391	0	0
XR_003319758.3	1251	1071.9	0	0
XR_003319767.3	2658	2478.9	0	0
XR_003319828.3	2172	1992.9	0	0
XR_003319829.3	1136	956.905	0	0
XR_003319830.3	540	361.056	0	0
XR_003319845.1	134	29.9638	0	0
XR_003319846.1	118	25.346	0	0
XR_003319847.1	112	23.6052	0	0
XR_003319848.1	104	21.0859	0	0
XR_003319849.1	107	21.8211	0	0
XR_003319852.1	109	22.5928	0	0
XR_003319853.1	103	20.9391	0	0
XR_003319855.1	105	21.2604	0	0
XR_003319856.1	107	21.8211	0	0
XR_003319857.1	132	29.2771	0	0
XR_003319858.1	127	27.6742	0	0
XR_003319859.1	191	54.0605	0	0
XR_003319882.3	6471	6291.9	1	0.0682388
XR_003319891.3	1929	1749.9	0.0245387	0.00602075
XR_003319899.3	9135	8955.9	0	0
XR_003319909.3	6245	6065.9	0	0
XR_003319924.1	107	21.8211	0	0
XR_003319925.1	104	21.0859	0	0
XR_003319926.2	107	21.8211	0	0
XR_003319927.1	107	21.8211	0	0
XR_003319928.1	104	21.0859	0	0
XR_003319929.1	102	20.7435	0	0
XR_003319930.1	106	21.6114	0	0
XR_003319931.1	72	12.0466	0	0
XR_003319932.1	169	43.4608	0	0
XR_003319933.1	134	29.9638	0	0
XR_003319934.1	133	29.6338	0	0
XR_003319935.1	109	22.5928	0	0
XR_003319936.1	107	21.8211	0	0
XR_003319944.3	1117	937.905	0	0
XR_003319963.3	1398	1218.9	0	0
XR_003319974.3	926	746.98	2	1.14957
XR_003319977.3	1650	1470.9	1	0.291897
XR_003319978.3	2417	2237.9	3	0.575563
XR_003319981.3	2560	2380.9	41.9263	7.56063
XR_003319984.3	3873	3693.9	0	0
XR_003319999.3	3548	3368.9	0	0
XR_003320006.3	2736	2556.9	8.86635	1.48883
XR_003320031.3	1054	874.905	0	0
XR_003320032.3	2856	2676.9	2	0.320782
XR_003320040.3	460	281.391	0	0
XR_003320057.3	4535	4355.9	24.6358	2.42829
XR_003320060.3	572	392.98	0	0
XR_003320066.3	490	311.186	14	19.3162
XR_003320067.3	1906	1726.9	33.0238	8.21054
XR_003320069.3	4240	4060.9	8.65346	0.914914
XR_003320088.3	1583	1403.9	4.03731	1.23472
XR_003320089.3	4224	4044.9	0	0
XR_003320095.3	3111	2931.9	3.73841	0.547458
XR_003320101.3	974	794.905	0	0
XR_003320102.1	114	24.2283	0	0
XR_003320103.1	107	21.8211	0	0
XR_003320104.1	105	21.2604	0	0
XR_003320105.1	107	21.8211	0	0
XR_003320106.1	107	21.8211	0	0
XR_003320107.1	107	21.8211	0	0
XR_003320108.1	107	21.8211	0	0
XR_003320109.1	104	21.0859	0	0
XR_003320110.1	106	21.6114	0	0
XR_003320111.1	107	21.8211	0	0
XR_003320112.1	105	21.2604	0	0
XR_003320113.1	104	21.0859	0	0
XR_003320114.1	108	22.2964	0	0
XR_003320115.1	105	21.2604	0	0
XR_003320116.2	132	29.2771	0	0
XR_003320117.1	71	12.0391	0	0
XR_003320118.2	108	22.2964	0	0
XR_003320119.1	135	30.1724	0	0
XR_003320120.2	191	54.0605	9.61364	76.3521
XR_003320121.1	148	35.19	0	0
XR_003320122.2	70	11.9241	0	0
XR_003320123.2	80	15.1305	0	0
XR_003320124.2	134	29.9638	0	0
XR_003320125.1	104	21.0859	0	0
XR_003320126.1	104	21.0859	0	0
XR_003320127.2	192	54.5667	0	0
XR_003320131.3	415	237.049	0	0
XR_003320185.3	319	146.587	0	0
XR_003320190.3	11962	11782.9	1.05013	0.0382652
XR_003320199.3	3254	3074.9	0	0
XR_003320200.3	3096	2916.9	2	0.294389
XR_003320203.3	893	713.98	0	0
XR_003320205.1	119	25.5681	0	0
XR_003320207.2	106	21.6114	0	0
XR_003320208.1	107	21.8211	0	0
XR_003320209.1	103	20.9391	0	0
XR_003320210.1	107	21.8211	0	0
XR_003320211.2	107	21.8211	0	0
XR_003320213.1	108	22.2964	0	0
XR_003320214.2	107	21.8211	0	0
XR_003320215.1	105	21.2604	0	0
XR_003320216.1	104	21.0859	0	0
XR_003320218.2	110	22.9176	0	0
XR_003320219.1	104	21.0859	0	0
XR_003320220.1	102	20.7435	0	0
XR_003320221.1	107	21.8211	0	0
XR_003320222.2	104	21.0859	0	0
XR_003320224.1	59	9.56863	0	0
XR_003320225.1	70	11.9241	0	0
XR_003320226.1	80	15.1305	0	0
XR_003320227.1	121	26.071	0	0
XR_003320229.1	104	21.0859	0	0
XR_003320230.1	107	21.8211	0	0
XR_003320272.3	487	308.217	0	0
XR_003320287.3	1900	1720.9	0	0
XR_003320290.2	431	252.732	0	0
XR_003320294.3	886	706.98	1	0.607304
XR_003320313.3	1568	1388.9	0	0
XR_003320316.1	107	21.8211	0.857143	16.8651
XR_003320317.1	107	21.8211	0.857143	16.8651
XR_003320318.1	107	21.8211	0	0
XR_003320319.1	107	21.8211	0	0
XR_003320320.1	107	21.8211	0	0
XR_003320321.1	107	21.8211	0	0
XR_003320322.1	107	21.8211	0	0
XR_003320323.1	104	21.0859	0	0
XR_003320324.1	104	21.0859	0	0
XR_003320325.1	107	21.8211	0	0
XR_003320326.1	107	21.8211	0	0
XR_003320327.1	155	37.7994	0	0
XR_003320328.2	134	29.9638	0	0
XR_003320329.1	146	34.4295	0	0
XR_003320330.1	145	34.0456	0	0
XR_003320331.1	130	28.6783	0	0
XR_003320332.1	86	16.9009	0	0
XR_003320333.1	150	35.9293	0	0
XR_003320334.2	136	30.5226	0	0
XR_003320360.3	430	251.782	0	0
XR_003320380.3	3028	2848.9	0	0
XR_003320381.3	1830	1650.9	8.07399e-06	2.09981e-06
XR_003320382.3	2990	2810.9	0	0
XR_003320391.3	2703	2523.9	0.00148232	0.000252164
XR_003320393.3	2717	2537.9	1.08609e-06	1.8374e-07
XR_003320422.3	2100	1920.9	3.32321	0.74279
XR_003320431.2	1149	969.905	1	0.442674
XR_003320439.3	4227	4047.9	0	0
XR_003320441.1	108	22.2964	0	0
XR_003320442.1	103	20.9391	0	0
XR_003320443.1	110	22.9176	0	0
XR_003320444.1	74	12.7179	0	0
XR_003320445.1	73	12.3932	0	0
XR_003320446.1	67	11.4974	0	0
XR_003320447.1	75	13.3614	0	0
XR_003320448.1	132	29.2771	0	0
XR_003320449.1	85	16.7132	0	0
XR_003320450.1	77	14.2636	0	0
XR_003320451.1	129	28.3594	1	15.1397
XR_003320452.1	111	23.0653	0	0
XR_003320453.1	126	27.381	0	0
XR_003320454.2	113	23.9425	0	0
XR_003320455.2	104	21.0859	0	0
XR_003320456.1	107	21.8211	0	0
XR_003320464.3	801	621.98	1	0.690298
XR_003320487.3	2453	2273.9	0	0
XR_003320490.3	1203	1023.9	3.70313	1.55283
XR_003320498.3	401	223.304	0	0
XR_003320499.3	1037	857.905	0	0
XR_003320513.1	103	20.9391	0	0
XR_003320514.1	106	21.6114	0	0
XR_003320515.1	104	21.0859	0	0
XR_003320516.1	187	51.9511	0	0
XR_003320521.3	2963	2783.9	33.229	5.1248
XR_003320567.3	3400	3220.9	17.938	2.39116
XR_003320572.3	2436	2256.9	0	0
XR_003320577.3	1453	1273.9	0	0
XR_003320578.3	705	525.98	0	0
XR_003320582.3	3134	2954.9	0	0
XR_003320596.3	3419	3239.9	1.42468	0.188798
XR_003320597.1	141	32.4707	0	0
XR_003320598.1	102	20.7435	0	0
XR_003320599.1	106	21.6114	0	0
XR_003320600.1	109	22.5928	0	0
XR_003320601.1	105	21.2604	0	0
XR_003320602.1	135	30.1724	0	0
XR_003320603.1	127	27.6742	0	0
XR_003320604.2	133	29.6338	0	0
XR_003320605.1	103	20.9391	0	0
XR_003320606.2	191	54.0605	0	0
XR_003320607.1	141	32.4707	2	26.4455
XR_003320608.3	1530	1350.9	1	0.317825
XR_003320614.3	4997	4817.9	9	0.802043
XR_003320615.3	2462	2282.9	0	0
XR_003320616.2	104	21.0859	0	0
XR_003320618.2	104	21.0859	0	0
XR_003320620.3	5769	5589.9	8	0.614468
XR_003320622.1	104	21.0859	0	0
XR_003320623.3	559	380.018	0	0
XR_003320625.1	157	38.6882	0	0
XR_003320630.3	4044	3864.9	0	0
XR_003320641.1	155	37.7994	0	0
XR_003320644.1	135	30.1724	0	0
XR_003320645.2	137	30.9317	0	0
XR_003320647.1	125	27.0609	0	0
XR_003320648.1	140	32.1079	0	0
XR_003320649.3	2554	2374.9	25.1619	4.54894
XR_003320654.1	132	29.2771	0	0
XR_003320657.3	2177	1997.9	0.300504	0.0645787
XR_003320658.3	1525	1345.9	1.53762	0.490512
XR_003320660.1	137	30.9317	0	0
XR_003320662.3	875	695.98	0	0
XR_003320663.1	71	12.0391	0	0
XR_003320675.2	1143	963.905	0	0
XR_003320679.3	7685	7505.9	0	0
XR_003320681.1	127	27.6742	0	0
XR_003320682.1	103	20.9391	0	0
XR_003320684.1	106	21.6114	0	0
XR_003320686.1	101	20.4711	0	0
XR_003320687.1	139	31.6863	0	0
XR_003320689.1	69	12.0981	0	0
XR_003320693.1	191	54.0605	0	0
XR_003320694.1	191	54.0605	0	0
XR_003320695.3	484	305.217	0	0
XR_003320696.1	183	49.842	0	0
XR_003320705.1	150	35.9293	0	0
XR_003320708.1	215	67.7589	0	0
XR_003320712.3	6563	6383.9	0	0
XR_003320714.3	3218	3038.9	0	0
XR_003320718.1	107	21.8211	0	0
XR_003320720.1	107	21.8211	0	0
XR_003320721.3	6217	6037.9	112.043	7.96734
XR_003320722.1	107	21.8211	0	0
XR_003320724.1	107	21.8211	0	0
XR_003320726.2	107	21.8211	0	0
XR_003320729.1	107	21.8211	0	0
XR_003320733.1	107	21.8211	0	0
XR_003320737.3	2427	2247.9	1	0.191001
XR_003320741.1	107	21.8211	0	0
XR_003320744.3	1831	1651.9	1	0.259913
XR_003320745.1	103	20.9391	0	0
XR_003320749.1	107	21.8211	0	0
XR_003320751.3	1209	1029.9	4	1.66754
XR_003320752.1	105	21.2604	0	0
XR_003320753.3	902	722.98	0	0
XR_003320759.2	107	21.8211	0	0
XR_003320764.1	104	21.0859	0	0
XR_003320765.1	160	39.8724	0	0
XR_003320766.1	73	12.3932	0	0
XR_003320767.1	75	13.3614	0	0
XR_003320768.1	72	12.0466	0	0
XR_003320769.1	78	14.4541	0	0
XR_003320770.1	72	12.0466	0	0
XR_003320771.2	106	21.6114	0	0
XR_003320772.1	75	13.3614	0	0
XR_003320773.1	72	12.0466	0	0
XR_003320774.1	72	12.0466	0	0
XR_003320775.1	109	22.5928	0	0
XR_003320776.2	77	14.2636	0	0
XR_003320777.1	75	13.3614	0	0
XR_003320778.2	74	12.7179	0	0
XR_003320779.1	72	12.0466	0	0
XR_003320780.1	73	12.3932	0	0
XR_003320781.1	72	12.0466	0	0
XR_003320782.1	73	12.3932	0	0
XR_003320783.1	107	21.8211	0	0
XR_003320784.1	74	12.7179	0	0
XR_003320785.1	274	109.184	65	255.603
XR_003320786.1	124	26.7761	0	0
XR_003320787.1	130	28.6783	0	0
XR_003320788.1	77	14.2636	0	0
XR_003320789.1	105	21.2604	0	0
XR_003320790.2	104	21.0859	0	0
XR_003320791.1	107	21.8211	0	0
XR_003320792.2	107	21.8211	0	0
XR_003320793.2	107	21.8211	0	0
XR_003320794.1	75	13.3614	0	0
XR_003320795.1	72	12.0466	0	0
XR_003320796.1	187	51.9511	0	0
XR_003320797.1	72	12.0466	0	0
XR_003320798.1	76	13.6147	0	0
XR_003320799.2	104	21.0859	0	0
XR_003320800.1	75	13.3614	0	0
XR_003320801.1	75	13.3614	0	0
XR_003320802.1	72	12.0466	0	0
XR_003320803.1	75	13.3614	0	0
XR_003320804.1	75	13.3614	0	0
XR_003320805.1	72	12.0466	1	35.6409
XR_003320806.1	75	13.3614	0	0
XR_003320807.1	72	12.0466	0	0
XR_003320808.1	72	12.0466	0	0
XR_003320809.1	103	20.9391	0	0
XR_003320810.1	75	13.3614	0	0
XR_003320811.1	72	12.0466	0	0
XR_003320812.1	75	13.3614	0	0
XR_003320813.1	72	12.0466	0	0
XR_003320814.1	75	13.3614	0	0
XR_003320815.2	75	13.3614	0	0
XR_003320816.1	78	14.4541	0	0
XR_003320817.1	75	13.3614	0	0
XR_003320818.1	75	13.3614	0	0
XR_003320819.1	107	21.8211	0	0
XR_003320820.1	103	20.9391	0	0
XR_003320821.1	72	12.0466	0	0
XR_003320822.1	72	12.0466	0	0
XR_003320823.1	74	12.7179	0	0
XR_003320824.1	73	12.3932	0	0
XR_003320825.1	75	13.3614	0	0
XR_003320826.1	74	12.7179	0	0
XR_003320827.1	75	13.3614	0	0
XR_003320828.1	103	20.9391	0	0
XR_003320829.1	107	21.8211	0	0
XR_003320830.1	73	12.3932	0	0
XR_003320831.1	74	12.7179	0	0
XR_003320832.1	75	13.3614	0	0
XR_003320833.1	75	13.3614	0	0
XR_003320834.1	75	13.3614	0	0
XR_003320835.1	106	21.6114	0	0
XR_003320836.1	103	20.9391	0	0
XR_003320837.1	104	21.0859	0	0
XR_003320838.1	103	20.9391	0	0
XR_003320839.1	105	21.2604	0	0
XR_003320840.2	102	20.7435	0	0
XR_003320841.1	106	21.6114	0	0
XR_003320842.1	107	21.8211	0	0
XR_003320846.2	102	20.7435	0	0
XR_003320856.3	1692	1512.9	0.126487	0.0358961
XR_003320874.3	1584	1404.9	0	0
XR_003320881.3	3469	3289.9	4	0.522024
XR_003320900.2	1562	1382.9	3	0.931413
XR_003320912.3	4115	3935.9	0	0
XR_003320913.3	1635	1455.9	0	0
XR_003320914.3	536	357.056	2	2.40496
XR_003320917.3	1310	1130.9	1	0.379654
XR_003320931.3	7584	7404.9	14.1002	0.817556
XR_003320941.2	186	51.4338	0	0
XR_003320947.3	1055	875.905	0	0
XR_003320950.3	8991	8811.9	15.0097	0.731334
XR_003320953.3	2757	2577.9	1	0.166551
XR_003320966.3	6809	6629.9	0	0
XR_003320968.3	1388	1208.9	0	0
XR_003320975.3	1441	1261.9	0	0
XR_003320994.2	107	21.8211	0	0
XR_003320995.1	107	21.8211	0	0
XR_003320996.1	107	21.8211	0	0
XR_003320997.1	140	32.1079	0	0
XR_003320998.1	134	29.9638	0	0
XR_003320999.2	129	28.3594	0	0
XR_003321000.2	133	29.6338	0	0
XR_003321001.1	108	22.2964	0	0
XR_003321002.1	107	21.8211	0	0
XR_003321003.1	107	21.8211	0	0
XR_003321004.1	105	21.2604	0	0
XR_003321005.3	451	272.446	99.8629	157.376
XR_003321006.3	709	529.98	0	0
XR_003321023.3	1113	933.905	5	2.29869
XR_003321024.3	568	388.98	3	3.31137
XR_003321037.1	81	15.1218	0	0
XR_003321038.1	130	28.6783	0	0
XR_003321039.1	130	28.6783	0	0
XR_003321040.1	89	17.7159	0	0
XR_003321041.1	133	29.6338	0	0
XR_003321042.1	67	11.4974	1	37.3435
XR_003321043.2	108	22.2964	0	0
XR_003321044.1	104	21.0859	0	0
XR_003321045.2	104	21.0859	0	0
XR_003321064.3	734	554.98	0	0
XR_003321086.3	636	456.98	62	58.2516
XR_003321087.3	3037	2857.9	36	5.40839
XR_003321128.3	1256	1076.9	0.992141	0.395558
XR_003321130.3	1456	1276.9	0	0
XR_003321144.3	2919	2739.9	3	0.47011
XR_003321158.3	691	511.98	0	0
XR_003321161.1	160	39.8724	0	0
XR_003321162.1	107	21.8211	0	0
XR_003321163.1	107	21.8211	0	0
XR_003321164.2	105	21.2604	0	0
XR_003321165.1	109	22.5928	0	0
XR_003321166.1	107	21.8211	0	0
XR_003321167.1	107	21.8211	0	0
XR_003321168.1	102	20.7435	0	0
XR_003321169.2	205	61.9889	0	0
XR_003321170.1	205	61.9889	41	283.977
XR_003321171.1	78	14.4541	0	0
XR_003321172.1	107	21.8211	0	0
XR_003321173.1	83	15.9047	0	0
XR_003321174.1	83	15.9047	0	0
XR_003321175.1	135	30.1724	0	0
XR_003321176.2	131	28.9154	0	0
XR_003321177.1	134	29.9638	0	0
XR_003321178.1	135	30.1724	2	28.4599
XR_003321179.1	134	29.9638	0	0
XR_003321180.1	166	42.0382	0	0
XR_003321181.1	78	14.4541	0	0
XR_003321182.2	107	21.8211	0	0
XR_003321183.1	74	12.7179	1	33.7595
XR_003321184.1	104	21.0859	0	0
XR_003321185.2	101	20.4711	0	0
XR_003321186.1	107	21.8211	0	0
XR_003321187.2	107	21.8211	0	0
XR_003321215.3	4164	3984.9	1.35203	0.145674
XR_003321223.3	422	243.857	0.999973	1.76063
XR_003321231.3	1901	1721.9	0	0
XR_003321247.3	923	743.98	0	0
XR_003321272.1	107	21.8211	0	0
XR_003321273.1	107	21.8211	0	0
XR_003321274.1	132	29.2771	0	0
XR_003321275.2	141	32.4707	0	0
XR_003321276.1	103	20.9391	0	0
XR_003321277.1	107	21.8211	0	0
XR_003321281.3	812	632.98	0	0
XR_003321283.3	1381	1201.9	4.72331	1.68729
XR_003321304.3	1698	1518.9	18	5.0881
XR_003321306.3	1084	904.905	0	0
XR_003321308.3	1069	889.905	0	0
XR_003321321.3	494	315.154	0	0
XR_003321327.3	3150	2970.9	0	0
XR_003321330.3	3891	3711.9	0	0
XR_003321344.3	4816	4636.9	5.02812	0.465576
XR_003321356.3	809	629.98	29	19.7644
XR_003321358.2	949	769.905	0	0
XR_003321359.3	424	245.832	0	0
XR_003321361.3	498	319.091	2	2.69109
XR_003321364.2	215	67.7589	355	2249.45
XR_003321365.2	217	68.825	3	18.7149
XR_003321366.1	215	67.7589	1	6.33647
XR_003321367.1	218	69.4207	0	0
XR_003321368.1	103	20.9391	0	0
XR_003321369.1	107	21.8211	0	0
XR_003321370.1	106	21.6114	0	0
XR_003321371.1	104	21.0859	0	0
XR_003321372.1	104	21.0859	0	0
XR_003321373.1	164	41.3129	7.33211	76.2002
XR_003321374.1	106	21.6114	1	19.8669
XR_003321375.2	103	20.9391	0	0
XR_003321376.1	65	11.0798	0	0
XR_003321377.1	69	12.0981	0	0
XR_003321378.1	97	19.5326	0	0
XR_003321379.1	135	30.1724	0	0
XR_003321380.1	67	11.4974	0	0
XR_003321381.1	164	41.3129	11.1931	116.327
XR_003321382.1	77	14.2636	0	0
XR_003321383.1	95	19.1614	0	0
XR_003321384.1	92	18.1674	0	0
XR_003321385.1	104	21.0859	0	0
XR_003321386.1	164	41.3129	9.70223	100.832
XR_003321387.2	191	54.0605	0	0
XR_003321391.3	3227	3047.9	12.0038	1.69096
XR_003321402.3	3269	3089.9	5.7591	0.800245
XR_003321404.3	2297	2117.9	0	0
XR_003321438.3	983	803.905	0	0
XR_003321470.2	108	22.2964	0	0
XR_003321471.1	107	21.8211	0	0
XR_003321472.1	106	21.6114	0	0
XR_003321473.1	106	21.6114	0	0
XR_003321474.1	103	20.9391	0	0
XR_003321476.1	108	22.2964	0	0
XR_003321477.1	107	21.8211	0	0
XR_003321478.1	144	33.6247	1	12.769
XR_003321479.1	148	35.19	0	0
XR_003321480.1	135	30.1724	0	0
XR_003321481.1	109	22.5928	0	0
XR_003321482.1	104	21.0859	0	0
XR_003321487.2	219	70.0428	0	0
XR_003321493.3	1266	1086.9	1	0.395023
XR_003321504.3	1906	1726.9	0	0
XR_003321505.3	2000	1820.9	2.00967	0.47386
XR_003321534.3	3537	3357.9	0.72506	0.0927083
XR_003321536.3	370	193.318	0	0
XR_003321547.3	2151	1971.9	0	0
XR_003321558.3	325	152.035	0	0
XR_003321559.3	5388	5208.9	0	0
XR_003321562.2	106	21.6114	0	0
XR_003321563.1	106	21.6114	0	0
XR_003321564.2	102	20.7435	0	0
XR_003321565.1	104	21.0859	0	0
XR_003321566.1	103	20.9391	0	0
XR_003321567.2	105	21.2604	0	0
XR_003321568.1	107	21.8211	0	0
XR_003321569.1	102	20.7435	0	0
XR_003321570.1	124	26.7761	0	0
XR_003321571.2	190	53.5891	0	0
XR_003321572.2	104	21.0859	0	0
XR_003321573.2	107	21.8211	0	0
XR_003321584.3	674	494.98	0	0
XR_003321603.3	1055	875.905	0	0
XR_003321615.1	107	21.8211	0	0
XR_003321616.1	104	21.0859	0	0
XR_003321617.1	107	21.8211	0	0
XR_003321618.1	106	21.6114	0	0
XR_003321619.2	102	20.7435	1	20.6981
XR_003321620.1	62	10.1579	0	0
XR_003321621.2	114	24.2283	0	0
XR_003321622.1	107	21.8211	0	0
XR_003321623.1	107	21.8211	0	0
XR_003321624.1	104	21.0859	0	0
XR_003321628.3	2554	2374.9	0	0
XR_003321632.3	4327	4147.9	2	0.207021
XR_003321639.2	283	116.211	0	0
XR_003321648.3	18812	18632.9	0	0
XR_003321649.3	5033	4853.9	10.1612	0.898806
XR_003321675.1	132	29.2771	0	0
XR_003321676.2	107	21.8211	0	0
XR_003321677.1	104	21.0859	0	0
XR_003321678.1	104	21.0859	0	0
XR_003321711.3	1206	1026.9	0	0
XR_003321727.3	1952	1772.9	0	0
XR_003321729.3	2348	2168.9	0	0
XR_003321742.3	524	345.091	0	0
XR_003321745.3	5709	5529.9	4.05049	0.314487
XR_003321751.3	639	459.98	0	0
XR_003321759.3	885	705.98	0	0
XR_003321761.1	108	22.2964	0	0
XR_003321762.2	104	21.0859	0	0
XR_003321763.1	107	21.8211	0	0
XR_003321764.1	103	20.9391	0	0
XR_003321765.1	132	29.2771	3	43.9953
XR_003321766.1	212	65.9524	0	0
XR_003321767.1	148	35.19	0	0
XR_003321779.3	2972	2792.9	0	0
XR_003321782.3	14580	14400.9	0	0
XR_003321837.1	107	21.8211	0	0
XR_003321838.1	104	21.0859	0	0
XR_003321839.1	129	28.3594	0	0
XR_003321840.1	144	33.6247	1	12.769
XR_003321841.3	663	483.98	0	0
XR_003321855.3	2334	2154.9	6.25209e-06	1.24569e-06
XR_003321867.3	4416	4236.9	0	0
XR_003321869.3	3433	3253.9	0	0
XR_003321871.3	319	146.587	0	0
XR_003321878.3	2818	2638.9	6	0.976205
XR_003321895.3	1799	1619.9	2	0.530095
XR_003321898.3	1605	1425.9	0	0
XR_003321905.1	105	21.2604	0	0
XR_003321906.1	183	49.842	0	0
XR_003321907.1	127	27.6742	0	0
XR_003321908.1	133	29.6338	0	0
XR_003321909.1	89	17.7159	0	0
XR_003321910.1	125	27.0609	0	0
XR_003321911.1	102	20.7435	0	0
XR_003321912.2	117	24.9935	0	0
XR_003321913.1	107	21.8211	0	0
XR_003321914.1	104	21.0859	0	0
XR_003321915.1	107	21.8211	0	0
XR_003321921.3	1950	1770.9	0	0
XR_003321937.3	4856	4676.9	21.1589	1.94245
XR_003321950.3	4293	4113.9	2.0001	0.208742
XR_003321953.3	607	427.98	1	1.0032
XR_003321956.3	2998	2818.9	0.00134219	0.000204431
XR_003321957.3	2980	2800.9	5.7333	0.87886
XR_003322001.3	510	331.091	0	0
XR_003322007.1	164	41.3129	0	0
XR_003322008.1	107	21.8211	0	0
XR_003322009.1	70	11.9241	0	0
XR_003322010.1	130	28.6783	0	0
XR_003322011.3	10408	10228.9	18.1246	0.760768
XR_003322018.2	1046	866.905	1	0.49527
XR_003322034.1	104	21.0859	0	0
XR_003322035.1	104	21.0859	0	0
XR_003322036.1	105	21.2604	0	0
XR_003322037.2	104	21.0859	0	0
XR_003322038.1	107	21.8211	0	0
XR_003322039.1	108	22.2964	0	0
XR_003322046.3	1763	1583.9	0	0
XR_003322048.3	1668	1488.9	0	0
XR_003322050.3	849	669.98	0.55065	0.35288
XR_003322052.3	1071	891.905	0	0
XR_003322097.3	2671	2491.9	0	0
XR_003322102.3	433	254.706	0	0
XR_003322106.3	3593	3413.9	3.16638	0.398222
XR_003322110.3	1166	986.905	0	0
XR_003322118.3	1906	1726.9	67.0966	16.6819
XR_003322120.1	142	32.9306	0	0
XR_003322121.1	71	12.0391	0	0
XR_003322122.1	71	12.0391	0	0
XR_003322123.1	127	27.6742	0	0
XR_003322124.1	128	28.013	0	0
XR_003322125.1	135	30.1724	11	156.529
XR_003322126.1	145	34.0456	0	0
XR_003322127.1	73	12.3932	0	0
XR_003322128.1	139	31.6863	99	1341.46
XR_003322129.1	141	32.4707	0	0
XR_003322130.2	136	30.5226	0	0
XR_006407890.2	917	737.98	12.3073	7.16032
XR_006407901.2	848	668.98	0	0
XR_006407903.2	4293	4113.9	0	0
XR_006407906.2	197	57.2624	0	0
XR_006407909.2	3739	3559.9	0	0
XR_006407910.2	2057	1877.9	3.27701	0.749234
XR_006407911.1	2753	2573.9	11.723	1.95551
XR_006407914.2	1145	965.905	0	0
XR_006407915.2	1256	1076.9	116.562	46.4722
XR_006407916.2	1247	1067.9	12.8063	5.14879
XR_006407917.2	426	247.808	0	0
XR_006407918.2	1364	1184.9	0	0
XR_006407919.2	1144	964.905	1	0.444968
XR_006407920.2	1005	825.905	0	0
XR_006407922.2	3657	3477.9	4	0.493805
XR_006407929.1	252	92.3911	2	9.29423
XR_006407930.2	3036	2856.9	1	0.150286
XR_006407932.2	6422	6242.9	0	0
XR_006407934.2	2560	2380.9	9.45723	1.70544
XR_006407935.2	657	477.98	0	0
XR_006407937.2	1836	1656.9	0	0
XR_006407943.2	2216	2036.9	0	0
XR_006407944.2	5868	5688.9	0	0
XR_006407945.2	5704	5524.9	0	0
XR_006407947.2	3448	3268.9	0	0
XR_006407948.2	5794	5614.9	0	0
XR_006407949.2	1059	879.905	0	0
XR_006407950.2	2870	2690.9	2.00289	0.319574
XR_006407951.2	4267	4087.9	0	0
XR_006407952.1	463	284.334	0	0
XR_006407953.2	5386	5206.9	0	0
XR_006407954.2	4566	4386.9	1.00031	0.0979018
XR_006407955.2	1371	1191.9	15.7361	5.66851
XR_006407956.2	6022	5842.9	0	0
XR_006407959.2	6274	6094.9	0	0
XR_006407960.2	5740	5560.9	2.11782	0.163515
XR_006407963.2	1293	1113.9	0	0
XR_006407964.2	680	500.98	0	0
XR_006407965.2	4527	4347.9	7.13801	0.704873
XR_006407966.2	4762	4582.9	0	0
XR_006407967.2	4856	4676.9	56.862	5.22008
XR_006407971.2	3028	2848.9	35.7366	5.38579
XR_006407973.2	407	229.236	0	0
XR_006407974.2	767	587.98	0	0
XR_006407976.2	7003	6823.9	0	0
XR_006407977.2	6984	6804.9	0	0
XR_006407978.2	7065	6885.9	0	0
XR_006407979.2	7046	6866.9	0	0
XR_006407985.2	2377	2197.9	14.8681	2.90442
XR_006407989.2	789	609.98	0	0
XR_006407995.2	15571	15391.9	21.0135	0.586164
XR_006407996.2	396	218.393	0	0
XR_006407997.2	7898	7718.9	1	0.0556234
XR_006408001.2	8671	8491.9	13.4614	0.680608
XR_006408002.2	2410	2230.9	0	0
XR_006408005.2	2146	1966.9	1	0.218288
XR_006408006.1	156	38.243	0	0
XR_006408010.2	1496	1316.9	0	0
XR_006408011.2	6434	6254.9	0	0
XR_006408015.2	1006	826.905	1	0.519228
XR_006408016.2	2609	2429.9	0	0
XR_006408018.1	548	369.056	0	0
XR_006408026.2	3745	3565.9	2	0.24081
XR_006408029.2	1341	1161.9	0	0
XR_006408032.2	1271	1091.9	0	0
XR_006408034.2	3594	3414.9	4	0.502915
XR_006408035.2	1306	1126.9	7.36397	2.80568
XR_006408037.2	5596	5416.9	5.05402	0.400589
XR_006408038.2	1014	834.905	0	0
XR_006408039.2	397	219.393	1	1.957
XR_006408040.2	2651	2471.9	0	0
XR_006408041.2	2702	2522.9	0	0
XR_006408042.2	4343	4163.9	2	0.206226
XR_006408043.2	4022	3842.9	0	0
XR_006408044.2	3951	3771.9	0	0
XR_006408045.2	979	799.905	1	0.536754
XR_006408047.2	1372	1192.9	1.06586	0.383625
XR_006408048.2	385	207.757	0	0
XR_006408049.2	3336	3156.9	0	0
XR_006408053.2	1160	980.905	0	0
XR_006408054.2	8514	8334.9	0	0
XR_006408055.2	7735	7555.9	0	0
XR_006408056.2	6660	6480.9	10	0.662488
XR_006408057.2	7795	7615.9	0	0
XR_006408060.2	1620	1440.9	0	0
XR_006408062.2	1766	1586.9	0.0017923	0.000484924
XR_006408063.2	2034	1854.9	0	0
XR_006408064.2	723	543.98	0	0
XR_006408067.1	719	539.98	0	0
XR_006408073.1	987	807.905	1	0.531439
XR_006408074.2	446	267.446	0	0
XR_006408076.2	4303	4123.9	2	0.208226
XR_006408077.2	626	446.98	0	0
XR_006408079.2	16333	16153.9	22	0.584734
XR_006408082.2	3318	3138.9	18.6823	2.55544
XR_006408089.2	1951	1771.9	2	0.484622
XR_006408090.2	530	351.091	0	0
XR_006408091.2	892	712.98	0	0
XR_006408093.2	7180	7000.9	7	0.429296
XR_006408094.2	857	677.98	0	0
XR_006408102.1	650	470.98	0	0
XR_006408104.2	2945	2765.9	0	0
XR_006408112.2	1026	846.905	0	0
XR_006408113.2	990	810.905	0.961382	0.509026
XR_006408115.2	809	629.98	7.77655	5.29997
XR_006408116.2	740	560.98	3.22345	2.4671
XR_006408117.2	3440	3260.9	0	0
XR_006408118.2	3511	3331.9	10.2075	1.31534
XR_006408119.2	2808	2628.9	15.9583	2.6063
XR_006408121.2	3480	3300.9	4.79807	0.62409
XR_006408123.2	3259	3079.9	0	0
XR_006408125.2	564	384.98	0	0
XR_006408130.2	3305	3125.9	0	0
XR_006408139.2	752	572.98	0	0
XR_006408140.2	4253	4073.9	5.02314	0.529393
XR_006408141.2	2581	2401.9	0	0
XR_006408143.2	5114	4934.9	0.110303	0.00959671
XR_006408145.2	4841	4661.9	0.551018	0.0507476
XR_006408149.2	11838	11658.9	84.7637	3.12152
XR_006408150.2	989	809.905	0	0
XR_006408152.2	1419	1239.9	0	0
XR_006408153.2	1940	1760.9	0	0
XR_006408154.2	1853	1673.9	0	0
XR_006408155.2	1896	1716.9	0	0
XR_006408157.2	4104	3924.9	0	0
XR_006408158.2	3960	3780.9	0	0
XR_006408159.2	540	361.056	1	1.18916
XR_006408161.2	3362	3182.9	0	0
XR_006408162.2	4167	3987.9	2	0.215327
XR_006408163.2	1042	862.905	2.91881	1.4523
XR_006408165.2	8296	8116.9	10.0307	0.530584
XR_006408166.2	8402	8222.9	4.44533e-07	2.32109e-08
XR_006408168.2	8176	7996.9	0	0
XR_006408172.2	1253	1073.9	4.53198	1.81191
XR_006408173.2	641	461.98	1	0.929373
XR_006408174.2	4801	4621.9	0	0
XR_006408176.2	4292	4112.9	5.51723	0.575951
XR_006408178.2	1396	1216.9	5	1.76411
XR_006408179.2	2450	2270.9	0	0
XR_006408180.2	860	680.98	1	0.630491
XR_006408184.2	1247	1067.9	1.48173	0.595731
XR_006408187.2	13609	13429.9	8.37963	0.267895
XR_006408189.2	722	542.98	0	0
XR_006408194.2	999	819.905	0	0
XR_006408197.2	3362	3182.9	17	2.29318
XR_006408199.2	2825	2645.9	0	0
XR_006408200.2	2816	2636.9	0	0
XR_006408206.2	1760	1580.9	0	0
XR_006408207.2	5191	5011.9	0	0
XR_006408208.2	1334	1154.9	0	0
XR_006408210.2	998	818.905	0	0
XR_006408211.2	2522	2342.9	22	4.03164
XR_006408214.2	5872	5692.9	0	0
XR_006408215.2	5726	5546.9	7.38112	0.571328
XR_006408216.2	1470	1290.9	0	0
XR_006408217.2	1216	1036.9	2.18183e-08	9.03431e-09
XR_006408218.2	1051	871.905	0	0
XR_006408225.2	10676	10496.9	32.1977	1.31698
XR_006408226.2	3011	2831.9	0	0
XR_006408227.2	8779	8599.9	0	0
XR_006408231.2	940	760.905	0	0
XR_006408232.2	851	671.98	0	0
XR_006408238.2	931	751.98	0	0
XR_006408239.2	1461	1281.9	0	0
XR_006408240.2	1374	1194.9	0	0
XR_006408241.2	2670	2490.9	0	0
XR_006408242.2	688	508.98	0	0
XR_006408243.2	3594	3414.9	7	0.880102
XR_006408245.2	3072	2892.9	1	0.148416
XR_006408248.2	2694	2514.9	1	0.170723
XR_006408249.2	7975	7795.9	2	0.110148
XR_006408254.2	3433	3253.9	1	0.13195
XR_006408257.1	434	255.706	0	0
XR_006408260.2	17240	17060.9	3	0.0754975
XR_006408265.2	287	119.501	0	0
XR_006408266.1	768	588.98	0	0
XR_006408267.2	842	662.98	1	0.647609
XR_006408270.1	1811	1631.9	4.40696	1.15947
XR_006408272.2	1038	858.905	3	1.49965
XR_006408273.2	866	686.98	0	0
XR_006408274.2	320	147.435	0	0
XR_006408275.2	385	207.757	0	0
XR_006408277.2	1934	1754.9	11.4387	2.79857
XR_006408284.2	3848	3668.9	0	0
XR_006408287.2	3443	3263.9	0	0
XR_006408289.2	3405	3225.9	0	0
XR_006408294.2	3047	2867.9	0	0
XR_006408295.2	475	296.277	0	0
XR_006408297.1	498	319.091	0	0
XR_006408298.2	545	366.056	0	0
XR_006408299.2	1160	980.905	0	0
XR_006408305.2	1395	1215.9	0	0
XR_006408306.2	1722	1542.9	0	0
XR_006408307.2	7881	7701.9	1.61235e-08	8.98826e-10
XR_006408310.2	8914	8734.9	6.03126	0.296458
XR_006408312.2	2012	1832.9	0	0
XR_006408313.2	2755	2575.9	0	0
XR_006408317.2	1040	860.905	3	1.49617
XR_006408319.2	986	806.905	0	0
XR_006408324.2	639	459.98	0	0
XR_006408326.2	957	777.905	0	0
XR_006408328.2	637	457.98	0	0
XR_006408330.2	798	618.98	0	0
XR_006408331.2	295	126.038	0	0
XR_006408332.2	695	515.98	0	0
XR_006408336.2	1691	1511.9	1	0.283981
XR_006408337.2	8073	7893.9	0	0
XR_006408340.1	1013	833.905	0	0
XR_006408346.2	3754	3574.9	0	0
XR_006408347.2	4305	4125.9	0	0
XR_006408348.2	2132	1952.9	0	0
XR_006408349.2	533	354.091	0	0
XR_006408351.2	422	243.857	0	0
XR_006408353.2	23135	22955.9	0.170572	0.00319026
XR_006408354.2	23152	22972.9	62.1606	1.16175
XR_006408355.2	23053	22873.9	0.376216	0.00706173
XR_006408360.2	5847	5667.9	0	0
XR_006408362.2	403	225.304	0	0
XR_006408363.2	3457	3277.9	0	0
XR_006408364.2	3387	3207.9	0	0
XR_006408365.2	2901	2721.9	0	0
XR_006408368.2	938	758.905	0	0
XR_006408369.2	521	342.091	2	2.51016
XR_006408371.2	897	717.98	0	0
XR_006408381.2	2145	1965.9	0	0
XR_006408382.2	2140	1960.9	0	0
XR_006408383.2	10242	10062.9	1	0.0426668
XR_006408385.2	2714	2534.9	0	0
XR_006408387.2	1338	1158.9	12.5158	4.63687
XR_006408390.2	1333	1153.9	0	0
XR_006408391.2	612	432.98	0	0
XR_006408392.2	7812	7632.9	0	0
XR_006408394.2	1016	836.905	7	3.59117
XR_006408395.2	5929	5749.9	2.54233e-07	1.89838e-08
XR_006408396.2	11402	11222.9	0	0
XR_006408397.2	10897	10717.9	0	0
XR_006408398.2	10435	10255.9	0	0
XR_006408400.2	8477	8297.9	0	0
XR_006408404.2	8321	8141.9	0.763761	0.0402759
XR_006408405.2	8474	8294.9	0	0
XR_006408407.2	1991	1811.9	0	0
XR_006408409.2	2421	2241.9	7	1.34058
XR_006408410.1	226	74.7351	0	0
XR_006408412.2	4899	4719.9	0	0
XR_006408415.2	2272	2092.9	3.76432	0.772238
XR_006408417.1	206	62.6037	0	0
XR_006408418.2	2461	2281.9	0	0
XR_006408419.2	764	584.98	0	0
XR_006408420.2	6032	5852.9	0.13344	0.00978878
XR_006408438.2	1436	1256.9	0	0
XR_006408439.2	5735	5555.9	0	0
XR_006408443.2	3455	3275.9	0	0
XR_006408444.2	3542	3362.9	4.18852	0.53476
XR_006408445.2	4169	3989.9	0	0
XR_006408446.2	2108	1928.9	0	0
XR_006408447.2	1456	1276.9	0	0
XR_006408449.2	2204	2024.9	0	0
XR_006408452.2	4312	4132.9	0	0
XR_006408461.2	1566	1386.9	0	0
XR_006408462.2	1965	1785.9	2.86501	0.688781
XR_006408477.2	3126	2946.9	0	0
XR_006408479.2	562	382.98	1	1.12108
XR_006408481.2	803	623.98	1	0.688086
XR_006408482.2	5566	5386.9	0	0
XR_006408484.2	5296	5116.9	0	0
XR_006408492.2	6984	6804.9	0	0
XR_006408493.2	798	618.98	0	0
XR_006408495.1	537	358.056	1	1.19912
XR_006408496.2	1426	1246.9	1	0.344334
XR_006408497.2	925	745.98	0	0
XR_006408499.1	560	380.98	0	0
XR_006408500.1	342	167.307	0	0
XR_006408501.2	3094	2914.9	0	0
XR_006408502.2	738	558.98	0	0
XR_006408503.2	453	274.419	0	0
XR_006408506.2	721	541.98	3	2.37657
XR_006408507.1	727	547.98	1	0.783517
XR_006408509.2	461	282.362	0	0
XR_006408518.2	5276	5096.9	2.48908	0.209674
XR_006408524.2	414	236.073	0	0
XR_006408535.2	2326	2146.9	1	0.199986
XR_006408536.2	2830	2650.9	0	0
XR_006408537.2	4957	4777.9	2	0.179724
XR_006408538.2	4924	4744.9	0	0
XR_006408539.2	5668	5488.9	0	0
XR_006408549.2	5116	4936.9	0.787298	0.0684696
XR_006408550.1	1534	1354.9	0	0
XR_006408551.2	2658	2478.9	0	0
XR_006408552.2	2592	2412.9	0	0
XR_006408564.2	1622	1442.9	0	0
XR_006408566.2	734	554.98	0.666667	0.515756
XR_006408567.2	1534	1354.9	0	0
XR_006408568.2	1586	1406.9	0	0
XR_006408569.2	1023	843.905	2.44664	1.24477
XR_006408570.2	1073	893.905	0	0
XR_006408573.2	234	79.8221	1	5.37886
XR_006408576.2	10023	9843.9	0.00979347	0.000427152
XR_006408583.2	4336	4156.9	0	0
XR_006408584.2	2880	2700.9	5	0.79483
XR_006408585.2	3077	2897.9	0	0
XR_006408586.2	307	135.977	0	0
XR_006408611.1	424	245.832	0	0
XR_006408651.2	588	408.98	0	0
XR_006408655.2	2697	2517.9	2	0.341039
XR_006408659.2	461	282.362	0	0
XR_006408664.2	2121	1941.9	2	0.442197
XR_006408686.2	973	793.905	0	0
XR_006408689.2	8454	8274.9	0	0
XR_006408693.2	4386	4206.9	0	0
XR_006408695.2	3812	3632.9	0	0
XR_006408713.2	2538	2358.9	0	0
XR_006408714.2	3762	3582.9	0	0
XR_006408719.2	6490	6310.9	0	0
XR_006408720.2	2513	2333.9	0	0
XR_006408723.2	2349	2169.9	2.19619e-06	4.34554e-07
XR_006408724.2	2101	1921.9	0	0
XR_006408725.2	2039	1859.9	0	0
XR_006408726.1	880	700.98	3.31986	2.03342
XR_006408729.2	6011	5831.9	2	0.147242
XR_006408730.2	2414	2234.9	1.15888	0.222634
XR_006408732.1	697	517.98	0	0
XR_006408733.2	6920	6740.9	0	0
XR_006408734.2	3159	2979.9	3	0.432247
XR_006408735.2	546	367.056	0	0
XR_006408737.2	1886	1706.9	0	0
XR_006408738.2	2715	2535.9	0	0
XR_006408739.2	1939	1759.9	5.89231	1.43751
XR_006408740.2	2250	2070.9	0	0
XR_006408754.2	860	680.98	3	1.89147
XR_006408755.2	1620	1440.9	0	0
XR_006408756.2	1243	1063.9	0	0
XR_006408757.2	39088	38908.9	0	0
XR_006408759.2	1017	837.905	0	0
XR_006408761.2	648	468.98	1	0.915501
XR_006408762.2	1028	848.905	0	0
XR_006408765.2	956	776.905	0	0
XR_006408767.2	3314	3134.9	0	0
XR_006408770.2	4573	4393.9	4.99971	0.488549
XR_006408771.2	4632	4452.9	9.62023	0.927588
XR_006408772.2	3416	3236.9	0	0
XR_006408773.2	3419	3239.9	0	0
XR_006408775.2	2073	1893.9	2	0.453404
XR_006408777.2	535	356.056	0	0
XR_006408780.2	928	748.98	0	0
XR_006408781.2	1973	1793.9	0	0
XR_006408782.2	1540	1360.9	0	0
XR_006408784.2	887	707.98	0	0
XR_006408785.2	907	727.98	0	0
XR_006408786.2	883	703.98	0	0
XR_006408787.2	710	530.98	0	0
XR_006408794.2	3572	3392.9	1	0.126544
XR_006408795.2	3309	3129.9	0	0
XR_006408797.2	4900	4720.9	0	0
XR_006408799.2	1740	1560.9	0	0
XR_006408800.2	5256	5076.9	0	0
XR_006408804.2	578	398.98	0	0
XR_006408805.2	5778	5598.9	0	0
XR_006408810.2	2981	2801.9	23.233	3.56013
XR_006408813.2	3640	3460.9	0	0
XR_006408814.2	2378	2198.9	0.766968	0.149756
XR_006408816.2	1211	1031.9	0	0
XR_006408817.2	2114	1934.9	0	0
XR_006408820.2	3124	2944.9	0	0
XR_006408821.2	510	331.091	0	0
XR_006408822.1	237	81.834	0	0
XR_006408823.2	1330	1150.9	2	0.746112
XR_006408825.1	449	270.446	0	0
XR_006408826.2	708	528.98	0	0
XR_006408828.2	4034	3854.9	0	0
XR_006408829.2	1264	1084.9	2	0.791502
XR_006408830.1	548	369.056	0	0
XR_006408831.2	1153	973.905	0	0
XR_006408836.2	6560	6380.9	0	0
XR_006408837.2	4100	3920.9	2.04779	0.22424
XR_006408838.2	4094	3914.9	15.1089	1.657
XR_006408840.2	2488	2308.9	6	1.11573
XR_006408842.2	5629	5449.9	1	0.0787815
XR_006408843.2	4547	4367.9	11.0071	1.08196
XR_006408845.2	3348	3168.9	8	1.08391
XR_006408846.2	9716	9536.9	11.4631	0.516068
XR_006408848.2	552	373.018	0	0
XR_006408849.2	362	185.777	0	0
XR_006408850.2	952	772.905	1	0.555504
XR_006408853.2	2681	2501.9	0	0
XR_006408854.2	1528	1348.9	0	0
XR_006408858.1	542	363.056	0	0
XR_006408859.2	1953	1773.9	0	0
XR_006408860.2	6215	6035.9	1	0.071133
XR_006408861.2	471	292.277	0	0
XR_006408865.2	1318	1138.9	0	0
XR_006408866.2	5782	5602.9	16.1456	1.23724
XR_006408867.2	1006	826.905	7.70343	3.99984
XR_006408872.1	568	388.98	0	0
XR_006408873.2	3192	3012.9	0	0
XR_006408877.2	1289	1109.9	0	0
XR_006408878.2	1229	1049.9	0	0
XR_006408879.2	1354	1174.9	0	0
XR_006408881.2	1641	1461.9	0	0
XR_006408882.2	721	541.98	0	0
XR_006408884.2	2620	2440.9	7.15611	1.25875
XR_006408885.2	2946	2766.9	0	0
XR_006408890.2	2095	1915.9	4	0.896395
XR_006408891.2	4987	4807.9	1	0.0893013
XR_006408892.2	1854	1674.9	0	0
XR_006408894.2	8199	8019.9	0	0
XR_006408895.2	7651	7471.9	0	0
XR_006408896.2	7903	7723.9	0	0
XR_006408901.2	3901	3721.9	0	0
XR_006408902.2	4056	3876.9	0	0
XR_006408903.2	3995	3815.9	0	0
XR_006408905.2	2739	2559.9	15.158	2.54234
XR_006408907.2	8474	8294.9	0	0
XR_006408909.2	5613	5433.9	3.01629	0.238327
XR_006408912.2	451	272.446	0	0
XR_006408914.2	2825	2645.9	1	0.16227
XR_006408917.2	383	205.799	0	0
XR_006408918.2	3227	3047.9	0	0
XR_006408919.2	570	390.98	2	2.19628
XR_006408920.2	545	366.056	0	0
XR_006408921.2	773	593.98	0	0
XR_006408924.2	1486	1306.9	0	0
XR_006408928.2	1543	1363.9	0	0
XR_006408929.2	6327	6147.9	0	0
XR_006408932.2	3289	3109.9	0	0
XR_006408935.2	1330	1150.9	0	0
XR_006408936.2	2314	2134.9	0	0
XR_006408937.2	993	813.905	1	0.527521
XR_006408944.2	1890	1710.9	0	0
XR_006408946.2	1261	1081.9	0	0
XR_006408948.2	1363	1183.9	3	1.08797
XR_006408949.2	1583	1403.9	0	0
XR_006408950.2	4904	4724.9	0	0
XR_006408951.2	9633	9453.9	2	0.0908306
XR_006408952.2	6610	6430.9	0	0
XR_006408954.2	5417	5237.9	1	0.0819702
XR_006408955.2	734	554.98	5.49485	4.25101
XR_006408956.2	556	377.018	11.6035	13.2141
XR_006408957.2	633	453.98	1.90168	1.79851
XR_006408958.2	4675	4495.9	0	0
XR_006408960.2	7671	7491.9	0	0
XR_006408961.2	1575	1395.9	0	0
XR_006408963.2	6309	6129.9	5	0.350211
XR_006408964.2	3555	3375.9	0	0
XR_006408967.2	3053	2873.9	0	0
XR_006408972.2	9289	9109.9	5.55014e-06	2.6158e-07
XR_006408974.2	917	737.98	0	0
XR_006408975.2	3625	3445.9	2	0.249195
XR_006408977.2	1667	1487.9	0	0
XR_006408978.2	1569	1389.9	0	0
XR_006408979.2	1161	981.905	1	0.437264
XR_006408983.2	6294	6114.9	1	0.070214
XR_006408985.2	16167	15987.9	1.99558	0.0535908
XR_006408989.1	462	283.362	0	0
XR_006408990.2	5232	5052.9	0	0
XR_006408992.2	4056	3876.9	3.71186e-07	4.11074e-08
XR_006408993.2	819	639.98	8.20139	5.50218
XR_006408994.2	7283	7103.9	1.4364	0.0868142
XR_006408995.2	1259	1079.9	6.0785	2.41671
XR_006408999.2	8613	8433.9	0	0
XR_006409000.2	3859	3679.9	0	0
XR_006409001.2	12439	12259.9	5	0.175104
XR_006409002.2	4725	4545.9	0	0
XR_006409004.2	3343	3163.9	0	0
XR_006409005.2	4531	4351.9	0	0
XR_006409006.2	4298	4118.9	0	0
XR_006409007.2	4401	4221.9	0	0
XR_006409008.2	4391	4211.9	0	0
XR_006409009.2	3887	3707.9	0	0
XR_006409010.2	9097	8917.9	0	0
XR_006409012.2	2345	2165.9	0	0
XR_006409014.2	16010	15830.9	1.00694	0.0273092
XR_006409015.2	23607	23427.9	11.0082	0.201742
XR_006409016.2	908	728.98	2	1.17795
XR_006409018.2	942	762.905	4.9186	2.76812
XR_006409019.2	2072	1892.9	1.0814	0.245285
XR_006409020.2	1400	1220.9	3.05006	1.07261
XR_006409021.2	592	412.98	0	0
XR_006409023.2	1473	1293.9	7.2091	2.39217
XR_006409025.2	3511	3331.9	16.4307	2.11727
XR_006409028.2	5028	4848.9	1	0.0885462
XR_006409031.2	3887	3707.9	0	0
XR_006409033.2	3250	3070.9	0	0
XR_006409035.2	3686	3506.9	0	0
XR_006409036.2	3202	3022.9	0	0
XR_006409038.2	3762	3582.9	0	0
XR_006409039.2	3632	3452.9	0	0
XR_006409040.2	1876	1696.9	1	0.253021
XR_006409046.2	663	483.98	0	0
XR_006409048.2	10266	10086.9	0	0
XR_006409050.2	1027	847.905	0	0
XR_006409052.2	546	367.056	0	0
XR_006409053.2	174	45.5754	1682.97	15854.8
XR_006409054.2	394	216.524	0	0
XR_006409056.2	1131	951.905	0	0
XR_006409057.2	1424	1244.9	0	0
XR_006409058.2	434	255.706	1	1.67908
XR_006409059.2	899	719.98	0	0
XR_006409066.2	7454	7274.9	0	0
XR_006409069.2	4704	4524.9	0	0
XR_006409072.2	3341	3161.9	0.238886	0.0324381
XR_006409074.2	1628	1448.9	14.604	4.32759
XR_006409080.2	4245	4065.9	0	0
XR_006409085.2	1384	1204.9	0	0
XR_006409087.2	5009	4829.9	2	0.177789
XR_006409089.2	1345	1165.9	0	0
XR_006409092.2	1188	1008.9	0	0
XR_006409094.2	1698	1518.9	36	10.1762
XR_006409097.2	6006	5826.9	0	0
XR_006409101.2	7700	7520.9	0	0
XR_006409102.2	11520	11340.9	0	0
XR_006409107.2	11136	10956.9	10.0069	0.392125
XR_006409108.2	5041	4861.9	0.00712798	0.000629468
XR_006409113.2	750	570.98	1	0.751956
XR_006409114.2	1784	1604.9	0	0
XR_006409116.2	3384	3204.9	0	0
XR_006409117.2	2879	2699.9	0	0
XR_006409123.2	34058	33878.9	0	0
XR_006409124.2	31849	31669.9	5.06628e-08	6.86841e-10
XR_006409125.2	32919	32739.9	14.8691	0.194994
XR_006409127.2	20647	20467.9	4.19995	0.0881016
XR_006409128.2	1858	1678.9	2	0.511467
XR_006409129.2	789	609.98	0	0
XR_006409130.2	3636	3456.9	2	0.248403
XR_006409131.2	1160	980.905	0	0
XR_006409132.2	3655	3475.9	1	0.123522
XR_006409134.2	473	294.277	647	943.977
XR_006409136.2	256	95.2184	0	0
XR_006409139.2	1732	1552.9	27.1908	7.51781
XR_006409150.2	4502	4322.9	3	0.297961
XR_006409151.1	429	250.808	0	0
XR_006409156.2	3379	3199.9	2.90636	0.389965
XR_006409157.2	9501	9321.9	0	0
XR_006409158.2	967	787.905	0	0
XR_006409159.2	1339	1159.9	0	0
XR_006409160.2	1602	1422.9	0	0
XR_006409161.2	1261	1081.9	2.04922	0.813228
XR_006409162.2	1427	1247.9	0	0
XR_006409163.2	1017	837.905	2.95078	1.51202
XR_006409166.2	6279	6099.9	1	0.0703867
XR_006409167.2	4303	4123.9	1	0.104113
XR_006409169.2	6435	6255.9	4	0.274526
XR_006409170.2	911	731.98	4.56016	2.67482
XR_006409171.2	3327	3147.9	13.4398	1.8331
XR_006409172.2	1200	1020.9	0	0
XR_006409176.2	4307	4127.9	0	0
XR_006409179.2	8154	7974.9	1.29678e-06	6.98157e-08
XR_006409180.2	7657	7477.9	9.44921e-05	5.42536e-06
XR_006409181.2	6677	6497.9	79.3066	5.24022
XR_006409182.2	6702	6522.9	1.97942e-08	1.3029e-09
XR_006409183.2	5313	5133.9	23.2656	1.94572
XR_006409184.2	5180	5000.9	2.41731e-05	2.07538e-06
XR_006409186.2	4543	4363.9	1.535e-07	1.51025e-08
XR_006409187.2	508	329.091	0	0
XR_006409188.2	1886	1706.9	0	0
XR_006409189.2	1397	1217.9	0	0
XR_006409190.2	3526	3346.9	0	0
XR_006409192.2	488	309.217	0	0
XR_006409194.2	1165	985.905	0	0
XR_006409199.2	2464	2284.9	0	0
XR_006409201.2	1920	1740.9	7	1.72638
XR_006409206.2	1887	1707.9	0	0
XR_006409207.2	1942	1762.9	0	0
XR_006409208.2	1671	1491.9	737	212.1
XR_006409210.2	1062	882.905	0	0
XR_006409212.2	3699	3519.9	0	0
XR_006409213.2	991	811.905	1	0.528821
XR_006409214.2	4109	3929.9	0	0
XR_006409216.2	3063	2883.9	0	0
XR_006409218.2	3538	3358.9	0	0
XR_006409219.2	6891	6711.9	1	0.0639687
XR_006409229.2	7537	7357.9	1	0.0583525
XR_006409233.2	3263	3083.9	0	0
XR_006409234.2	5372	5192.9	3.65183	0.301935
XR_006409236.2	12478	12298.9	4.00266	0.139732
XR_006409239.2	795	615.98	2	1.39404
XR_006409240.2	2910	2730.9	0	0
XR_006409241.2	3687	3507.9	0	0
XR_006409242.2	942	762.905	0	0
XR_006409243.2	879	699.98	0	0
XR_006409246.2	1665	1485.9	0	0
XR_006409247.2	1439	1259.9	0	0
XR_006409255.2	3509	3329.9	0	0
XR_006409256.2	1344	1164.9	0	0
XR_006409260.1	2617	2437.9	1	0.176115
XR_006409261.2	4905	4725.9	2.06411	0.187526
XR_006409264.2	9654	9474.9	3.07585	0.139381
XR_006409267.2	12612	12432.9	0	0
XR_006409273.2	560	380.98	0	0
XR_006409275.1	365	188.588	0	0
XR_006409276.1	342	167.307	0	0
XR_006409278.2	1991	1811.9	0	0
XR_006409279.1	267	103.51	0	0
XR_006409280.2	773	593.98	0	0
XR_006409281.2	680	500.98	0	0
XR_006409282.2	1054	874.905	0	0
XR_006409283.2	2173	1993.9	0	0
XR_006409289.2	7173	6993.9	1	0.0613894
XR_006409292.2	872	692.98	0	0
XR_006409297.2	2512	2332.9	0	0
XR_006409298.2	2489	2309.9	16.3692	3.04261
XR_006409300.2	1377	1197.9	0.0730671	0.0261887
XR_006409304.2	4968	4788.9	0	0
XR_006409305.2	1415	1235.9	0	0
XR_006409306.2	1374	1194.9	1.92693	0.692384
XR_006409310.2	5313	5133.9	9.44731	0.790085
XR_006409311.2	1952	1772.9	1	0.242174
XR_006409313.2	6894	6714.9	4.95104	0.31657
XR_006409314.2	5705	5525.9	5	0.38849
XR_006409315.2	2734	2554.9	0	0
XR_006409316.2	708	528.98	0	0
XR_006409318.2	23800	23620.9	13.2745	0.241288
XR_006409319.2	3784	3604.9	0	0
XR_006409329.2	861	681.98	0.00046328	0.000291666
XR_006409330.2	1458	1278.9	19	6.37865
XR_006409331.1	1890	1710.9	0	0
XR_006409334.2	1402	1222.9	78.2351	27.4677
XR_006409335.2	2836	2656.9	14.0549	2.27125
XR_006409336.2	442	263.499	0	0
XR_006409340.2	15477	15297.9	8	0.224528
XR_006409345.2	788	608.98	0	0
XR_006409346.2	4065	3885.9	0	0
XR_006409347.2	4553	4373.9	0	0
XR_006409348.2	959	779.905	0	0
XR_006409349.2	15047	14867.9	11.4902	0.33181
XR_006409350.2	15070	14890.9	1.52848	0.0440709
XR_006409352.1	1148	968.905	0	0
XR_006409353.1	1075	895.905	1	0.479238
XR_006409354.2	10250	10070.9	6.00541	0.256028
XR_006409355.2	15219	15039.9	24.4102	0.69685
XR_006409356.2	766	586.98	1.63131	1.19324
XR_006409357.2	2974	2794.9	6	0.921717
XR_006409367.2	8156	7976.9	4	0.215298
XR_006409369.2	1099	919.905	0	0
XR_006409371.2	707	527.98	0	0
XR_006409372.2	2836	2656.9	74.4611	12.0328
XR_006409376.2	286	118.757	0	0
XR_006409377.2	306	135.147	0	0
XR_006409378.2	701	521.98	2	1.64509
XR_006409381.2	2904	2724.9	8	1.26053
XR_006409382.2	3304	3124.9	0	0
XR_006409383.2	870	690.98	0	0
XR_006409384.2	1391	1211.9	10	3.54279
XR_006409386.2	5960	5780.9	32.2585	2.39586
XR_006409387.2	6330	6150.9	0	0
XR_006409391.2	8655	8475.9	0	0
XR_006409392.2	7818	7638.9	0	0
XR_006409393.2	7303	7123.9	13.3466	0.804386
XR_006409394.2	8486	8306.9	0	0
XR_006409396.2	3882	3702.9	0	0
XR_006409397.2	9203	9023.9	1	0.0475794
XR_006409398.2	3208	3028.9	0	0
XR_006409402.2	5404	5224.9	0	0
XR_006409403.2	2969	2789.9	0	0
XR_006409406.2	1492	1312.9	0	0
XR_006409407.2	921	741.98	1.97375	1.14212
XR_006409408.2	2588	2408.9	0	0
XR_006409415.2	1100	920.905	50.4466	23.5196
XR_006409420.2	735	555.98	0.767021	0.592326
XR_006409421.2	1186	1006.9	2.23298	0.95216
XR_006409422.2	524	345.091	0	0
XR_006409424.2	6807	6627.9	5	0.323897
XR_006409433.2	11933	11753.9	3	0.109585
XR_006409436.2	6467	6287.9	8	0.546258
XR_006409437.2	8731	8551.9	0	0
XR_006409439.2	4522	4342.9	0	0
XR_006409440.2	1664	1484.9	28.3966	8.21073
XR_006409444.2	5699	5519.9	4.11412	0.320006
XR_006409446.2	2819	2639.9	1	0.162639
XR_006409447.2	10622	10442.9	0	0
XR_006409448.2	461	282.362	0	0
XR_006409449.2	514	335.091	0	0
XR_006409451.1	312	140.373	0	0
XR_006409452.2	493	314.154	0	0
XR_006409454.2	386	208.716	0	0
XR_006409458.2	2501	2321.9	0	0
XR_006409459.2	2358	2178.9	0	0
XR_006409461.2	545	366.056	0	0
XR_006409465.2	2636	2456.9	2	0.349506
XR_006409466.2	602	422.98	0	0
XR_006409467.2	1141	961.905	0	0
XR_006409468.2	2091	1911.9	0	0
XR_006409469.2	643	463.98	0	0
XR_006409473.2	9297	9117.9	1.00036	0.0471058
XR_006409476.2	3467	3287.9	1	0.130585
XR_006409483.2	1729	1549.9	8.31943	2.30463
XR_006409486.2	3993	3813.9	0	0
XR_006409487.2	4135	3955.9	13.7595	1.49338
XR_006409488.2	2894	2714.9	0	0
XR_006409490.2	3923	3743.9	0	0
XR_006409496.2	4066	3886.9	1.35174	0.149315
XR_006409500.2	2950	2770.9	0	0
XR_006409512.1	343	168.255	0	0
XR_006409516.2	4105	3925.9	12.3796	1.35388
XR_006409517.2	12169	11989.9	21.4588	0.768426
XR_006409521.2	1056	876.905	0	0
XR_006409522.2	3284	3104.9	0	0
XR_006409523.2	848	668.98	0	0
XR_006409524.2	5244	5064.9	0	0
XR_006409525.2	532	353.091	0	0
XR_006409527.2	8070	7890.9	3	0.163233
XR_006409541.2	13295	13115.9	3.00196	0.0982699
XR_006409547.2	14418	14238.9	0	0
XR_006409554.1	1915	1735.9	0	0
XR_006409555.2	865	685.98	0	0
XR_006409566.2	3656	3476.9	0	0
XR_006409567.2	2147	1967.9	3	0.654532
XR_006409570.2	3362	3182.9	0	0
XR_006409573.2	6199	6019.9	17	1.21247
XR_006409574.1	828	648.98	0	0
XR_006409575.2	198	57.8864	0	0
XR_006409576.2	14315	14135.9	17.3036	0.525565
XR_006409579.2	323	150.128	1.87828	5.37169
XR_006409580.2	603	423.98	0	0
XR_006409581.2	1985	1805.9	3.13138	0.744482
XR_006409582.2	3867	3687.9	1	0.116422
XR_006409588.1	625	445.98	0	0
XR_006409589.2	1196	1016.9	0	0
XR_006409590.2	359	182.889	0	0
XR_006409591.2	290	121.933	0	0
XR_006409593.2	311	139.475	0	0
XR_006409594.2	1832	1652.9	0	0
XR_006409597.2	1218	1038.9	12.7722	5.27843
XR_006409599.2	1724	1544.9	10.0974	2.80622
XR_006409601.2	534	355.091	0	0
XR_006409602.2	1320	1140.9	0	0
XR_006409604.2	1456	1276.9	0	0
XR_006409605.2	1582	1402.9	0	0
XR_006409606.2	477	298.277	0	0
XR_006409608.2	872	692.98	0	0
XR_006409622.2	662	482.98	0	0
XR_006409624.2	1821	1641.9	1	0.261496
XR_006409626.2	2110	1930.9	0	0
XR_006409630.2	3778	3598.9	0	0
XR_006409631.1	666	486.98	0	0
XR_006409635.2	452	273.446	0	0
XR_006409639.2	8345	8165.9	0	0
XR_006409640.2	8416	8236.9	0	0
XR_006409641.2	11766	11586.9	0	0
XR_006409643.2	1138	958.905	2	0.895505
XR_006409655.1	781	601.98	1	0.713233
XR_006409668.2	1167	987.905	0	0
XR_006409670.2	768	588.98	0	0
XR_006409671.2	2110	1930.9	1	0.222358
XR_006409675.2	355	179.127	0	0
XR_006409676.2	509	330.091	0	0
XR_006409677.2	1106	926.905	2	0.926421
XR_006409678.1	1660	1480.9	1	0.289925
XR_006409679.2	192	54.5667	0	0
XR_006409680.2	787	607.98	0	0
XR_006409682.2	974	794.905	0	0
XR_006409683.2	1294	1114.9	0	0
XR_006409684.2	16261	16081.9	1.01489	0.0270953
XR_006409689.2	802	622.98	45.9829	31.691
XR_006409690.2	7151	6971.9	1.08949	0.0670942
XR_006409691.2	2826	2646.9	0	0
XR_006409692.2	1015	835.905	3	1.54091
XR_006409693.2	11312	11132.9	0.999999	0.038566
XR_006409694.2	3227	3047.9	1.05578	0.148726
XR_006409697.2	703	523.98	0	0
XR_006409700.2	3008	2828.9	0	0
XR_006409701.2	2474	2294.9	1.59591	0.298577
XR_006409702.2	2130	1950.9	0	0
XR_006409703.2	11609	11429.9	47.3257	1.77774
XR_006409706.2	3831	3651.9	54.7787	6.44029
XR_006409708.2	7830	7650.9	1	0.0561178
XR_006409717.2	4094	3914.9	0	0
XR_006409720.2	1927	1747.9	0	0
XR_006409721.2	1777	1597.9	0	0
XR_006409722.2	1203	1023.9	0	0
XR_006409730.2	1585	1405.9	0	0
XR_006409731.2	1270	1090.9	0	0
XR_006409732.2	10159	9979.9	0	0
XR_006409734.2	2929	2749.9	0.0433128	0.00676257
XR_006409738.2	2938	2758.9	0	0
XR_006409740.2	6203	6023.9	0	0
XR_006409741.2	5764	5584.9	0	0
XR_006409742.2	5672	5492.9	0	0
XR_006409746.2	649	469.98	0	0
XR_006409747.2	636	456.98	0	0
XR_006409748.2	14659	14479.9	2.1066	0.062464
XR_006409749.2	2393	2213.9	0	0
XR_006409750.2	2277	2097.9	0	0
XR_006409751.2	711	531.98	0	0
XR_006409752.1	1325	1145.9	0	0
XR_006409756.2	301	130.954	0	0
XR_006409758.2	2005	1825.9	0	0
XR_006409759.2	1005	825.905	8	4.15885
XR_006409760.2	6973	6793.9	66.4068	4.19669
XR_006409764.2	328	154.673	0	0
XR_006409767.2	6079	5899.9	2.00847	0.146161
XR_006409769.2	2452	2272.9	0	0
XR_006409772.2	1395	1215.9	25.8962	9.14429
XR_006409773.2	2610	2430.9	0	0
XR_006409774.2	674	494.98	0	0
XR_006409777.2	3174	2994.9	3	0.430082
XR_006409779.2	4557	4377.9	3.94345	0.386744
XR_006409780.2	4636	4456.9	3.74791	0.361051
XR_006409783.2	496	317.123	0	0
XR_006409784.2	2696	2516.9	0	0
XR_006409785.2	288	120.308	3	10.7063
XR_006409787.2	5259	5079.9	1	0.0845197
XR_006409789.2	3555	3375.9	0	0
XR_006409792.2	2368	2188.9	0	0
XR_006409796.2	2402	2222.9	0	0
XR_006409799.2	924	744.98	0	0
XR_006409805.2	1409	1229.9	0	0
XR_006409806.2	981	801.905	55.8477	29.9017
XR_006409812.2	6836	6656.9	2.18923e-06	1.41199e-07
XR_006409815.2	6755	6575.9	19	1.24054
XR_006409820.2	1401	1221.9	1	0.351379
XR_006409821.2	2134	1954.9	1	0.219628
XR_006409827.2	4549	4369.9	3.63225	0.356876
XR_006409830.2	5388	5208.9	0	0
XR_006409831.2	6993	6813.9	0	0
XR_006409834.2	1774	1594.9	0	0
XR_006409840.2	366	189.55	0	0
XR_006409841.1	575	395.98	1	1.08428
XR_006409842.2	1097	917.905	0	0
XR_006409843.2	1257	1077.9	0	0
XR_006409845.2	392	214.567	0	0
XR_006409846.2	615	435.98	0	0
XR_006409847.1	528	349.091	0	0
XR_006409848.2	4216	4036.9	0	0
XR_006409849.2	10063	9883.9	1.07369e-05	4.66404e-07
XR_006409850.2	2845	2665.9	0	0
XR_006409851.2	2359	2179.9	10	1.96959
XR_006409853.2	679	499.98	0	0
XR_006409855.2	6510	6330.9	2	0.135637
XR_006409857.1	2143	1963.9	22.9212	5.01107
XR_006409859.2	2683	2503.9	0	0
XR_006409860.2	2714	2534.9	0	0
XR_006409861.1	858	678.98	0	0
XR_006409864.2	301	130.954	0	0
XR_006409865.2	364	187.645	0	0
XR_006409867.2	4676	4496.9	0	0
XR_006409868.1	355	179.127	0	0
XR_006409869.1	425	246.808	0	0
XR_006409870.2	647	467.98	0	0
XR_006409871.2	727	547.98	4	3.13407
XR_006409875.2	2561	2381.9	0	0
XR_006409876.2	2445	2265.9	4.95337e-06	9.38584e-07
XR_006409877.2	1113	933.905	0	0
XR_006409878.2	814	634.98	0	0
XR_006409879.2	6586	6406.9	90.9907	6.09765
XR_006409880.2	2751	2571.9	3	0.500818
XR_006409881.2	2339	2159.9	0	0
XR_006409888.2	10696	10516.9	12.7453	0.520326
XR_006409890.2	462	283.362	12.7233	19.2784
XR_006409891.2	1483	1303.9	0	0
XR_006409892.2	2456	2276.9	0	0
XR_006409893.2	729	549.98	0	0
XR_006409894.2	3734	3554.9	1	0.120777
XR_006409898.2	6587	6407.9	0	0
XR_006409919.2	1755	1575.9	0	0
XR_006409920.2	1667	1487.9	0	0
XR_006409922.2	2316	2136.9	10.9015	2.19035
XR_006409930.2	11785	11605.9	0	0
XR_006409932.2	6064	5884.9	0	0
XR_006409933.2	6627	6447.9	0	0
XR_006409934.2	4694	4514.9	0	0
XR_006409935.2	4652	4472.9	0	0
XR_006409936.2	3887	3707.9	0	0
XR_006409937.2	2296	2116.9	4.91134	0.996121
XR_006409938.2	3571	3391.9	0	0
XR_006409939.2	1442	1262.9	4.82654	1.64089
XR_006409941.2	1761	1581.9	0	0
XR_006409942.2	1156	976.905	0	0
XR_006409943.2	2043	1863.9	1.40919	0.324607
XR_006409945.2	1352	1172.9	0	0
XR_006409946.2	629	449.98	0	0
XR_006409947.2	1013	833.905	0	0
XR_006409948.2	310	138.605	0	0
XR_006409949.2	367	190.512	0	0
XR_006409956.2	2344	2164.9	9.93259	1.96987
XR_006409959.2	5781	5601.9	35.3298	2.70782
XR_006409965.2	2088	1908.9	0	0
XR_006409967.2	792	612.98	1	0.700433
XR_006409980.2	1728	1548.9	13	3.60356
XR_006409981.2	4102	3922.9	186.033	20.3608
XR_006409982.2	3102	2922.9	29.8026	4.37776
XR_006409983.2	582	402.98	0	0
XR_006409985.2	3432	3252.9	0	0
XR_006409986.2	2243	2063.9	64.1859	13.3525
XR_006409995.1	1202	1022.9	0	0
XR_006409996.2	399	221.393	15	29.0898
XR_006409997.2	4972	4792.9	0	0
XR_006409998.2	4857	4677.9	1	0.091783
XR_006409999.2	612	432.98	0	0
XR_006410000.2	5584	5404.9	1	0.0794375
XR_006410001.2	1738	1558.9	2	0.550838
XR_006410002.2	678	498.98	0	0
XR_006410003.2	8332	8152.9	8.11665	0.427443
XR_006410004.2	8639	8459.9	11.8691	0.602372
XR_006410005.2	3279	3099.9	0	0
XR_006410007.2	5849	5669.9	15	1.13587
XR_006410008.2	5840	5660.9	0	0
XR_006410022.2	7383	7203.9	0	0
XR_006410025.2	3254	3074.9	0	0
XR_006410030.2	590	410.98	1	1.0447
XR_006410035.2	1144	964.905	4	1.77987
XR_006410037.2	5742	5562.9	0	0
XR_006410039.2	3103	2923.9	0	0
XR_006410040.2	4187	4007.9	0	0
XR_006410049.2	687	507.98	16.1455	13.6464
XR_006410050.2	5346	5166.9	0	0
XR_006410052.2	1432	1252.9	0	0
XR_006410053.2	2132	1952.9	0	0
XR_006410054.1	903	723.98	3.61034	2.14109
XR_006410055.2	769	589.98	0	0
XR_006410058.2	1144	964.905	0	0
XR_006410061.2	10039	9859.9	0	0
XR_006410062.2	4263	4083.9	0	0
XR_006410063.2	6896	6716.9	0	0
XR_006410064.2	3109	2929.9	0	0
XR_006410066.2	3040	2860.9	0	0
XR_006410068.2	455	276.419	0	0
XR_006410072.2	7624	7444.9	2	0.115341
XR_006410073.2	2447	2267.9	0	0
XR_006410075.2	999	819.905	0	0
XR_006410076.2	1034	854.905	0	0
XR_006410079.2	5658	5478.9	7	0.548552
XR_006410081.2	530	351.091	48	58.6996
XR_006410082.2	2031	1851.9	50.5584	11.7216
XR_006410085.2	1989	1809.9	8.4416	2.00255
XR_006410096.2	984	804.905	4	2.13368
XR_006410097.2	2584	2404.9	0	0
XR_006410098.2	8273	8093.9	295.825	15.6924
XR_006410099.1	3620	3440.9	0	0
XR_006410100.2	4833	4653.9	6.34617	0.585474
XR_006410101.2	1848	1668.9	40.6604	10.4605
XR_006410102.2	1111	931.905	0	0
XR_006410106.2	1548	1368.9	0	0
XR_006410108.2	2332	2152.9	0	0
XR_006410109.2	14275	14095.9	8.51816	0.259457
XR_006410116.2	1296	1116.9	3	1.15324
XR_006410119.2	11730	11550.9	103	3.82855
XR_006410120.2	4714	4534.9	0	0
XR_006410123.2	669	489.98	12.6766	11.1081
XR_006410125.2	2510	2330.9	0	0
XR_006410126.2	295	126.038	0	0
XR_006410127.2	14572	14392.9	4	0.119323
XR_006410130.2	6168	5988.9	0	0
XR_006410132.2	3252	3072.9	0	0
XR_006410134.2	1191	1011.9	0	0
XR_006410135.2	481	302.247	0	0
XR_006410136.2	1282	1102.9	0	0
XR_006410140.2	838	658.98	14	9.12156
XR_006410142.2	668	488.98	0	0
XR_006410144.2	2466	2286.9	1.33821	0.251241
XR_006410145.2	1632	1452.9	5	1.47756
XR_006410146.2	541	362.056	1	1.18587
XR_006410147.2	1681	1501.9	0.00563402	0.00161061
XR_006410148.2	1673	1493.9	5.99437	1.7228
XR_006410149.1	371	194.279	0	0
XR_006410150.2	735	555.98	0	0
XR_006410153.2	472	293.277	1	1.46398
XR_006410154.2	1311	1131.9	0	0
XR_006410160.2	3077	2897.9	2.43365	0.360569
XR_006410161.2	1282	1102.9	1.88044	0.732042
XR_006410163.2	2472	2292.9	0	0
XR_006410164.2	3739	3559.9	18	2.17094
XR_006410167.2	3847	3667.9	100.648	11.7815
XR_006410168.2	405	227.259	0	0
XR_006410170.2	5210	5030.9	0	0
XR_006410175.2	1204	1024.9	0	0
XR_006410176.2	1122	942.905	3	1.36605
XR_006410177.2	2052	1872.9	11.5956	2.65821
XR_006410179.2	4795	4615.9	0	0
XR_006410181.2	6982	6802.9	0	0
XR_006410182.2	421	242.881	5.72398	10.1185
XR_006410183.2	669	489.98	1.1755	1.03005
XR_006410185.2	462	283.362	53	80.3058
XR_006410186.2	6094	5914.9	1	0.0725881
XR_006410187.2	1154	974.905	0	0
XR_006410189.2	6854	6674.9	7.71715	0.496393
XR_006410190.2	825	645.98	0	0
XR_006410191.2	887	707.98	0	0
XR_006410194.2	4525	4345.9	4.0152	0.39668
XR_006410196.2	2185	2005.9	0	0
XR_006410198.1	133	29.6338	1	14.4886
XR_006410199.1	440	261.551	0	0
XR_006410200.1	440	261.551	0	0
XR_006410201.2	2064	1884.9	0	0
XR_006410202.2	2059	1879.9	0	0
XR_006410206.2	5077	4897.9	1.00385	0.087998
XR_006410207.2	10610	10430.9	4.86064	0.200071
XR_006410208.2	7399	7219.9	13.1474	0.781849
XR_006410209.2	8309	8129.9	0	0
XR_006410210.2	10996	10816.9	0	0
XR_006410211.2	300	130.105	1	3.30004
XR_006410212.1	379	201.901	0	0
XR_006410213.2	3700	3520.9	2	0.243887
XR_006410215.2	6965	6785.9	0	0
XR_006410217.2	2801	2621.9	2	0.327511
XR_006410218.2	1739	1559.9	0	0
XR_006410220.2	1558	1378.9	3	0.934115
XR_006410221.2	528	349.091	0	0
XR_006410226.2	2164	1984.9	0	0
XR_006410227.2	1538	1358.9	0	0
XR_006410228.2	6572	6392.9	11	0.738768
XR_006410229.2	943	763.905	15.6894	8.81819
XR_006410230.2	1060	880.905	4.47413	2.18069
XR_006410231.2	2000	1820.9	4.73143	1.11563
XR_006410232.2	2502	2322.9	0	0
XR_006410233.2	696	516.98	0	0
XR_006410234.2	1323	1143.9	0	0
XR_006410235.2	907	727.98	5.37959e-06	3.1728e-06
XR_006410236.2	686	506.98	0	0
XR_006410238.2	785	605.98	0	0
XR_006410240.2	3464	3284.9	0	0
XR_006410241.2	3458	3278.9	0	0
XR_006410245.2	3420	3240.9	0	0
XR_006410251.2	1621	1441.9	0	0
XR_006410255.2	767	587.98	1	0.730215
XR_006410256.2	457	278.419	3	4.62633
XR_006410258.2	1292	1112.9	0	0
XR_006410259.2	1110	930.905	0	0
XR_006410260.2	1078	898.905	1	0.477639
XR_006410261.2	2888	2708.9	0	0
XR_006410262.2	3560	3380.9	0	0
XR_006410263.2	3555	3375.9	0	0
XR_006410264.2	2753	2573.9	0	0
XR_006410265.2	1922	1742.9	1	0.246343
XR_006410266.2	4677	4497.9	0	0
XR_006410267.2	4527	4347.9	2.59303	0.256059
XR_006410268.2	3653	3473.9	0	0
XR_006410269.2	768	588.98	1	0.728975
XR_006410270.2	2227	2047.9	0	0
XR_006410271.2	1364	1184.9	0.198682	0.0719926
XR_006410272.2	1362	1182.9	1.80132	0.653814
XR_006410273.1	312	140.373	0	0
XR_006410274.2	249	90.2619	0	0
XR_006410275.2	6355	6175.9	0	0
XR_006410276.2	1181	1001.9	0	0
XR_006410277.2	1782	1602.9	3	0.803576
XR_006410278.2	2079	1899.9	2	0.451972
XR_006410282.2	3124	2944.9	0	0
XR_006410283.2	579	399.98	0	0
XR_006410284.2	1147	967.905	0	0
XR_006410286.2	4785	4605.9	0	0
XR_006410287.2	1252	1072.9	0	0
XR_006410288.2	832	652.98	0	0
XR_006410289.2	1997	1817.9	0	0
XR_006410290.2	467	288.277	0	0
XR_006410291.2	7498	7318.9	0.00135832	7.96838e-05
XR_006410292.2	4362	4182.9	0	0
XR_006410293.2	4254	4074.9	9.74506	1.02679
XR_006410294.2	5199	5019.9	0	0
XR_006410297.1	560	380.98	2	2.25393
XR_006410298.2	894	714.98	1	0.600509
XR_006410299.2	2454	2274.9	0	0
XR_006410301.2	5323	5143.9	0	0
XR_006410302.2	5198	5018.9	0	0
XR_006410304.2	717	537.98	0	0
XR_006410305.2	236	81.1516	0	0
XR_006410306.2	802	622.98	0	0
XR_006410307.2	230	77.2366	1	5.55892
XR_006410309.2	256	95.2184	0	0
XR_006410313.2	3765	3585.9	5	0.598666
XR_006410314.1	1314	1134.9	0	0
XR_006410315.2	1732	1552.9	0	0
XR_006410316.2	1121	941.905	0	0
XR_006410317.1	1062	882.905	0	0
XR_006410318.2	2707	2527.9	0	0
XR_006410319.2	5269	5089.9	3	0.253061
XR_006410320.2	838	658.98	1	0.65154
XR_006410326.2	2779	2599.9	0	0
XR_006410327.2	351	175.486	1	2.44664
XR_006410328.2	528	349.091	0	0
XR_006410329.2	354	178.271	0	0
XR_006410332.2	372	195.24	0	0
XR_006410333.2	366	189.55	0	0
XR_006410334.2	5802	5622.9	4	0.305431
XR_006410337.2	3585	3405.9	8.34745	1.05229
XR_006410339.2	4741	4561.9	17.3021	1.62842
XR_006410340.2	786	606.98	0.471242	0.333337
XR_006410341.2	1599	1419.9	12.2266	3.6971
XR_006410347.2	9448	9268.9	0	0
XR_006410349.2	9163	8983.9	0	0
XR_006410350.2	9594	9414.9	0	0
XR_006410351.2	9014	8834.9	0	0
XR_006410354.1	409	231.166	0	0
XR_006410355.2	4639	4459.9	0	0
XR_006410356.2	543	364.056	0	0
XR_006410357.2	4591	4411.9	1	0.0973167
XR_006410358.1	1034	854.905	0	0
XR_006410359.2	621	441.98	45.9123	44.6005
XR_006410361.2	2019	1839.9	11	2.56691
XR_006410362.2	4492	4312.9	0	0
XR_006410363.2	825	645.98	0	0
XR_006410364.2	323	150.128	0	0
XR_006410366.2	1160	980.905	0	0
XR_006410367.2	649	469.98	0	0
XR_006410369.2	11805	11625.9	0	0
XR_006410371.2	2782	2602.9	1	0.164951
XR_006410372.2	3234	3054.9	0	0
XR_006410376.2	1814	1634.9	0	0
XR_006410377.1	773	593.98	0	0
XR_006410378.2	786	606.98	0	0
XR_006410379.2	1075	895.905	0	0
XR_006410380.2	4268	4088.9	21.2962	2.23619
XR_006410385.2	1476	1296.9	0	0
XR_006410386.1	316	143.872	0	0
XR_006410388.2	1363	1183.9	3.21664	1.16654
XR_006410390.1	1103	923.905	0	0
XR_006410391.2	1469	1289.9	0	0
XR_006410392.2	1780	1600.9	0	0
XR_006410395.1	1705	1525.9	0	0
XR_006410396.2	5800	5620.9	0	0
XR_006410400.2	10826	10646.9	0	0
XR_006410401.2	4542	4362.9	0	0
XR_006410402.2	567	387.98	0	0
XR_006410410.2	12578	12398.9	3	0.103885
XR_006410411.2	40839	40659.9	0.0146776	0.00015499
XR_006410416.2	2368	2188.9	14.5787	2.8596
XR_006410417.2	6538	6358.9	0	0
XR_006410420.2	2420	2240.9	0	0
XR_006410421.2	1786	1606.9	0	0
XR_006410422.2	486	307.217	1	1.39755
XR_006410423.2	3496	3316.9	1.94873	0.25225
XR_006410424.2	4306	4126.9	0	0
XR_006410425.2	2726	2546.9	0	0
XR_006410426.2	2609	2429.9	2	0.35339
XR_006410428.2	7708	7528.9	0	0
XR_006410429.2	3606	3426.9	57.951	7.26059
XR_006410430.2	4201	4021.9	35.9161	3.83417
XR_006410431.2	4031	3851.9	0	0
XR_006410432.2	649	469.98	0	0
XR_006410436.2	730	550.98	0	0
XR_006410437.2	1233	1053.9	0	0
XR_006410438.2	1985	1805.9	0	0
XR_006410450.2	13960	13780.9	35.9219	1.11917
XR_006410453.2	2716	2536.9	53.4243	9.04165
XR_006410454.2	714	534.98	0	0
XR_006410455.1	324	151.051	0	0
XR_006410464.2	10463	10283.9	0	0
XR_006410465.2	1622	1442.9	0	0
XR_006410466.2	5803	5623.9	0	0
XR_006410467.2	1516	1336.9	0	0
XR_006410469.2	2834	2654.9	0	0
XR_006410470.2	2114	1934.9	0	0
XR_006410471.2	2652	2472.9	1.32317	0.229732
XR_006410473.2	1791	1611.9	2.39808e-05	6.38761e-06
XR_006410485.2	1004	824.905	0	0
XR_006410486.2	3569	3389.9	0	0
XR_006410489.2	2170	1990.9	0	0
XR_006410491.2	703	523.98	2	1.63881
XR_006410492.2	5329	5149.9	0	0
XR_006410496.2	1077	897.905	0	0
XR_006410497.2	1090	910.905	0	0
XR_006410500.2	2970	2790.9	0	0
XR_006410501.2	2833	2653.9	0	0
XR_006410502.2	2902	2722.9	0	0
XR_006410505.2	6780	6600.9	3.03087	0.197141
XR_006410507.2	6259	6079.9	0	0
XR_006410508.2	598	418.98	0	0
XR_006410512.2	1763	1583.9	1.6277	0.441225
XR_006410514.2	4063	3883.9	0	0
XR_006410515.2	411	233.12	0	0
XR_006410517.2	977	797.905	0	0
XR_006410518.2	3793	3613.9	0	0
XR_006410519.2	841	661.98	1	0.648587
XR_006410524.2	2706	2526.9	0	0
XR_006410525.2	1691	1511.9	81	23.0024
XR_006410526.2	1723	1543.9	7.6464	2.12642
XR_006410527.2	8675	8495.9	100	5.05363
XR_006410528.2	11730	11550.9	4.3536	0.161825
XR_006410532.2	405	227.259	86.1478	162.756
XR_006410534.2	10390	10210.9	0	0
XR_006410536.2	11424	11244.9	0	0
XR_006410537.1	650	470.98	0	0
XR_006410538.2	1562	1382.9	0	0
XR_006410539.2	1729	1549.9	0	0
XR_006410540.2	8835	8655.9	67.935	3.36972
XR_006410541.2	338	163.695	4.9289	12.9279
XR_006410542.2	338	163.695	0	0
XR_006410544.2	1189	1009.9	1.12093	0.476555
XR_006410545.2	2112	1932.9	0	0
XR_006410546.2	2208	2028.9	0	0
XR_006410550.2	2780	2600.9	0	0
XR_006410551.2	400	222.371	0	0
XR_006410552.2	859	679.98	0	0
XR_006410554.2	796	616.98	0	0
XR_006410560.2	1214	1034.9	1.93106	0.801143
XR_006410568.2	230	77.2366	0	0
XR_006410569.2	817	637.98	2	1.34597
XR_006410570.2	403	225.304	1	1.90566
XR_006410573.2	2069	1889.9	0	0
XR_006410574.2	1418	1238.9	1	0.346558
XR_006410575.2	6889	6709.9	1.00004	0.0639903
XR_006410577.2	734	554.98	0	0
XR_006410578.2	5832	5652.9	3.14662	0.238994
XR_006410579.2	6443	6263.9	0	0
XR_006410580.2	1040	860.905	2	0.997444
XR_006410581.2	564	384.98	3	3.34577
XR_006410583.2	720	540.98	0	0
XR_006410584.2	1574	1394.9	0	0
XR_006410585.2	697	517.98	0	0
XR_006410587.2	500	321.091	0	0
XR_006410589.2	3279	3099.9	197	27.2855
XR_006410595.2	1341	1161.9	0	0
XR_006410598.1	1860	1680.9	0	0
XR_006410600.2	3143	2963.9	0	0
XR_006410601.2	2900	2720.9	0	0
XR_006410606.2	2436	2256.9	0	0
XR_006410607.2	803	623.98	0	0
XR_006410612.2	2207	2027.9	0	0
XR_006410613.2	2870	2690.9	24.8215	3.96044
XR_006410617.2	16201	16021.9	3	0.0803934
XR_006410618.2	1275	1095.9	0	0
XR_006410619.2	3092	2912.9	0	0
XR_006410620.2	472	293.277	5	7.31991
XR_006410621.1	652	472.98	0	0
XR_006410623.2	385	207.757	1	2.0666
XR_006410624.2	20041	19861.9	40.0369	0.865472
XR_006410626.2	21387	21207.9	8.72915e-06	1.76721e-07
XR_006410627.2	6648	6468.9	2	0.132743
XR_006410628.2	4275	4095.9	0	0
XR_006410634.2	1903	1723.9	1.19067e-07	2.96546e-08
XR_006410635.2	4619	4439.9	12	1.16044
XR_006410636.2	4021	3841.9	0	0
XR_006410637.2	3950	3770.9	0	0
XR_006410638.2	3643	3463.9	0	0
XR_006410639.2	3631	3451.9	4.21515	0.524286
XR_006410642.2	1129	949.905	0	0
XR_006410645.2	5146	4966.9	0	0
XR_006410648.2	439	260.551	0	0
XR_006410649.2	7890	7710.9	1	0.0556811
XR_006410650.2	1635	1455.9	0	0
XR_006410651.2	6089	5909.9	0	0
XR_006410653.2	6870	6690.9	0	0
XR_006410654.2	6806	6626.9	0	0
XR_006410655.1	963	783.905	0	0
XR_006410657.2	3572	3392.9	0	0
XR_006410658.2	763	583.98	2.55648	1.87957
XR_006410659.2	7180	7000.9	2.12435	0.130282
XR_006410660.2	1429	1249.9	0	0
XR_006410665.2	25666	25486.9	1.16111	0.0195601
XR_006410667.2	823	643.98	2.60191	1.73474
XR_006410669.2	3564	3384.9	0	0
XR_006410671.2	890	710.98	0	0
XR_006410674.2	1748	1568.9	0	0
XR_006410675.1	1521	1341.9	2	0.639914
XR_006410677.2	13553	13373.9	24.3202	0.780769
XR_006410678.2	2275	2095.9	1	0.204853
XR_006410681.2	578	398.98	0	0
XR_006410684.2	713	533.98	8.79742	7.07365
XR_006410686.2	3894	3714.9	1.06002	0.122512
XR_006410688.2	1098	918.905	0	0
XR_006410689.2	842	662.98	0	0
XR_006410692.2	5103	4923.9	0	0
XR_006410693.2	161	40.1107	1	10.7042
XR_006410697.2	318	145.693	0	0
XR_006410705.2	26222	26042.9	0.00015677	2.58457e-06
XR_006410706.2	26339	26159.9	4.51621e-07	7.41227e-09
XR_006410707.2	26003	25823.9	9.58002	0.159279
XR_006410708.2	5343	5163.9	1	0.0831448
XR_006410713.2	418	239.953	1	1.78931
XR_006410714.2	1969	1789.9	3.65336	0.876346
XR_006410715.2	3249	3069.9	0	0
XR_006410716.2	5993	5813.9	76.5394	5.65237
XR_006410717.2	1671	1491.9	0	0
XR_006410720.2	2785	2605.9	34.4671	5.67885
XR_006410722.2	505	326.091	1	1.31666
XR_006410740.2	1684	1504.9	0	0
XR_006410741.2	5857	5677.9	0	0
XR_006410742.1	224	73.5148	0	0
XR_006410743.1	1672	1492.9	0	0
XR_006410744.2	2579	2399.9	0	0
XR_006410745.2	1495	1315.9	0	0
XR_006410747.2	1042	862.905	0	0
XR_006410748.2	175	45.9609	0	0
XR_006410750.2	401	223.304	0	0
XR_006410751.2	537	358.056	0	0
XR_006410752.2	494	315.154	3	4.08706
XR_006410754.2	1111	931.905	0	0
XR_006410758.2	2163	1983.9	6.94862	1.5038
XR_006410764.1	185	50.8555	0	0
XR_006410765.2	1290	1110.9	0	0
XR_006410766.2	1186	1006.9	0	0
XR_006410767.2	576	396.98	0	0
XR_006410768.2	386	208.716	0	0
XR_006410770.2	974	794.905	0	0
XR_006410771.2	420	241.905	0	0
XR_006410772.2	2064	1884.9	0	0
XR_006410774.2	5793	5613.9	24	1.83552
XR_006410775.2	451	272.446	0	0
XR_006410781.2	489	310.186	0	0
XR_006410783.2	1085	905.905	0	0
XR_006410786.2	648	468.98	0	0
XR_006410787.1	349	173.699	0	0
XR_006410788.2	2288	2108.9	2	0.40718
XR_006410789.2	5407	5227.9	0	0
XR_006410794.2	7501	7321.9	2.51739	0.147618
XR_006410803.2	416	238.049	0	0
XR_006410804.2	1771	1591.9	0	0
XR_006410805.2	5456	5276.9	0	0
XR_006410806.2	5614	5434.9	0	0
XR_006410808.2	2108	1928.9	24.305	5.41001
XR_006410809.2	335	161.043	3.97079	10.5864
XR_006410810.2	588	408.98	0	0
XR_006410811.2	646	466.98	0	0
XR_006410812.2	794	614.98	7.441	5.19498
XR_006410813.2	629	449.98	4.07161	3.88495
XR_006410814.2	2232	2052.9	0	0
XR_006410815.2	2119	1939.9	14	3.09857
XR_006410816.2	3140	2960.9	0	0
XR_006410817.1	3494	3314.9	0	0
XR_006410818.1	3571	3391.9	2	0.253163
XR_006410819.1	2973	2793.9	0	0
XR_006410825.2	1409	1229.9	0	0
XR_006410826.2	1251	1071.9	8.90572	3.56719
XR_006410832.2	7129	6949.9	18	1.11201
XR_006410833.2	6006	5826.9	0	0
XR_006410835.2	7076	6896.9	1	0.0622528
XR_006410845.2	2780	2600.9	0	0
XR_006410850.2	3708	3528.9	0	0
XR_006410851.2	895	715.98	0	0
XR_006410854.2	580	400.98	1	1.07076
XR_006410855.2	946	766.905	0	0
XR_006410856.2	2938	2758.9	0	0
XR_006410857.2	10002	9822.9	62.2384	2.7204
XR_006410858.2	2311	2131.9	0.330565	0.0665736
XR_006410859.2	993	813.905	6.7698	3.57121
XR_006410860.2	2430	2250.9	13.7648	2.62559
XR_006410861.2	4082	3902.9	8.47255	0.932051
XR_006410862.2	2850	2670.9	8.70904	1.39999
XR_006410863.2	996	816.905	0.0556412	0.0292441
XR_006410864.2	741	561.98	4.89675	3.74111
XR_006410865.2	10991	10811.9	7.01148	0.278433
XR_006410868.2	1961	1781.9	19	4.57807
XR_006410873.2	3283	3103.9	2	0.276653
XR_006410874.2	1314	1134.9	0	0
XR_006410875.2	2854	2674.9	0	0
XR_006410876.2	3084	2904.9	0	0
XR_006410884.2	3208	3028.9	0	0
XR_006410885.2	955	775.905	0	0
XR_006410886.2	4444	4264.9	0.177873	0.0179066
XR_006410887.2	4439	4259.9	0.822127	0.0828615
XR_006410889.2	2744	2564.9	0	0
XR_006410890.2	1218	1038.9	0	0
XR_006410894.2	905	725.98	3	1.77423
XR_006410895.2	424	245.832	0	0
XR_006410896.2	1687	1507.9	0	0
XR_006410897.2	852	672.98	0	0
XR_006410898.2	331	157.402	0	0
XR_006410900.2	950	770.905	0	0
XR_006410902.2	780	600.98	0	0
XR_006410904.2	786	606.98	0	0
XR_006410905.1	661	481.98	0	0
XR_006410906.2	951	771.905	3	1.66867
XR_006410909.2	2764	2584.9	4	0.664399
XR_006410910.2	619	439.98	1	0.975844
XR_006410912.2	3025	2845.9	0	0
XR_006410913.2	3025	2845.9	0	0
XR_006410914.2	2293	2113.9	0	0
XR_006410915.2	2273	2093.9	2.60797e-06	5.3476e-07
XR_006410921.2	2852	2672.9	0	0
XR_006410923.2	2777	2597.9	2	0.330537
XR_006410927.2	3991	3811.9	5	0.563172
XR_006410928.2	932	752.98	0	0
XR_006410929.2	4121	3941.9	0	0
XR_006410930.2	790	610.98	2	1.40545
XR_006410938.2	2415	2235.9	0	0
XR_006410939.2	1372	1192.9	0	0
XR_006410940.2	1272	1092.9	0	0
XR_006410941.2	3778	3598.9	9.90287	1.18142
XR_006410943.1	3436	3256.9	15.6343	2.06104
XR_006410944.2	3067	2887.9	39.7031	5.90276
XR_006410951.2	7514	7334.9	8	0.468284
XR_006410955.2	3001	2821.9	0	0
XR_006410957.2	1360	1180.9	1	0.363579
XR_006410958.2	8024	7844.9	0	0
XR_006410959.2	1572	1392.9	0	0
XR_006410960.2	1600	1420.9	6.47114	1.95537
XR_006410961.2	3932	3752.9	1	0.114405
XR_006410962.2	1411	1231.9	0	0
XR_006410963.2	1065	885.905	4.52886	2.1949
XR_006410964.1	1218	1038.9	0	0
XR_006410967.2	3395	3215.9	4	0.534036
XR_006410974.2	632	452.98	0	0
XR_006410975.2	743	563.98	0	0
XR_006410976.2	2054	1874.9	0	0
XR_006410978.2	2136	1956.9	0	0
XR_006410979.2	1989	1809.9	0	0
XR_006410981.2	402	224.304	0	0
XR_006410982.2	309	137.706	0	0
XR_006410984.2	2620	2440.9	0	0
XR_006410988.2	3566	3386.9	0	0
XR_006410989.2	886	706.98	0	0
XR_006410990.2	1113	933.905	0	0
XR_006410991.2	1415	1235.9	0	0
XR_006410992.2	511	332.091	1	1.29287
XR_006410995.2	1612	1432.9	2.64084	0.791296
XR_006410996.2	376	198.962	0	0
XR_006410998.2	305	134.315	0	0
XR_006410999.2	359	182.889	0	0
XR_006411000.2	2193	2013.9	0	0
XR_006411002.2	4268	4088.9	0	0
XR_006411004.2	1844	1664.9	11.2048	2.88953
XR_006411005.2	6047	5867.9	3.08673	0.225855
XR_006411007.2	1139	959.905	0	0
XR_006411008.2	1126	946.905	0	0
XR_006411009.2	154	37.3384	0	0
XR_006411015.2	1018	838.905	0	0
XR_006411017.2	1928	1748.9	0.0517394	0.0127019
XR_006411021.2	2994	2814.9	2	0.305056
XR_006411023.2	2280	2100.9	0	0
XR_006411028.2	692	512.98	0	0
XR_006411030.2	110	22.9176	25.0287	468.902
XR_006411032.2	4429	4249.9	104.879	10.5955
XR_006411033.2	1941	1761.9	0	0
XR_006411034.2	1892	1712.9	2	0.501314
XR_006411036.2	521	342.091	0	0
XR_006411038.2	4197	4017.9	17.5032	1.87039
XR_006411039.2	404	226.259	8	15.1809
XR_006411045.2	295	126.038	0	0
XR_006411046.2	765	585.98	0	0
XR_006411048.1	400	222.371	0	0
XR_006411050.1	271	106.767	0	0
XR_006411051.2	4142	3962.9	4.9849	0.540078
XR_006411053.2	587	407.98	0	0
XR_006411055.2	4824	4644.9	2.0025	0.185102
XR_006411059.2	3320	3140.9	1	0.136697
XR_006411063.2	490	311.186	1	1.37973
XR_006411069.2	1311	1131.9	0	0
XR_006411071.2	881	701.98	1	0.61163
XR_006411072.2	1210	1030.9	0	0
XR_006411078.2	3311	3131.9	1.81407	0.24869
XR_006411080.2	4521	4341.9	12.9414	1.27972
XR_006411083.2	959	779.905	2	1.10104
XR_006411085.2	4132	3952.9	8	0.868935
XR_006411087.2	2183	2003.9	14.6824	3.14583
XR_006411088.2	1414	1234.9	6	2.08608
XR_006411089.2	11794	11614.9	1	0.0369656
XR_006411096.2	620	440.98	0	0
XR_006411097.2	818	638.98	1.61507	1.08522
XR_006411098.2	1086	906.905	3.38493	1.60251
XR_006411099.2	635	455.98	5	4.70801
XR_006411100.2	1373	1193.9	0	0
XR_006411102.1	1456	1276.9	0	0
XR_006411106.2	12160	11980.9	0	0
XR_006411107.2	5058	4878.9	0	0
XR_006411109.2	4158	3978.9	0	0
XR_006411112.1	334	160.109	0	0
XR_006411113.2	1061	881.905	0	0
XR_006411119.1	279	113.066	0	0
XR_006411120.2	538	359.056	0	0
XR_006411122.2	1780	1600.9	0	0
XR_006411125.2	608	428.98	1.41733	1.41855
XR_006411130.1	1211	1031.9	1	0.416077
XR_006411131.2	1360	1180.9	4.87984	1.77421
XR_006411132.2	1364	1184.9	0	0
XR_006411136.2	1829	1649.9	0	0
XR_006411137.2	1840	1660.9	0	0
XR_006411140.2	886	706.98	0	0
XR_006411141.2	1012	832.905	1	0.515488
XR_006411142.2	2059	1879.9	0	0
XR_006411144.2	6990	6810.9	0	0
XR_006411145.2	6040	5860.9	0	0
XR_006411148.1	789	609.98	0	0
XR_006411151.2	1198	1018.9	0	0
XR_006411152.2	259	97.3753	0	0
XR_006411153.2	636	456.98	1	0.939541
XR_006411155.2	306	135.147	0	0
XR_006411160.1	190	53.5891	0	0
XR_006411161.1	141	32.4707	0	0
XR_006411165.2	3314	3134.9	0	0
XR_006411166.2	3037	2857.9	0	0
XR_006411167.1	461	282.362	0	0
XR_006411168.2	570	390.98	0	0
XR_006411169.2	1321	1141.9	1	0.375996
XR_006411170.2	6893	6713.9	1.00047	0.0639794
XR_006411171.2	5709	5529.9	28.1927	2.18893
XR_006411173.2	1698	1518.9	0	0
XR_006411174.2	628	448.98	1	0.956282
XR_006411180.2	3750	3570.9	30	3.60709
XR_006411181.2	4261	4081.9	0	0
XR_006411183.2	11440	11260.9	11	0.419404
XR_006411187.1	1575	1395.9	0	0
XR_006411188.1	1224	1044.9	0	0
XR_006411191.1	1509	1329.9	0	0
XR_006411192.1	1431	1251.9	0	0
XR_006411194.2	976	796.905	0	0
XR_006411195.2	304	133.484	2	6.43303
XR_006411197.2	3087	2907.9	0	0
XR_006411198.2	1453	1273.9	3	1.01111
XR_006411199.2	718	538.98	1	0.7966
XR_006411200.2	728	548.98	0	0
XR_006411201.2	424	245.832	0	0
XR_006411202.1	485	306.217	0	0
XR_006411203.2	794	614.98	0	0
XR_006411204.2	1432	1252.9	0	0
XR_006411205.2	2614	2434.9	11	1.93965
XR_006411206.2	6331	6151.9	3	0.209375
XR_006411208.2	1100	920.905	0	0
XR_006411209.2	643	463.98	0	0
XR_006411210.2	1327	1147.9	1	0.374031
XR_006411215.2	3589	3409.9	1	0.125913
XR_006411216.2	2517	2337.9	1	0.183648
XR_006411217.2	8735	8555.9	217	10.8895
XR_006411225.2	4845	4665.9	10.3741	0.954618
XR_006411235.2	761	581.98	12	8.85292
XR_006411236.2	13716	13536.9	1	0.0317171
XR_006411237.2	3017	2837.9	4	0.605168
XR_006411238.2	4816	4636.9	8.00422	0.741146
XR_006411240.2	5993	5813.9	0	0
XR_006411241.2	5841	5661.9	0	0
XR_006411244.2	2245	2065.9	0	0
XR_006411245.2	2240	2060.9	0	0
XR_006411246.2	501	322.091	0	0
XR_006411247.2	1285	1105.9	0	0
XR_006411248.1	2259	2079.9	0	0
XR_006411249.1	2357	2177.9	0	0
XR_006411250.2	347	171.874	0	0
XR_006411251.2	533	354.091	1	1.21255
XR_006411253.2	3440	3260.9	0	0
XR_006411255.2	985	805.905	0	0
XR_006411258.2	3180	3000.9	1	0.143074
XR_006411260.2	617	437.98	0	0
XR_006411261.2	3408	3228.9	0	0
XR_006411263.2	2272	2092.9	1	0.205146
XR_006411266.2	4842	4662.9	0	0
XR_006411267.2	3365	3185.9	0	0
XR_006411268.2	7974	7794.9	0	0
XR_006411271.2	8323	8143.9	0	0
XR_006411274.2	5853	5673.9	0	0
XR_006411275.2	5805	5625.9	0	0
XR_006411277.2	5788	5608.9	0	0
XR_006411279.2	7762	7582.9	9.08719	0.514526
XR_006411280.2	7787	7607.9	0	0
XR_006411281.2	11082	10902.9	4.91281	0.193464
XR_006411284.2	3856	3676.9	0	0
XR_006411285.2	3846	3666.9	0	0
XR_006411292.2	3345	3165.9	6.65386	0.902379
XR_006411293.2	966	786.905	1.83964	1.00374
XR_006411294.2	442	263.499	0	0
XR_006411297.2	843	663.98	0	0
XR_006411299.2	523	344.091	23.0258	28.7313
XR_006411300.2	2422	2242.9	0	0
XR_006411304.2	1919	1739.9	0	0
XR_006411305.2	1902	1722.9	0	0
XR_006411306.1	387	209.652	0	0
XR_006411307.2	4974	4794.9	31.7809	2.84577
XR_006411308.2	3486	3306.9	4	0.51934
XR_006411309.2	368	191.493	0	0
XR_006411313.2	2315	2135.9	0	0
XR_006411317.2	651	471.98	0	0
XR_006411318.2	599	419.98	0	0
XR_006411322.2	3912	3732.9	0	0
XR_006411323.2	6497	6317.9	1.35678	0.0922041
XR_006411327.2	3826	3646.9	0	0
XR_006411333.2	888	708.98	3.04144	1.84187
XR_006411335.2	5422	5242.9	0	0
XR_006411337.2	4434	4254.9	4.01068	0.404708
XR_006411339.2	605	425.98	1	1.00791
XR_006411352.2	3379	3199.9	0.409247	0.0549114
XR_006411356.2	2704	2524.9	9.03412	1.53622
XR_006411361.2	1704	1524.9	2.70183	0.760726
XR_006411363.2	1701	1521.9	35.2982	9.95814
XR_006411378.2	1627	1447.9	0	0
XR_006411379.2	315	142.946	1	3.00359
XR_006411383.2	1031	851.905	0	0
XR_006411384.2	1025	845.905	0	0
XR_006411386.2	1889	1709.9	0	0
XR_006411387.2	5211	5031.9	50	4.2663
XR_006411389.2	947	767.905	3.3049	1.84784
XR_006411391.2	2991	2811.9	0	0
XR_006411393.2	2206	2026.9	1	0.211826
XR_006411394.2	2767	2587.9	2	0.331814
XR_006411397.2	540	361.056	0	0
XR_006411404.2	4727	4547.9	4.40797	0.416142
XR_006411405.2	1922	1742.9	6.59203	1.6239
XR_006411407.2	919	739.98	4.61694	2.67884
XR_006411408.2	5853	5673.9	13.8388	1.0472
XR_006411409.2	8194	8014.9	2	0.107138
XR_006411414.2	517	338.091	1.42918	1.81496
XR_006411416.2	1337	1157.9	0	0
XR_006411418.2	1115	935.905	0	0
XR_006411419.2	940	760.905	4	2.25706
XR_006411420.2	789	609.98	0	0
XR_006411427.2	3809	3629.9	0	0
XR_006411431.2	4401	4221.9	4.1317	0.420179
XR_006411432.2	8218	8038.9	22.5802	1.20599
XR_006411433.2	4799	4619.9	4.64619	0.431795
XR_006411434.2	4796	4616.9	0	0
XR_006411437.2	773	593.98	4	2.89135
XR_006411441.2	1138	958.905	1.87682	0.840349
XR_006411449.2	2436	2256.9	0	0
XR_006411451.2	1879	1699.9	0	0
XR_006411453.2	1766	1586.9	4	1.08224
XR_006411454.1	1774	1594.9	0	0
XR_006411456.2	5085	4905.9	0	0
XR_006411457.2	4180	4000.9	14	1.50239
XR_006411458.2	2485	2305.9	2.2117e-06	4.11812e-07
XR_006411460.2	771	591.98	3.59435	2.60691
XR_006411461.2	1089	909.905	1.40565	0.663277
XR_006411463.2	822	642.98	7	4.67427
XR_006411464.2	789	609.98	0	0
XR_006411465.2	531	352.091	0	0
XR_006411466.2	275	109.98	0	0
XR_006411469.2	957	777.905	0	0
XR_006411470.2	5933	5753.9	0	0
XR_006411472.1	771	591.98	0	0
XR_006411473.2	630	450.98	0	0
XR_006411476.2	424	245.832	2.6735e-05	4.66933e-05
XR_006411477.2	1283	1103.9	22	8.55667
XR_006411479.2	6302	6122.9	0	0
XR_006411483.2	3725	3545.9	1	0.121084
XR_006411484.2	2217	2037.9	0	0
XR_006411485.2	2023	1843.9	0	0
XR_006411486.2	1631	1451.9	0	0
XR_006411487.2	3393	3213.9	1	0.133592
XR_006411493.2	1774	1594.9	0	0
XR_006411494.2	4779	4599.9	0	0
XR_006411495.2	3687	3507.9	0	0
XR_006411497.2	739	559.98	0	0
XR_006411498.2	1729	1549.9	2	0.554037
XR_006411499.1	458	279.391	0	0
XR_006411500.2	3510	3330.9	2.82979	0.364759
XR_006411502.2	4049	3869.9	17.5909	1.95165
XR_006411503.2	2402	2222.9	17.9921	3.47516
XR_006411504.2	7205	7025.9	0	0
XR_006411505.2	259	97.3753	0	0
XR_006411512.2	3766	3586.9	0	0
XR_006411513.2	2982	2802.9	3.48073	0.533182
XR_006411514.2	699	519.98	3.27454	2.70382
XR_006411517.2	495	316.154	0	0
XR_006411518.2	644	464.98	1.38774	1.2814
XR_006411523.2	872	692.98	0.276686	0.171427
XR_006411525.2	8234	8054.9	4	0.213213
XR_006411527.2	397	219.393	2	3.914
XR_006411528.2	1972	1792.9	1	0.239473
XR_006411533.2	6282	6102.9	43.2979	3.0461
XR_006411534.2	4497	4317.9	5	0.497176
XR_006411536.2	421	242.881	0	0
XR_006411549.2	2181	2001.9	0	0
XR_006411551.1	666	486.98	0	0
XR_006411552.2	766	586.98	0	0
XR_006411553.1	693	513.98	0	0
XR_006411556.2	5821	5641.9	0	0
XR_006411557.2	1051	871.905	0	0
XR_006411558.2	2906	2726.9	0	0
XR_006411559.1	577	397.98	1	1.07883
XR_006411566.2	1671	1491.9	7	2.01451
XR_006411570.2	1411	1231.9	0	0
XR_006411571.2	1067	887.905	4	1.93423
XR_006411572.2	1328	1148.9	5	1.86853
XR_006411573.2	449	270.446	2	3.17514
XR_006411575.2	3285	3105.9	0	0
XR_006411576.2	1095	915.905	0	0
XR_006411577.2	7340	7160.9	0	0
XR_006411582.2	26866	26686.9	28.3357	0.455879
XR_006411587.2	2789	2609.9	0	0
XR_006411588.2	5901	5721.9	0	0
XR_006411589.2	1548	1368.9	3.83362	1.2024
XR_006411590.2	3539	3359.9	0.333357	0.0425987
XR_006411596.2	722	542.98	0	0
XR_006411599.2	5652	5472.9	0	0
XR_006411603.2	672	492.98	0	0
XR_006411604.2	898	718.98	0	0
XR_006411607.2	1661	1481.9	0	0
XR_006411608.2	710	530.98	0	0
XR_006411609.2	677	497.98	4.51125	3.88954
XR_006411610.2	823	643.98	1.7558	1.17062
XR_006411611.2	806	626.98	1.79254	1.22752
XR_006411613.2	889	709.98	0	0
XR_006411614.2	638	458.98	0	0
XR_006411633.2	301	130.954	0	0
XR_006411634.2	1156	976.905	5.88397	2.58602
XR_006411638.2	584	404.98	0	0
XR_006411641.2	1494	1314.9	0	0
XR_006411643.2	1229	1049.9	0	0
XR_006411645.2	1818	1638.9	0	0
XR_006411646.2	924	744.98	0	0
XR_006411648.2	386	208.716	0	0
XR_006411653.2	322	149.236	0	0
XR_006411655.2	2360	2180.9	0	0
XR_006411656.2	705	525.98	0	0
XR_006411658.1	572	392.98	0	0
XR_006411659.2	6866	6686.9	0	0
XR_006411672.2	7190	7010.9	20.8629	1.27766
XR_006411678.2	1273	1093.9	1	0.392495
XR_006411682.2	5043	4863.9	1	0.0882731
XR_006411683.1	4361	4181.9	17.5948	1.80644
XR_006411684.2	3090	2910.9	0	0
XR_006411685.2	1752	1572.9	0	0
XR_006411686.2	782	602.98	0	0
XR_006411688.2	6652	6472.9	0	0
XR_006411689.2	6288	6108.9	0	0
XR_006411691.2	10516	10336.9	0	0
XR_006411692.2	7797	7617.9	1	0.0563609
XR_006411698.2	4025	3845.9	3	0.334916
XR_006411700.2	5730	5550.9	1	0.0773481
XR_006411701.1	971	791.905	0	0
XR_006411702.2	865	685.98	0	0
XR_006411704.2	3256	3076.9	2	0.27908
XR_006411705.2	681	501.98	0	0
XR_006411708.2	403	225.304	0	0
XR_006411716.2	1211	1031.9	0	0
XR_006411718.2	997	817.905	0	0
XR_006411720.2	1698	1518.9	0	0
XR_006411721.2	1695	1515.9	1.5434	0.43714
XR_006411722.2	3663	3483.9	5	0.616194
XR_006411724.2	1767	1587.9	0	0
XR_006411725.1	113	23.9425	1	17.9326
XR_006411729.2	547	368.056	2	2.33308
XR_006411730.2	1238	1058.9	1	0.405468
XR_006411732.1	256	95.2184	0	0
XR_006411733.2	4901	4721.9	0	0
XR_006411734.1	2004	1824.9	0	0
XR_006411735.2	4218	4038.9	0	0
XR_006411736.2	4329	4149.9	0	0
XR_006411737.2	3369	3189.9	1	0.134597
XR_006411740.2	2551	2371.9	3	0.543047
XR_006411741.2	1900	1720.9	1	0.249492
XR_006411743.2	279	113.066	0	0
XR_006411745.2	24919	24739.9	11.5468	0.20039
XR_006411746.2	13628	13448.9	296.46	9.4644
XR_006411749.1	652	472.98	0	0
XR_006411751.2	1455	1275.9	0	0
XR_006411753.2	2237	2057.9	8	1.66908
XR_006411755.2	664	484.98	2	1.7706
XR_006411764.2	2478	2298.9	5.91345e-08	1.10442e-08
XR_006411769.2	2566	2386.9	0	0
XR_006411772.2	10785	10605.9	0	0
XR_006411773.2	534	355.091	1	1.20913
XR_006411775.2	2726	2546.9	0.00224391	0.000378275
XR_006411776.2	2711	2531.9	4.99776	0.847503
XR_006411779.2	11339	11159.9	5.05509	0.194483
XR_006411780.2	5871	5691.9	0	0
XR_006411781.2	5825	5645.9	0	0
XR_006411792.2	11083	10903.9	0	0
XR_006411795.2	1333	1153.9	10.9783	4.08488
XR_006411802.2	3683	3503.9	1.32173	0.161958
XR_006411803.2	4088	3908.9	0	0
XR_006411804.1	651	471.98	4	3.63873
XR_006411805.2	2280	2100.9	0	0
XR_006411806.2	9294	9114.9	1	0.0471044
XR_006411812.1	310	138.605	0	0
XR_006411814.2	6536	6356.9	14	0.945575
XR_006411828.2	2025	1845.9	1.46457	0.340654
XR_006411829.2	3443	3263.9	2	0.263091
XR_006411832.2	2090	1910.9	1	0.224685
XR_006411839.2	5621	5441.9	0	0
XR_006411840.2	2130	1950.9	26.4535	5.82184
XR_006411842.2	5130	4950.9	0	0
XR_006411843.2	5068	4888.9	3.30314e-06	2.90087e-07
XR_006411844.1	162	40.4033	0	0
XR_006411845.2	2821	2641.9	5.43096	0.882619
XR_006411847.2	1845	1665.9	0	0
XR_006411848.2	2856	2676.9	6.39715	1.02605
XR_006411849.2	2661	2481.9	5.30896	0.918413
XR_006411850.2	1811	1631.9	0	0
XR_006411852.2	2764	2584.9	2.38888	0.396792
XR_006411854.2	1665	1485.9	2.37752	0.686984
XR_006411856.2	1104	924.905	11.4387	5.30996
XR_006411860.2	3429	3249.9	3.00058	0.396413
XR_006411861.2	507	328.091	0	0
XR_006411862.1	304	133.484	0	0
XR_006411864.2	2202	2022.9	0	0
XR_006411865.2	4213	4033.9	0	0
XR_006411866.2	4116	3936.9	0	0
XR_006411868.2	16458	16278.9	7.32815	0.193278
XR_006411869.2	638	458.98	0	0
XR_006411870.2	1291	1111.9	1.06633	0.411753
XR_006411874.2	3704	3524.9	0	0
XR_006411875.2	3771	3591.9	0	0
XR_006411876.2	1034	854.905	116	58.2578
XR_006411879.2	7520	7340.9	0	0
XR_006411880.2	1108	928.905	0	0
XR_006411885.2	5581	5401.9	9.97178	0.792573
XR_006411886.2	5151	4971.9	0	0
XR_006411890.2	3828	3648.9	1	0.117666
XR_006411891.2	1893	1713.9	0	0
XR_006411892.2	625	445.98	0	0
XR_006411900.2	6850	6670.9	47.0554	3.02857
XR_006411906.2	1419	1239.9	0	0
XR_006411908.2	1703	1523.9	0	0
XR_006411915.2	1425	1245.9	0	0
XR_006411916.2	4575	4395.9	0	0
XR_006411917.1	584	404.98	0	0
XR_006411918.2	1032	852.905	0	0
XR_006411926.2	586	406.98	0	0
XR_006411929.1	1955	1775.9	0	0
XR_006411931.2	1714	1534.9	0	0
XR_006411939.2	758	578.98	2.05555	1.52433
XR_006411943.2	1589	1409.9	0	0
XR_006411944.2	1881	1701.9	2	0.504555
XR_006411946.2	2694	2514.9	0	0
XR_006411950.2	14715	14535.9	1.00702e-05	2.97446e-07
XR_006411956.2	2404	2224.9	0	0
XR_006411957.2	2462	2282.9	0	0
XR_006411959.1	1205	1025.9	1	0.418511
XR_006411960.2	571	391.98	0	0
XR_006411963.2	1301	1121.9	0	0
XR_006411965.2	408	230.236	0	0
XR_006411966.2	3152	2972.9	1	0.144422
XR_006411967.1	772	592.98	0	0
XR_006411968.2	1270	1090.9	0	0
XR_006411971.1	1231	1051.9	1	0.408166
XR_006411975.2	3971	3791.9	17.6513	1.99863
XR_006411976.2	4978	4798.9	0	0
XR_006411979.2	2266	2086.9	17.758	3.65346
XR_006411981.2	5013	4833.9	3.24201	0.287959
XR_006411983.2	6450	6270.9	0	0
XR_006411984.2	8122	7942.9	3	0.162164
XR_006411994.2	1405	1225.9	21.2635	7.44719
XR_006411995.2	8750	8570.9	4.00264	0.200508
XR_006411997.2	5036	4856.9	0	0
XR_006411998.2	4752	4572.9	11.4554	1.07556
XR_006412004.2	1988	1808.9	1.13833	0.270187
XR_006412005.2	2523	2343.9	0	0
XR_006412009.2	6651	6471.9	0	0
XR_006412010.2	21715	21535.9	0	0
XR_006412012.2	344	169.204	0	0
XR_006412014.2	5150	4970.9	0	0
XR_006412015.2	1228	1048.9	6.21481	2.54393
XR_006412017.2	1330	1150.9	0	0
XR_006412019.2	914	734.98	1	0.584168
XR_006412022.2	2616	2436.9	0	0
XR_006412023.2	1705	1525.9	1	0.281375
XR_006412024.2	4366	4186.9	0	0
XR_006412026.2	890	710.98	0	0
XR_006412029.2	5592	5412.9	0	0
XR_006412030.2	5228	5048.9	0	0
XR_006412033.2	7823	7643.9	0	0
XR_006412034.2	7947	7767.9	4	0.22109
XR_006412035.2	1379	1199.9	0	0
XR_006412036.2	1368	1188.9	0	0
XR_006412038.2	2638	2458.9	0	0
XR_006412039.2	1541	1361.9	6.02613	1.89979
XR_006412040.2	493	314.154	0	0
XR_006412041.2	494	315.154	0	0
XR_006412042.2	592	412.98	1	1.03964
XR_006412043.2	1822	1642.9	0	0
XR_006412044.2	1334	1154.9	0	0
XR_006412047.1	476	297.277	0	0
XR_006412053.2	821	641.98	0	0
XR_006412055.2	2365	2185.9	0	0
XR_006412056.2	1029	849.905	0	0
XR_006412061.2	2598	2418.9	0	0
XR_006412067.2	4591	4411.9	12.2615	1.19325
XR_006412068.2	2948	2768.9	0	0
XR_006412069.2	1054	874.905	1	0.490741
XR_006412071.2	13489	13309.9	0	0
XR_006412073.2	554	375.018	0	0
XR_007187767.1	2397	2217.9	0	0
XR_007187768.1	2495	2315.9	0	0
XR_007187769.1	2199	2019.9	7.44125	1.58172
XR_007187770.1	4296	4116.9	3.92647	0.409492
XR_007187771.1	931	751.98	0	0
XR_007187772.1	1054	874.905	0	0
XR_007187773.1	592	412.98	0	0
XR_007187774.1	8678	8498.9	0	0
XR_007187775.1	105	21.2604	0	0
XR_007187776.1	790	610.98	0	0
XR_007187777.1	3261	3081.9	0	0
XR_007187778.1	13288	13108.9	0	0
XR_007187779.1	13606	13426.9	11.2161	0.358657
XR_007187780.1	14024	13844.9	0	0
XR_007187781.1	256	95.2184	0	0
XR_007187782.1	669	489.98	0	0
XR_007187783.1	7941	7761.9	0	0
XR_007187784.1	8188	8008.9	0	0
XR_007187785.1	7938	7758.9	0	0
XR_007187786.1	6835	6655.9	0	0
XR_007187787.1	6846	6666.9	0	0
XR_007187788.1	1289	1109.9	0	0
XR_007187789.1	11307	11127.9	8.24224	0.318013
XR_007187790.1	789	609.98	0	0
XR_007187791.1	10797	10617.9	0	0
XR_007187792.1	2485	2305.9	1	0.186197
XR_007187793.1	5280	5100.9	13.7706	1.15909
XR_007187794.1	3164	2984.9	0	0
XR_007187795.1	787	607.98	4	2.82478
XR_007187796.1	554	375.018	0	0
XR_007187797.1	517	338.091	2	2.53986
XR_007187798.1	715	535.98	0	0
XR_007187799.1	6260	6080.9	1.08623	0.0766951
XR_007187800.1	653	473.98	11.9153	10.7934
XR_007187801.1	647	467.98	0	0
XR_007187802.1	2056	1876.9	2	0.457511
XR_007187803.1	5566	5386.9	13.0184	1.03761
XR_007187804.1	450	271.446	0	0
XR_007187805.1	1276	1096.9	0	0
XR_007187806.1	987	807.905	1.82061	0.967542
XR_007187807.1	4138	3958.9	0	0
XR_007187808.1	4182	4002.9	0	0
XR_007187809.1	4393	4213.9	0	0
XR_007187810.1	5088	4908.9	0	0
XR_007187811.1	4355	4175.9	0	0
XR_007187812.1	4534	4354.9	0	0
XR_007187813.1	25078	24898.9	0.000626278	1.07994e-05
XR_007187814.1	24923	24743.9	2.1674	0.0376083
XR_007187815.1	1860	1680.9	1.69157	0.432077
XR_007187816.1	13871	13691.9	6.14509	0.192698
XR_007187817.1	1854	1674.9	0.0405599	0.0103973
XR_007187818.1	10133	9953.9	6.57303	0.283521
XR_007187819.1	10094	9914.9	0	0
XR_007187820.1	9567	9387.9	0	0
XR_007187821.1	9977	9797.9	0	0
XR_007187822.1	8597	8417.9	0	0
XR_007187823.1	14059	13879.9	15.429	0.47727
XR_007187824.1	12858	12678.9	3.84559	0.130225
XR_007187825.1	9561	9381.9	33.8093	1.54724
XR_007187826.1	1849	1669.9	2.00691	0.515999
XR_007187827.1	2702	2522.9	44.3391	7.5457
XR_007187828.1	16373	16193.9	2.45049e-06	6.49704e-08
XR_007187829.1	16365	16185.9	4.66989e-06	1.23875e-07
XR_007187830.1	16370	16190.9	3.12074e-06	8.2756e-08
XR_007187831.1	16188	16008.9	7.96437	0.213601
XR_007187832.1	13372	13192.9	0	0
XR_007187833.1	13101	12921.9	0	0
XR_007187834.1	13098	12918.9	0	0
XR_007187835.1	5967	5787.9	0	0
XR_007187836.1	6467	6287.9	5.94019e-05	4.05609e-06
XR_007187837.1	1587	1407.9	0	0
XR_007187838.1	8156	7976.9	0	0
XR_007187839.1	3378	3198.9	0	0
XR_007187840.1	3177	2997.9	2.0005	0.286506
XR_007187841.1	2507	2327.9	21.8918	4.03766
XR_007187842.1	3698	3518.9	0	0
XR_007187843.1	1290	1110.9	0	0
XR_007187844.1	2604	2424.9	1.53163e-07	2.71189e-08
XR_007187845.1	2571	2391.9	233.952	41.995
XR_007187846.1	3239	3059.9	0	0
XR_007187847.1	2697	2517.9	0	0
XR_007187848.1	2512	2332.9	45.9805	8.46233
XR_007187849.1	2499	2319.9	0	0
XR_007187850.1	2498	2318.9	29.925	5.54069
XR_007187851.1	3909	3729.9	0	0
XR_007187852.1	4796	4616.9	0	0
XR_007187853.1	26058	25878.9	0.596446	0.00989553
XR_007187854.1	27123	26943.9	0	0
XR_007187855.1	27160	26980.9	0	0
XR_007187856.1	26052	25872.9	0.807213	0.0133954
XR_007187857.1	26120	25940.9	0.0262652	0.000434719
XR_007187858.1	3625	3445.9	3	0.373793
XR_007187859.1	820	640.98	0	0
XR_007187860.1	117	24.9935	16	274.857
XR_007187861.1	4152	3972.9	0	0
XR_007187862.1	7789	7609.9	1.52046	0.0857846
XR_007187863.1	2784	2604.9	16.4795	2.71623
XR_007187864.1	9643	9463.9	0	0
XR_007187865.1	12143	11963.9	45.9558	1.64923
XR_007187866.1	373	196.2	0	0
XR_007187867.1	1445	1265.9	0	0
XR_007187868.1	734	554.98	0	0
XR_007187869.1	968	788.905	0	0
XR_007187870.1	3471	3291.9	3.05432	0.398364
XR_007187871.1	458	279.391	0	0
XR_007187872.1	516	337.091	0	0
XR_007187873.1	5108	4928.9	3.37596	0.294076
XR_007187874.1	4709	4529.9	0	0
XR_007187875.1	3648	3468.9	1.78693	0.221172
XR_007187876.1	1973	1793.9	0.198403	0.0474856
XR_007187877.1	2623	2443.9	0	0
XR_007187878.1	2619	2439.9	0	0
XR_007187879.1	7401	7221.9	0	0
XR_007187880.1	945	765.905	2.50253e-05	1.40287e-05
XR_007187881.1	938	758.905	3.99997	2.26299
XR_007187882.1	758	578.98	0	0
XR_007187883.1	840	660.98	0	0
XR_007187884.1	8031	7851.9	75.2259	4.11345
XR_007187885.1	2580	2400.9	0	0
XR_007187886.1	5866	5686.9	0	0
XR_007187887.1	2855	2675.9	0	0
XR_007187888.1	3095	2915.9	0	0
XR_007187889.1	820	640.98	0	0
XR_007187890.1	6754	6574.9	14.673	0.958173
XR_007187891.1	8374	8194.9	14.5011	0.759748
XR_007187892.1	14975	14795.9	0	0
XR_007187893.1	16821	16641.9	9.85078	0.254145
XR_007187894.1	6943	6763.9	0	0
XR_007187895.1	14769	14589.9	0	0
XR_007187896.1	5192	5012.9	62.9751	5.39378
XR_007187897.1	6753	6573.9	0	0
XR_007187898.1	14766	14586.9	0	0
XR_007187899.1	2129	1949.9	0	0
XR_007187900.1	1983	1803.9	0	0
XR_007187901.1	379	201.901	0	0
XR_007187902.1	7020	6840.9	0	0
XR_007187903.1	16724	16544.9	24.7598	0.642534
XR_007187904.1	16694	16514.9	0.000826093	2.14766e-05
XR_007187905.1	16670	16490.9	0	0
XR_007187906.1	16629	16449.9	32.1454	0.839013
XR_007187907.1	16574	16394.9	0	0
XR_007187908.1	16649	16469.9	146.006	3.80621
XR_007187909.1	741	561.98	0	0
XR_007187910.1	7765	7585.9	6.43279	0.364087
XR_007187911.1	2531	2351.9	1.01053	0.184476
XR_007187912.1	4164	3984.9	0	0
XR_007187913.1	3990	3810.9	0	0
XR_007187914.1	4653	4473.9	2	0.191936
XR_007187915.1	4798	4618.9	0	0
XR_007187916.1	516	337.091	0	0
XR_007187917.1	4274	4094.9	0	0
XR_007187918.1	3382	3202.9	16.3734	2.19487
XR_007187919.1	316	143.872	0	0
XR_007187920.1	8858	8678.9	70.6102	3.49314
XR_007187921.1	10185	10005.9	0	0
XR_007187922.1	5746	5566.9	0	0
XR_007187923.1	3612	3432.9	0	0
XR_007187924.1	109	22.5928	0	0
XR_007187925.1	153	37.0815	1.61429	18.6912
XR_007187926.1	1869	1689.9	13.0384	3.31265
XR_007187927.1	4653	4473.9	3.45089	0.331175
XR_007187928.1	191	54.0605	1	7.94207
XR_007187929.1	3635	3455.9	1	0.124237
XR_007187930.1	153	37.0815	1.61429	18.6912
XR_007187931.1	1869	1689.9	13.0384	3.31265
XR_007187932.1	4651	4471.9	4.16333	0.399725
XR_007187933.1	153	37.0815	1.61429	18.6912
XR_007187934.1	1865	1685.9	0	0
XR_007187935.1	4655	4475.9	0.132402	0.0127007
XR_007187936.1	254	93.7478	2	9.15972
XR_007187937.1	1240	1060.9	0	0
XR_007187938.1	733	553.98	0	0
XR_007187939.1	5860	5680.9	8	0.604625
XR_007187940.1	246	88.0663	3	14.626
XR_007187941.1	374	197.121	0	0
XR_007187942.1	338	163.695	0	0
XR_007187943.1	11465	11285.9	0	0
XR_007187944.1	11561	11381.9	0	0
XR_007187945.1	11199	11019.9	0	0
XR_007187946.1	10258	10078.9	0	0
XR_007187947.1	10162	9982.9	3	0.129026
XR_007187948.1	11359	11179.9	0	0
XR_007187949.1	11450	11270.9	0	0
XR_007187950.1	11177	10997.9	0	0
XR_007187951.1	11288	11108.9	0	0
XR_007187952.1	11389	11209.9	0	0
XR_007187953.1	5384	5204.9	9.08761	0.749636
XR_007187954.1	2982	2802.9	6.07034	0.929862
XR_007187955.1	9242	9062.9	3.82517e-07	1.81216e-08
XR_007187956.1	9156	8976.9	0.0969155	0.00463533
XR_007187957.1	9160	8980.9	0.054189	0.00259062
XR_007187958.1	538	359.056	0	0
XR_007187959.1	17963	17783.9	1.00046	0.0241539
XR_007187960.1	2606	2426.9	0	0
XR_007187961.1	386	208.716	0	0
XR_007187962.1	322	149.236	0	0
XR_007187963.1	1240	1060.9	1	0.404704
XR_007187964.1	2534	2354.9	1	0.182322
XR_007187965.1	290	121.933	0	0
XR_007187966.1	843	663.98	0	0
XR_007187967.1	249	90.2619	0	0
XR_007187968.1	3142	2962.9	10	1.44909
XR_007187969.1	7465	7285.9	0	0
XR_007187970.1	19523	19343.9	1	0.0221957
XR_007187971.1	16491	16311.9	2	0.0526428
XR_007187972.1	3664	3484.9	0	0
XR_007187973.1	5681	5501.9	0	0
XR_007187974.1	2299	2119.9	0	0
XR_007187975.1	16550	16370.9	0	0
XR_007187976.1	16516	16336.9	0	0
XR_007187977.1	16399	16219.9	0	0
XR_007187978.1	10389	10209.9	4	0.16821
XR_007187979.1	409	231.166	0	0
XR_007187980.1	15500	15320.9	0	0
XR_007187981.1	846	666.98	0	0
XR_007187982.1	1451	1271.9	0	0
XR_007187983.1	4249	4069.9	2	0.210989
XR_007187984.1	3716	3536.9	0	0
XR_007187985.1	3101	2921.9	33.0971	4.86337
XR_007187986.1	943	763.905	0	0
XR_007187987.1	315	142.946	0	0
XR_007187988.1	8151	7971.9	0	0
XR_007187989.1	257	95.9679	0	0
XR_007187990.1	712	532.98	0	0
XR_007187991.1	743	563.98	0	0
XR_007187992.1	1614	1434.9	0	0
XR_007187993.1	725	545.98	0	0
XR_007187994.1	741	561.98	0	0
XR_007187995.1	5657	5477.9	0	0
XR_007187996.1	3229	3049.9	0	0
XR_007187997.1	2060	1880.9	1	0.228269
XR_007187998.1	1734	1554.9	0	0
XR_007187999.1	1613	1433.9	0	0
XR_007188000.1	1233	1053.9	0	0
XR_007188001.1	3485	3305.9	60	7.79246
XR_007188002.1	3226	3046.9	0	0
XR_007188003.1	1120	940.905	1	0.456318
XR_007188004.1	902	722.98	0	0
XR_007188005.1	10417	10237.9	10.239	0.4294
XR_007188006.1	501	322.091	0	0
XR_007188007.1	3523	3343.9	1	0.128398
XR_007188008.1	153	37.0815	1.61429	18.6912
XR_007188009.1	1869	1689.9	13.0384	3.31265
XR_007188010.1	4653	4473.9	4351.19	417.575
XR_007188011.1	153	37.0815	1.61429	18.6912
XR_007188012.1	1869	1689.9	13.0384	3.31265
XR_007188013.1	4654	4474.9	1149.99	110.337
XR_007188014.1	3508	3328.9	24.8372	3.20343
XR_007188015.1	5696	5516.9	0	0
XR_007188016.1	5611	5431.9	0	0
XR_007188017.1	5678	5498.9	0	0
XR_007188018.1	5690	5510.9	0	0
XR_007188019.1	5526	5346.9	0	0
XR_007188020.1	5703	5523.9	0	0
XR_007188021.1	5618	5438.9	0	0
XR_007188022.1	5595	5415.9	5.99684	0.475406
XR_007188023.1	299	129.324	1	3.31998
XR_007188024.1	3527	3347.9	1.01406	0.130048
XR_007188025.1	5822	5642.9	2	0.152174
XR_007188026.1	1202	1022.9	0	0
XR_007188027.1	10369	10189.9	2.00284	0.0843897
XR_007188028.1	1644	1464.9	0	0
XR_007188029.1	6079	5899.9	1	0.0727727
XR_007188030.1	2544	2364.9	9.57783	1.73887
XR_007188031.1	3227	3047.9	21.2645	2.99548
XR_007188032.1	249	90.2619	0	0
XR_007188033.1	6035	5855.9	1	0.0733195
XR_007188034.1	3547	3367.9	2	0.254967
XR_007188035.1	487	308.217	2	2.78604
XR_007188036.1	5120	4940.9	0	0
XR_007188037.1	3334	3154.9	4.30818	0.586301
XR_007188038.1	3335	3155.9	2.84892	0.387587
XR_007188039.1	2825	2645.9	40.0283	6.49541
XR_007188040.1	1976	1796.9	0	0
XR_007188041.1	7136	6956.9	33.681	2.07865
XR_007188042.1	7218	7038.9	0	0
XR_007188043.1	2181	2001.9	0	0
XR_007188044.1	3650	3470.9	0	0
XR_007188045.1	3418	3238.9	0	0
XR_007188046.1	5879	5699.9	15	1.12989
XR_007188047.1	1928	1748.9	0	0
XR_007188048.1	599	419.98	0	0
XR_007188049.1	4789	4609.9	0	0
XR_007188050.1	1224	1044.9	11.2741	4.63252
XR_007188051.1	639	459.98	0	0
XR_007188052.1	996	816.905	3	1.57675
XR_007188053.1	11862	11682.9	2.15241	0.0791019
XR_007188054.1	1483	1303.9	0	0
XR_007188055.1	2001	1821.9	0	0
XR_007188056.1	9199	9019.9	0	0
XR_007188057.1	5278	5098.9	0	0
XR_007188058.1	1282	1102.9	0	0
XR_007188059.1	841	661.98	0	0
XR_007188060.1	2177	1997.9	0	0
XR_007188061.1	3926	3746.9	0	0
XR_007188062.1	569	389.98	0	0
XR_007188063.1	401	223.304	2	3.84545
XR_007188064.1	165	41.6333	0	0
XR_007188065.1	624	444.98	0	0
XR_007188066.1	1525	1345.9	8.91471	2.84385
XR_007188067.1	1528	1348.9	0.487783	0.15526
XR_007188068.1	1819	1639.9	7.50525	1.96499
XR_007188069.1	1710	1530.9	0	0
XR_007188070.1	1614	1434.9	0	0
XR_007188071.1	1611	1431.9	0	0
XR_007188072.1	1720	1540.9	0	0
XR_007188073.1	7962	7782.9	0	0
XR_007188074.1	8863	8683.9	19.4167	0.960006
XR_007188075.1	5044	4864.9	0.00318686	0.000281256
XR_007188076.1	1919	1739.9	0	0
XR_007188077.1	8631	8451.9	0	0
XR_007188078.1	7505	7325.9	1.19646	0.0701212
XR_007188079.1	4935	4755.9	1.2966	0.117054
XR_007188080.1	1608	1428.9	0	0
XR_007188081.1	1382	1202.9	12.6037	4.49862
XR_007188082.1	1749	1569.9	0	0
XR_007188083.1	1449	1269.9	0	0
XR_007188084.1	5539	5359.9	1	0.0801044
XR_007188085.1	831	651.98	0	0
XR_007188086.1	6338	6158.9	2.95808e-08	2.06215e-09
XR_007188087.1	886	706.98	0	0
XR_007188088.1	458	279.391	1.57082	2.41395
XR_007188089.1	1308	1128.9	0	0
XR_007188090.1	4425	4245.9	2	0.202243
XR_007188091.1	6597	6417.9	0	0
XR_007188092.1	5601	5421.9	0	0
XR_007188093.1	785	605.98	0	0
XR_007188094.1	4999	4819.9	0	0
XR_007188095.1	6138	5958.9	5	0.360261
XR_007188096.1	826	646.98	0	0
XR_007188097.1	4437	4257.9	2.01105	0.202787
XR_007188098.1	8702	8522.9	13.4735	0.678743
XR_007188099.1	2278	2098.9	2.09364	0.428275
XR_007188100.1	2664	2484.9	0	0
XR_007188101.1	2750	2570.9	0	0
XR_007188102.1	5764	5584.9	13.0559	1.0037
XR_007188103.1	29396	29216.9	0	0
XR_007188104.1	33569	33389.9	0	0
XR_007188105.1	600	420.98	0	0
XR_007188106.1	144	33.6247	0	0
XR_007188107.1	578	398.98	0	0
XR_007188108.1	7273	7093.9	3.78847	0.229293
XR_007188109.1	8105	7925.9	0	0
XR_007188110.1	1772	1592.9	0	0
XR_007188111.1	1690	1510.9	0	0
XR_007188112.1	5435	5255.9	0	0
XR_007188113.1	6601	6421.9	3.04632	0.203669
XR_007188114.1	3174	2994.9	0	0
XR_007188115.1	2027	1847.9	38.1923	8.87381
XR_007188116.1	3261	3081.9	0	0
XR_007188117.1	3137	2957.9	0	0
XR_007188118.1	809	629.98	0	0
XR_007188119.1	1056	876.905	2	0.979244
XR_007188120.1	813	633.98	0	0
XR_007188121.1	456	277.419	0	0
XR_007188122.1	1762	1582.9	5.31537	1.44176
XR_007188123.1	1719	1539.9	3.91164	1.09063
XR_007188124.1	1576	1396.9	0	0
XR_007188125.1	12892	12712.9	1.12476	0.0379866
XR_007188126.1	14176	13996.9	0	0
XR_007188127.1	12885	12705.9	5.805e-07	1.9616e-08
XR_007188128.1	14069	13889.9	0	0
XR_007188129.1	13873	13693.9	0	0
XR_007188130.1	1353	1173.9	1.79194	0.655397
XR_007188131.1	1286	1106.9	0	0
XR_007188132.1	1206	1026.9	0	0
XR_007188133.1	288	120.308	0	0
XR_007188134.1	1657	1477.9	3	0.871542
XR_007188135.1	2689	2509.9	2	0.342126
XR_007188136.1	2266	2086.9	1	0.205736
XR_007188137.1	883	703.98	0	0
XR_007188138.1	804	624.98	6	4.12191
XR_007188139.1	8041	7861.9	0	0
XR_007188140.1	7492	7312.9	0	0
XR_007188141.1	2788	2608.9	0	0
XR_007188142.1	2217	2037.9	28.0979	5.91974
XR_007188143.1	4870	4690.9	0	0
XR_007188144.1	20570	20390.9	0	0
XR_007188145.1	20269	20089.9	0	0
XR_007188146.1	21328	21148.9	5.07807	0.103092
XR_007188147.1	18977	18797.9	6.2885	0.143632
XR_007188148.1	6166	5986.9	0	0
XR_007188149.1	1914	1734.9	0	0
XR_007188150.1	9491	9311.9	0	0
XR_007188151.1	6418	6238.9	57.1096	3.93019
XR_007188152.1	7476	7296.9	9.05323	0.532695
XR_007188153.1	7144	6964.9	0	0
XR_007188154.1	6670	6490.9	5.04511	0.333718
XR_007188155.1	8509	8329.9	2	0.103087
XR_007188156.1	3288	3108.9	0	0
XR_007188157.1	9227	9047.9	4	0.189813
XR_007188158.1	508	329.091	0	0
XR_007188159.1	12038	11858.9	5	0.181025
XR_007188160.1	6627	6447.9	1	0.0665878
XR_007188161.1	1236	1056.9	0	0
XR_007188162.1	809	629.98	0	0
XR_007188163.1	1202	1022.9	0	0
XR_007188164.1	993	813.905	1.27556	0.672887
XR_007188165.1	3812	3632.9	21.1677	2.50169
XR_007188166.1	21081	20901.9	3.03242	0.0622899
XR_007188167.1	21493	21313.9	0	0
XR_007188168.1	3948	3768.9	44.3863	5.05646
XR_007188169.1	2137	1957.9	8	1.75433
XR_007188170.1	1570	1390.9	1.00203	0.309313
XR_007188171.1	1899	1719.9	0	0
XR_007188172.1	1798	1618.9	0	0
XR_007188173.1	1805	1625.9	0	0
XR_007188174.1	4726	4546.9	0	0
XR_007188175.1	3870	3690.9	0	0
XR_007188176.1	3634	3454.9	293.713	36.5006
XR_007188177.1	1458	1278.9	0	0
XR_007188178.1	1980	1800.9	0	0
XR_007188179.1	1685	1505.9	0	0
XR_007188180.1	23399	23219.9	0	0
XR_007188181.1	4172	3992.9	143	15.3766
XR_007188182.1	784	604.98	0	0
XR_007188183.1	566	386.98	0	0
XR_007188184.1	365	188.588	0	0
XR_007188185.1	483	304.217	0	0
XR_007188186.1	903	723.98	0	0
XR_007188187.1	14700	14520.9	8.40292e-08	2.48456e-09
XR_007188188.1	13930	13750.9	4.0866e-08	1.27598e-09
XR_007188189.1	1371	1191.9	0	0
XR_007188190.1	8579	8399.9	0	0
XR_007188191.1	397	219.393	0	0
XR_007188192.1	5620	5440.9	0	0
XR_007188193.1	4017	3837.9	0	0
XR_007188194.1	2629	2449.9	75.3776	13.2101
XR_007188195.1	6512	6332.9	0	0
XR_007188196.1	12302	12122.9	0	0
XR_007188197.1	28598	28418.9	13.7803	0.208193
XR_007188198.1	6702	6522.9	4.04556	0.266287
XR_007188199.1	15239	15059.9	0	0
XR_007188200.1	14651	14471.9	0	0
XR_007188201.1	13937	13757.9	0	0
XR_007188202.1	14736	14556.9	0	0
XR_007188203.1	36056	35876.9	22.3513	0.267486
XR_007188204.1	26792	26612.9	9.12874	0.147276
XR_007188205.1	7362	7182.9	0	0
XR_007188206.1	13506	13326.9	0	0
XR_007188207.1	35625	35445.9	0	0
XR_007188208.1	12432	12252.9	0	0
XR_007188209.1	7382	7202.9	0	0
XR_007188210.1	26329	26149.9	7.85716	0.129006
XR_007188211.1	12218	12038.9	0	0
XR_007188212.1	6682	6502.9	21.2814	1.4051
XR_007188213.1	3290	3110.9	0	0
XR_007188214.1	2877	2697.9	0	0
XR_007188215.1	2672	2492.9	0	0
XR_007188216.1	3244	3064.9	0	0
XR_007188217.1	3178	2998.9	0	0
XR_007188218.1	2621	2441.9	0	0
XR_007188219.1	2821	2641.9	0	0
XR_007188220.1	3033	2853.9	0	0
XR_007188221.1	2844	2664.9	0	0
XR_007188222.1	2682	2502.9	0	0
XR_007188223.1	2705	2525.9	0	0
XR_007188224.1	2074	1894.9	0	0
XR_007188225.1	3006	2826.9	0	0
XR_007188226.1	2472	2292.9	0	0
XR_007188227.1	2319	2139.9	1	0.200641
XR_007188228.1	5420	5240.9	3	0.24577
XR_007188229.1	18113	17933.9	6.19051	0.148206
XR_007188230.1	7629	7449.9	5.09566	0.293672
XR_007188231.1	2250	2070.9	5	1.03663
XR_007188232.1	7749	7569.9	0	0
XR_007188233.1	12378	12198.9	1.17863	0.041483
XR_007188234.1	4470	4290.9	0	0
XR_007188235.1	1030	850.905	0	0
XR_007188236.1	2178	1998.9	0	0
XR_007188237.1	103	20.9391	0	0
XR_007188238.1	191	54.0605	1.60227	12.7254
XR_007188239.1	153	37.0815	1.61429	18.6912
XR_007188240.1	1869	1689.9	13.0384	3.31265
XR_007188241.1	4653	4473.9	5082.58	487.765
XR_007188242.1	153	37.0815	1.61429	18.6912
XR_007188243.1	1869	1689.9	13.0384	3.31265
XR_007188244.1	4653	4473.9	3.45089	0.331175
XR_007188245.1	191	54.0605	0	0
XR_007188246.1	5514	5334.9	0	0
XR_007188247.1	1676	1496.9	0	0
XR_007188248.1	2549	2369.9	0	0
XR_007188249.1	864	684.98	1	0.626809
XR_007188250.1	9933	9753.9	0	0
XR_007188251.1	10530	10350.9	2.2627	0.0938559
XR_007188252.1	10457	10277.9	0	0
XR_007188253.1	10333	10153.9	0	0
XR_007188254.1	10532	10352.9	1.75845	0.0729256
XR_007188255.1	10654	10474.9	4.03149e-07	1.65245e-08
XR_007188256.1	10457	10277.9	0	0
XR_007188257.1	10003	9823.9	0	0
XR_007188258.1	10163	9983.9	0	0
XR_007188259.1	957	777.905	0	0
XR_007188260.1	3008	2828.9	0	0
XR_007188261.1	2254	2074.9	2	0.413852
XR_007188262.1	7566	7386.9	0.10046	0.00583908
XR_007188263.1	2165	1985.9	0	0
XR_007188264.1	2018	1838.9	0	0
XR_007188265.1	10460	10280.9	0	0
XR_007188266.1	10364	10184.9	0	0
XR_007188267.1	1492	1312.9	0	0
XR_007188268.1	2470	2290.9	4.04723	0.758515
XR_007188269.1	1409	1229.9	0	0
XR_007188270.1	1535	1355.9	3.77819	1.19638
XR_007188271.1	689	509.98	0	0
XR_007188272.1	1121	941.905	5	2.27917
XR_007188273.1	7783	7603.9	0	0
XR_007188274.1	7881	7701.9	0	0
XR_007188275.1	7694	7514.9	0	0
XR_007188276.1	7235	7055.9	0	0
XR_007188277.1	7235	7055.9	0	0
XR_007188278.1	7235	7055.9	0	0
XR_007188279.1	8184	8004.9	0	0
XR_007188280.1	7242	7062.9	0	0
XR_007188281.1	7235	7055.9	0	0
XR_007188282.1	7207	7027.9	0	0
XR_007188283.1	6258	6078.9	0	0
XR_007188284.1	7022	6842.9	0	0
XR_007188285.1	7644	7464.9	0	0
XR_007188286.1	167	42.5681	0	0
XR_007188287.1	1244	1064.9	0.601113	0.242359
XR_007188288.1	1244	1064.9	0.601113	0.242359
XR_007188289.1	1244	1064.9	0	0
XR_007188290.1	355	179.127	0.297775	0.713741
XR_007188291.1	1798	1618.9	0	0
XR_007188292.1	1802	1622.9	0	0
XR_007188293.1	1802	1622.9	0	0
XR_007188294.1	8860	8680.9	0	0
XR_007188295.1	6532	6352.9	0	0
XR_007188296.1	5671	5491.9	0	0
XR_007188297.1	5774	5594.9	0	0
XR_007188298.1	5801	5621.9	0	0
XR_007188299.1	5524	5344.9	1.00204	0.0804933
XR_007188300.1	310	138.605	0	0
XR_007188301.1	486	307.217	0	0
XR_007188302.1	335	161.043	0	0
XR_007188303.1	6803	6623.9	0	0
XR_007188304.1	6779	6599.9	0	0
XR_007188305.1	6755	6575.9	0	0
XR_007188306.1	6608	6428.9	2.49703e-07	1.66763e-08
XR_007188307.1	2175	1995.9	0	0
XR_007188308.1	1545	1365.9	0	0
XR_007188309.1	2102	1922.9	0	0
XR_007188310.1	318	145.693	1	2.94697
XR_007188311.1	3722	3542.9	17.525	2.12379
XR_007188312.1	153	37.0815	1.61429	18.6912
XR_007188313.1	1869	1689.9	13.0384	3.31265
XR_007188314.1	2303	2123.9	94.267	19.0563
XR_007188315.1	4653	4473.9	3.45089	0.331175
XR_007188316.1	10019	9839.9	0	0
XR_007188317.1	9940	9760.9	0	0
XR_007188318.1	10031	9851.9	0	0
XR_007188319.1	5341	5161.9	0	0
XR_007188320.1	14074	13894.9	16.854	0.520786
XR_007188321.1	4985	4805.9	2.86153	0.255645
XR_007188322.1	1899	1719.9	7.6102	1.89979
XR_007188323.1	9038	8858.9	24.8887	1.20624
XR_007188324.1	4827	4647.9	9.70931	0.896901
XR_007188325.1	4107	3927.9	5.86333	0.640909
XR_007188326.1	23070	22890.9	138.824	2.60384
XR_007188327.1	16848	16668.9	16.7461	0.431339
XR_007188328.1	22989	22809.9	105.752	1.99058
XR_007188329.1	153	37.0815	1.61429	18.6912
XR_007188330.1	1871	1691.9	0.024934	0.00632745
XR_007188331.1	310	138.605	0	0
XR_007188332.1	4421	4241.9	0.0364083	0.00368513
XR_007188333.1	6213	6033.9	11.1043	0.790144
XR_007188334.1	4607	4427.9	3.64674	0.353607
XR_007188335.1	4602	4422.9	15.9311	1.54651
XR_007188336.1	4653	4473.9	3.45089	0.331175
XR_007188337.1	1290	1110.9	0	0
XR_007188338.1	139	31.6863	0	0
XR_007188339.1	547	368.056	3	3.49962
XR_007188340.1	770	590.98	211.357	153.553
XR_007188341.1	5920	5740.9	0	0
XR_007188342.1	348	172.769	0	0
XR_007188343.1	4731	4551.9	5.88294	0.5549
XR_007188344.1	4853	4673.9	0	0
XR_007188345.1	3665	3485.9	1	0.123168
XR_007188346.1	6858	6678.9	0	0
XR_007188347.1	5630	5450.9	0	0
XR_007188348.1	5413	5233.9	0	0
XR_007188349.1	497	318.091	0	0
XR_007188350.1	3620	3440.9	1.5946	0.198972
XR_007188351.1	3618	3438.9	3.4054	0.425169
XR_007188352.1	6343	6163.9	0	0
XR_007188353.1	385	207.757	1	2.0666
XR_007188354.1	1126	946.905	0	0
XR_007188355.1	1791	1611.9	2.00763	0.534758
XR_007188356.1	20226	20046.9	6.00073	0.12852
XR_007188357.1	12081	11901.9	2.11879e-06	7.64337e-08
XR_007188358.1	1437	1257.9	0.361321	0.123327
XR_007188359.1	1024	844.905	0	0
XR_007188360.1	3747	3567.9	0	0
XR_007188361.1	3568	3388.9	0	0
XR_007188362.1	3487	3307.9	0	0
XR_007188363.1	5149	4969.9	29.0018	2.50548
XR_007188364.1	5038	4858.9	0	0
XR_007188365.1	3812	3632.9	0.0956474	0.011304
XR_007188366.1	1954	1774.9	0	0
XR_007188367.1	4333	4153.9	0	0
XR_007188368.1	1160	980.905	0	0
XR_007188369.1	5516	5336.9	0	0
XR_007188370.1	297	127.649	0	0
XR_007188371.1	564	384.98	2	2.23051
XR_007188372.1	6588	6408.9	0	0
XR_007188373.1	484	305.217	0	0
XR_007188374.1	6428	6248.9	45	3.09188
XR_007188375.1	573	393.98	0	0
XR_007188376.1	440	261.551	1	1.64156
XR_007188377.1	336	161.895	0	0
XR_007188378.1	470	291.277	1	1.47403
XR_007188379.1	988	808.905	0	0
XR_007188380.1	441	262.525	0	0
XR_007188381.1	1533	1353.9	1	0.317121
XR_007188382.1	5914	5734.9	4.71551	0.353034
XR_007188383.1	2975	2795.9	0	0
XR_007188384.1	7124	6944.9	0	0
XR_007188385.1	4105	3925.9	3.30877	0.361859
XR_007188386.1	1318	1138.9	3.00645	1.13339
XR_007188387.1	20092	19912.9	0	0
XR_007188388.1	1284	1104.9	0	0
XR_007188389.1	3766	3586.9	0	0
XR_007188390.1	1560	1380.9	2	0.621842
XR_007188391.1	1851	1671.9	44.7653	11.4959
XR_007188392.1	1698	1518.9	26.2347	7.41581
XR_007188393.1	9775	9595.9	7.78923	0.348515
XR_007188394.1	9187	9007.9	36.9072	1.75914
XR_007188395.1	6667	6487.9	238.304	15.7703
XR_007188396.1	290	121.933	0	0
XR_007188397.1	3328	3148.9	0	0
XR_007188398.1	3477	3297.9	0	0
XR_007188399.1	3144	2964.9	1	0.144811
XR_007188400.1	497	318.091	0	0
XR_007188401.1	10070	9890.9	0	0
XR_007188402.1	5127	4947.9	11.7141	1.01648
XR_007188403.1	3089	2909.9	0	0
XR_007188404.1	2595	2415.9	0	0
XR_007188405.1	7174	6994.9	0	0
XR_007188406.1	5820	5640.9	0	0
XR_007188407.1	5824	5644.9	3	0.22818
XR_007188408.1	4305	4125.9	0	0
XR_007188409.1	396	218.393	0	0
XR_007188410.1	105	21.2604	0	0
XR_007188411.1	107	21.8211	0	0
XR_007188412.1	2516	2336.9	0	0
XR_007188413.1	1262	1082.9	0	0
XR_007188414.1	2091	1911.9	2.58447	0.580388
XR_007188415.1	2009	1829.9	3.8997	0.91499
XR_007188416.1	1346	1166.9	0	0
XR_007188417.1	6196	6016.9	39	2.78295
XR_007188418.1	4832	4652.9	0	0
XR_007188419.1	565	385.98	1	1.11237
XR_007188420.1	2072	1892.9	0	0
XR_007188421.1	5366	5186.9	0	0
XR_007188422.1	2287	2107.9	0	0
XR_007188423.1	974	794.905	0	0
XR_007188424.1	964	784.905	0	0
XR_007188425.1	4222	4042.9	0	0
XR_007188426.1	4532	4352.9	0	0
XR_007188427.1	2116	1936.9	0	0
XR_007188428.1	663	483.98	0	0
XR_007188429.1	2806	2626.9	4.20823	0.687811
XR_007188430.1	1684	1504.9	2.35536e-06	6.71987e-07
XR_007188431.1	1233	1053.9	5.70344	2.32354
XR_007188432.1	1296	1116.9	0	0
XR_007188433.1	2656	2476.9	0	0
XR_007188434.1	309	137.706	0	0
XR_007188435.1	286	118.757	1	3.61539
XR_007188436.1	2889	2709.9	0	0
XR_007188437.1	3077	2897.9	0	0
XR_007188438.1	11564	11384.9	211.729	7.98481
XR_007188439.1	312	140.373	0	0
XR_007188440.1	8249	8069.9	8.02797	0.427121
XR_007188441.1	12271	12091.9	0	0
XR_007188442.1	9869	9689.9	10.0022	0.443189
XR_007188443.1	744	564.98	1	0.759941
XR_007188444.1	552	373.018	0	0
XR_007188445.1	9425	9245.9	8.43601	0.391743
XR_007188446.1	14868	14688.9	5.14138	0.150281
XR_007188447.1	1190	1010.9	1	0.424721
XR_007188448.1	6484	6304.9	0	0
XR_007188449.1	12477	12297.9	2	0.0698252
XR_007188450.1	1928	1748.9	0.817244	0.200631
XR_007188451.1	2050	1870.9	0	0
XR_007188452.1	3686	3506.9	10.9976	1.34645
XR_007188453.1	1101	921.905	0	0
XR_007188454.1	10203	10023.9	3.09956	0.132763
XR_007188455.1	15766	15586.9	1	0.0275457
XR_007188456.1	20334	20154.9	0	0
XR_007188457.1	13622	13442.9	0	0
XR_007188458.1	2573	2393.9	14.0057	2.51195
XR_007188459.1	5245	5065.9	3	0.25426
XR_007188460.1	3575	3395.9	0	0
XR_007188461.1	1085	905.905	0	0
XR_007188462.1	2787	2607.9	0	0
XR_007188463.1	903	723.98	0	0
XR_007188464.1	906	726.98	0	0
XR_007188465.1	2496	2316.9	0	0
XR_007188466.1	1649	1469.9	0	0
XR_007188467.1	1585	1405.9	12.0726	3.68687
XR_007188468.1	1421	1241.9	9.41797	3.25599
XR_007188469.1	1741	1561.9	9.65493	2.65404
XR_007188470.1	16571	16391.9	0.000265527	6.95494e-06
XR_007188471.1	16464	16284.9	1.36706	0.0360427
XR_007188472.1	4554	4374.9	2.63267	0.25837
XR_007188473.1	1759	1579.9	0	0
XR_007188474.1	3081	2901.9	8	1.18364
XR_007188475.1	6331	6151.9	3.63373	0.253604
XR_007188476.1	5210	5030.9	9.69077	0.827038
XR_007188477.1	2741	2561.9	0	0
XR_007188478.1	8662	8482.9	0.011445	0.000579276
XR_007188479.1	8588	8408.9	0	0
XR_007188480.1	8610	8430.9	75.0065	3.81978
XR_007188481.1	8419	8239.9	0.0195628	0.00101935
XR_007188482.1	673	493.98	0	0
XR_007188483.1	673	493.98	0	0
XR_007188484.1	721	541.98	0	0
XR_007188485.1	1089	909.905	0	0
XR_007188486.1	6551	6371.9	0	0
XR_007188487.1	1603	1423.9	0	0
XR_007188488.1	5026	4846.9	0	0
XR_007188489.1	5418	5238.9	0	0
XR_007188490.1	2383	2203.9	0	0
XR_007188491.1	1423	1243.9	1.0005	0.345338
XR_007188492.1	2970	2790.9	0	0
XR_007188493.1	734	554.98	0	0
XR_007188494.1	360	183.852	0	0
XR_007188495.1	545	366.056	0	0
XR_007188496.1	4971	4791.9	14.3792	1.28837
XR_007188497.1	10084	9904.9	0	0
XR_007188498.1	11678	11498.9	0	0
XR_007188499.1	8786	8606.9	9.37974	0.467904
XR_007188500.1	1867	1687.9	1.26014	0.320542
XR_007188501.1	1059	879.905	1.65565	0.807879
XR_007188502.1	7203	7023.9	2	0.122254
XR_007188503.1	4372	4192.9	0	0
XR_007188504.1	4473	4293.9	0	0
XR_007188505.1	1264	1084.9	4.95163	1.95961
XR_007188506.1	1045	865.905	0.0483702	0.023984
XR_007188507.1	2110	1930.9	15	3.33537
XR_007188508.1	3451	3271.9	0	0
XR_007188509.1	2869	2689.9	0	0
XR_007188510.1	3372	3192.9	0	0
XR_007188511.1	6876	6696.9	0	0
XR_007188512.1	871	691.98	0	0
XR_007188513.1	1117	937.905	0	0
XR_007188514.1	5489	5309.9	0	0
XR_007188515.1	557	378.018	0	0
XR_007188516.1	3959	3779.9	5.59535	0.635565
XR_007188517.1	9597	9417.9	179.878	8.20044
XR_007188518.1	3660	3480.9	3	0.370035
XR_007188519.1	7945	7765.9	0	0
XR_007188520.1	763	583.98	0	0
XR_007188521.1	3493	3313.9	0	0
XR_007188522.1	3250	3070.9	0	0
XR_007188523.1	3009	2829.9	0	0
XR_007188524.1	524	345.091	0	0
XR_007188525.1	4050	3870.9	0	0
XR_007188526.1	2987	2807.9	0	0
XR_007188527.1	1426	1246.9	3.9223	1.35058
XR_007188528.1	8405	8225.9	0	0
XR_007188529.1	566	386.98	4	4.43797
XR_007188530.1	837	657.98	1.63035	1.06385
XR_007188531.1	493	314.154	0	0
XR_007188532.1	428	249.808	0	0
XR_007188533.1	483	304.217	0	0
XR_007188534.1	495	316.154	0	0
XR_007188535.1	424	245.832	0	0
XR_007188536.1	395	217.459	0	0
XR_007188537.1	11506	11326.9	0.000826771	3.13391e-05
XR_007188538.1	11428	11248.9	6.8187	0.260259
XR_007188539.1	2447	2267.9	0	0
XR_007188540.1	2423	2243.9	0	0
XR_007188541.1	2689	2509.9	0	0
XR_007188542.1	2417	2237.9	6.24726	1.19856
XR_007188543.1	2508	2328.9	0	0
XR_007188544.1	2330	2150.9	11.9386	2.38311
XR_007188545.1	296	126.85	0.0108238	0.0366352
XR_007188546.1	288	120.308	0	0
XR_007188547.1	213	66.5435	0	0
XR_007188548.1	306	135.147	0	0
XR_007188549.1	317	144.768	0	0
XR_007188550.1	297	127.649	3.01292e-06	1.01341e-05
XR_007188551.1	623	443.98	2.79999	2.70774
XR_007188552.1	297	127.649	3.01292e-06	1.01341e-05
XR_007188553.1	289	121.089	0	0
XR_007188554.1	213	66.5435	0	0
XR_007188555.1	307	135.977	0	0
XR_007188556.1	252	92.3911	0	0
XR_007188557.1	259	97.3753	1	4.40925
XR_007188558.1	157	38.6882	0	0
XR_007188559.1	162	40.4033	0	0
XR_007188560.1	232	78.5265	0	0
XR_007188561.1	296	126.85	0.0108238	0.0366352
XR_007188562.1	288	120.308	0	0
XR_007188563.1	213	66.5435	0	0
XR_007188564.1	306	135.147	0	0
XR_007188565.1	199	58.4739	17	124.825
XR_007188566.1	1032	852.905	24.7607	12.4645
XR_007188567.1	290	121.933	2	7.0424
XR_007188568.1	2027	1847.9	0	0
XR_007188569.1	1893	1713.9	0	0
XR_007188570.1	1350	1170.9	0	0
XR_007188571.1	1192	1012.9	0	0
XR_007188572.1	1182	1002.9	0	0
XR_007188573.1	4082	3902.9	1.71681	0.188864
XR_007188574.1	2548	2368.9	3.58377	0.64954
XR_007188575.1	677	497.98	0	0
XR_007188576.1	1990	1810.9	0	0
XR_007188577.1	483	304.217	0	0
XR_007188578.1	495	316.154	0	0
XR_007188579.1	482	303.217	0	0
XR_007188580.1	424	245.832	0	0
XR_007188581.1	644	464.98	0	0
XR_007188582.1	395	217.459	0	0
XR_007188583.1	395	217.459	0	0
XR_007188584.1	899	719.98	0	0
XR_007188585.1	719	539.98	0	0
XR_007188586.1	724	544.98	0	0
XR_007188587.1	795	615.98	0	0
XR_007188588.1	868	688.98	0	0
XR_007188589.1	899	719.98	0	0
XR_007188590.1	715	535.98	0	0
XR_007188591.1	720	540.98	0	0
XR_007188592.1	795	615.98	0	0
XR_007188593.1	868	688.98	0	0
XR_007188594.1	9869	9689.9	39.7017	1.75915
XR_007188595.1	482	303.217	0	0
XR_007188596.1	494	315.154	0	0
XR_007188597.1	423	244.832	0	0
XR_007188598.1	386	208.716	4.77462	9.82194
XR_007188599.1	320	147.435	0	0
XR_007188600.1	290	121.933	0	0
XR_007188601.1	259	97.3753	0	0
XR_007188602.1	2151	1971.9	0	0
XR_007188603.1	4087	3907.9	0	0
XR_007188604.1	1612	1432.9	5.21618	1.56296
XR_007188605.1	4505	4325.9	17.0327	1.69052
XR_007188606.1	4203	4023.9	0	0
XR_007188607.1	350	174.611	0	0
XR_007188608.1	350	174.611	0	0
XR_007188609.1	363	186.702	4.75512	10.9352
XR_007188610.1	355	179.127	0	0
XR_007188611.1	655	475.98	0	0
XR_007188612.1	528	349.091	0	0
XR_007188613.1	491	312.186	1.28327	1.76489
XR_007188614.1	907	727.98	0	0
XR_007188615.1	777	597.98	4.7675	3.42308
XR_007188616.1	888	708.98	1.45496	0.881109
XR_007188617.1	608	428.98	0	0
XR_007188618.1	604	424.98	0	0
XR_007188619.1	362	185.777	5.26922	12.1778
XR_007188620.1	296	126.85	0.0108238	0.0366352
XR_007188621.1	356	180.054	6.32164	15.0744
XR_007188622.1	288	120.308	0	0
XR_007188623.1	306	135.147	0	0
XR_007188624.1	641	461.98	0	0
XR_007188625.1	634	454.98	0	0
XR_007188626.1	307	135.977	0	0
XR_007188627.1	201	59.6973	0	0
XR_007188628.1	2901	2721.9	5.93187	0.93569
XR_007188629.1	2702	2522.9	0	0
XR_007188630.1	252	92.3911	0	0
XR_007188631.1	260	98.1103	0	0
XR_007188632.1	259	97.3753	0	0
XR_007188633.1	489	310.186	1	1.38418
XR_007188634.1	950	770.905	1.20546e-07	6.71378e-08
XR_007188635.1	940	760.905	3.02735	1.70823
XR_007188636.1	631	451.98	1	0.949935
XR_007188637.1	1245	1065.9	0	0
XR_007188638.1	1481	1301.9	2.03643	0.67159
XR_007188639.1	725	545.98	0	0
XR_007188640.1	153	37.0815	1.61429	18.6912
XR_007188641.1	1869	1689.9	13.0384	3.31265
XR_007188642.1	4653	4473.9	3.45089	0.331175
XR_007188643.1	26677	26497.9	0	0
XR_007188644.1	19843	19663.9	11.3479	0.247776
XR_007188645.1	24862	24682.9	0	0
XR_007188646.1	21290	21110.9	0	0
XR_007188647.1	19456	19276.9	12.0193	0.267705
XR_007188648.1	27742	27562.9	0	0
XR_007188649.1	24026	23846.9	0	0
XR_007188650.1	29090	28910.9	0	0
XR_007188651.1	10828	10648.9	0	0
XR_007188652.1	11720	11540.9	0	0
XR_007188653.1	12448	12268.9	10.26	0.359051
XR_007188654.1	862	682.98	0	0
XR_007188655.1	3017	2837.9	6	0.907751
XR_007188656.1	11732	11552.9	0	0
XR_007188657.1	264	101.148	0	0
XR_007188658.1	11263	11083.9	0.0027428	0.000106247
XR_007188659.1	11275	11095.9	0.000668235	2.58571e-05
XR_007188660.1	8806	8626.9	5.88279	0.29278
XR_007188661.1	8822	8642.9	0.524106	0.0260359
XR_007188662.1	11266	11086.9	0.00192671	7.46137e-05
XR_007188663.1	1370	1190.9	209.601	75.5666
XR_007188664.1	8819	8639.9	0.824473	0.0409714
XR_007188665.1	8586	8406.9	5.05429	0.258129
XR_007188666.1	1428	1248.9	0	0
XR_007188667.1	820	640.98	0	0
XR_007188668.1	8364	8184.9	0.000789993	4.14403e-05
XR_007188669.1	8318	8138.9	1.23545	0.0651737
XR_007188670.1	344	169.204	0	0
XR_007188671.1	6765	6585.9	18.5055	1.20642
XR_007188672.1	4191	4011.9	0	0
XR_007188673.1	13103	12923.9	0	0
XR_007188674.1	4240	4060.9	0	0
XR_007188675.1	4180	4000.9	0	0
XR_007188676.1	3951	3771.9	0	0
XR_007188677.1	3695	3515.9	0	0
XR_007188678.1	4528	4348.9	0	0
XR_007188679.1	4864	4684.9	0	0
XR_007188680.1	4576	4396.9	0	0
XR_007188681.1	2310	2130.9	0	0
XR_007188682.1	5544	5364.9	0	0
XR_007188683.1	2389	2209.9	0	0
XR_007188684.1	5508	5328.9	0	0
XR_007188685.1	6952	6772.9	0	0
XR_007188686.1	4234	4054.9	0	0
XR_007188687.1	5792	5612.9	0	0
XR_007188688.1	5396	5216.9	0	0
XR_007188689.1	4249	4069.9	0	0
XR_007188690.1	7013	6833.9	0	0
XR_007188691.1	5470	5290.9	0	0
XR_007188692.1	3991	3811.9	0	0
XR_007188693.1	6744	6564.9	0	0
XR_007188694.1	7071	6891.9	0	0
XR_007188695.1	5271	5091.9	0	0
XR_007188696.1	312	140.373	0	0
XR_007188697.1	5904	5724.9	1.47805	0.110849
XR_007188698.1	2417	2237.9	6.03684	1.15819
XR_007188699.1	4546	4366.9	20.4131	2.007
XR_007188700.1	2393	2213.9	0	0
XR_007188701.1	13903	13723.9	355.401	11.1187
XR_007188702.1	14774	14594.9	0	0
XR_007188703.1	21458	21278.9	0	0
XR_007188704.1	21461	21281.9	0	0
XR_007188705.1	2083	1903.9	0	0
XR_007188706.1	2242	2062.9	0	0
XR_007188707.1	6869	6689.9	0	0
XR_007188708.1	1354	1174.9	0	0
XR_007188709.1	3738	3558.9	2.15049	0.259438
XR_007188710.1	591	411.98	0	0
XR_007188711.1	6666	6486.9	1.03992	0.06883
XR_007188712.1	211	65.3511	0	0
XR_007188713.1	720	540.98	0	0
XR_007188714.1	2577	2397.9	4.87256	0.872446
XR_007188715.1	3095	2915.9	0	0
XR_007188716.1	368	191.493	0	0
XR_007188717.1	12039	11859.9	0	0
XR_007188718.1	499	320.091	0	0
XR_007188719.1	9206	9026.9	0	0
XR_007188720.1	15489	15309.9	0	0
XR_007188721.1	15444	15264.9	0	0
XR_007188722.1	14621	14441.9	0.000451057	1.34097e-05
XR_007188723.1	14536	14356.9	0.999549	0.0298921
XR_007188724.1	1916	1736.9	0	0
XR_007188725.1	1799	1619.9	0	0
XR_007188726.1	3950	3770.9	0	0
XR_007188727.1	1161	981.905	0	0
XR_007188728.1	1007	827.905	0	0
XR_007188729.1	3351	3171.9	0	0
XR_007188730.1	2224	2044.9	0	0
XR_007188731.1	1986	1806.9	0	0
XR_007188732.1	1321	1141.9	0	0
XR_007188733.1	3458	3278.9	0	0
XR_007188734.1	2364	2184.9	0	0
XR_007188735.1	2833	2653.9	37.987	6.14558
XR_007188736.1	2722	2542.9	2.24628e-08	3.79268e-09
XR_007188737.1	642	462.98	0	0
XR_007188738.1	30131	29951.9	7.16639	0.102728
XR_007188739.1	9965	9785.9	1.881	0.082528
XR_007188740.1	6334	6154.9	0	0
XR_007188741.1	9312	9132.9	6.02236	0.28312
XR_007188742.1	10091	9911.9	1.05592e-07	4.57392e-09
XR_007188743.1	586	406.98	2	2.10994
XR_007188744.1	502	323.091	3	3.98667
XR_007188745.1	2181	2001.9	0	0
XR_007188746.1	3808	3628.9	0	0
XR_007188747.1	3183	3003.9	0	0
XR_007188748.1	3525	3345.9	20.0362	2.57108
XR_007188749.1	3484	3304.9	0	0
XR_007188750.1	6073	5893.9	0	0
XR_007188751.1	3801	3621.9	0	0
XR_007188752.1	6681	6501.9	0	0
XR_007188753.1	3701	3521.9	3	0.365727
XR_007188754.1	859	679.98	0	0
XR_007188755.1	465	286.306	0	0
XR_007188756.1	256	95.2184	0	0
XR_007188757.1	525	346.091	0	0
XR_007188758.1	4319	4139.9	0	0
XR_007188759.1	2500	2320.9	0	0
XR_007188760.1	672	492.98	0	0
XR_007188761.1	382	204.819	2	4.19249
XR_007188762.1	870	690.98	0	0
XR_007188763.1	5713	5533.9	0	0
XR_007188764.1	153	37.0815	1.61429	18.6912
XR_007188765.1	1869	1689.9	13.0384	3.31265
XR_007188766.1	449	270.446	0	0
XR_007188767.1	449	270.446	0	0
XR_007188768.1	449	270.446	0	0
XR_007188769.1	449	270.446	0	0
XR_007188770.1	418	239.953	0	0
XR_007188771.1	418	239.953	0	0
XR_007188772.1	413	235.073	0	0
XR_007188773.1	413	235.073	0	0
XR_007188774.1	413	235.073	0	0
XR_007188775.1	413	235.073	0	0
XR_007188776.1	418	239.953	0	0
XR_007188777.1	449	270.446	0	0
XR_007188778.1	449	270.446	0	0
XR_007188779.1	449	270.446	0	0
XR_007188780.1	449	270.446	0	0
XR_007188781.1	153	37.0815	1.61429	18.6912
XR_007188782.1	1869	1689.9	13.0384	3.31265
XR_007188783.1	8151	7971.9	2	0.107716
XR_007188784.1	521	342.091	0	0
XR_007188785.1	814	634.98	1	0.676166
XR_007188786.1	119	25.5681	0.0125	0.209906
XR_007188787.1	124	26.7761	0	0
XR_007188788.1	119	25.5681	0.0125	0.209906
XR_007188789.1	119	25.5681	0.0125	0.209906
XR_007188790.1	119	25.5681	0.0125	0.209906
XR_007188791.1	119	25.5681	0.0125	0.209906
XR_007188792.1	119	25.5681	0.0125	0.209906
XR_007188793.1	119	25.5681	0.0125	0.209906
XR_007188794.1	119	25.5681	0.0125	0.209906
XR_007188795.1	119	25.5681	0.0125	0.209906
XR_007188796.1	119	25.5681	0.0125	0.209906
XR_007188797.1	119	25.5681	0.0125	0.209906
XR_007188798.1	119	25.5681	0.0125	0.209906
XR_007188799.1	119	25.5681	0.0125	0.209906
XR_007188800.1	119	25.5681	0.0125	0.209906
XR_007188801.1	119	25.5681	0.0125	0.209906
XR_007188802.1	119	25.5681	0.0125	0.209906
XR_007188803.1	119	25.5681	0.0125	0.209906
XR_007188804.1	119	25.5681	0.0125	0.209906
XR_007188805.1	119	25.5681	0.0125	0.209906
XR_007188806.1	119	25.5681	0.0125	0.209906
XR_007188807.1	119	25.5681	0.0125	0.209906
XR_007188808.1	119	25.5681	0.0125	0.209906
XR_007188809.1	119	25.5681	0.0125	0.209906
XR_007188810.1	119	25.5681	0.0125	0.209906
XR_007188811.1	119	25.5681	0.0125	0.209906
XR_007188812.1	119	25.5681	0.0125	0.209906
XR_007188813.1	119	25.5681	0.0125	0.209906
XR_007188814.1	119	25.5681	0.0125	0.209906
XR_007188815.1	119	25.5681	0.0125	0.209906
XR_007188816.1	119	25.5681	0.0125	0.209906
XR_007188817.1	119	25.5681	0.0125	0.209906
XR_007188818.1	119	25.5681	0.0125	0.209906
XR_007188819.1	119	25.5681	0.0125	0.209906
XR_007188820.1	119	25.5681	0.0125	0.209906
XR_007188821.1	119	25.5681	0.0125	0.209906
XR_007188822.1	119	25.5681	0.0125	0.209906
XR_007188823.1	119	25.5681	0	0
XR_007188824.1	119	25.5681	0	0
XR_007188825.1	119	25.5681	0	0
XR_007188826.1	119	25.5681	0	0
XR_007188827.1	119	25.5681	0	0
XR_007188828.1	119	25.5681	0	0
XR_007188829.1	119	25.5681	0	0
XR_007188830.1	119	25.5681	0	0
XR_007188831.1	119	25.5681	0.0125	0.209906
XR_007188832.1	119	25.5681	0	0
XR_007188833.1	119	25.5681	0	0
XR_007188834.1	119	25.5681	0	0
XR_007188835.1	119	25.5681	0	0
XR_007188836.1	119	25.5681	0	0
XR_007188837.1	1838	1658.9	0	0
XR_007188838.1	8483	8303.9	13.6338	0.704933
XR_007188839.1	10574	10394.9	23.0992	0.954091
XR_007188840.1	9097	8917.9	0	0
XR_007188841.1	148	35.19	5	61.0048
XR_007188842.1	10028	9848.9	0	0
XR_007188843.1	9550	9370.9	0	0
XR_007188844.1	9758	9578.9	0	0
XR_007188845.1	5566	5386.9	0	0
XR_007188846.1	5088	4908.9	0	0
XR_007188847.1	5296	5116.9	0	0
XR_007188848.1	107	21.8211	0	0
XR_007188849.1	107	21.8211	0	0
XR_007188850.1	919	739.98	4.61694	2.67884
XR_007188851.1	2343	2163.9	16.7661	3.32666
XR_007188852.1	153	37.0815	1.61429	18.6912
XR_007188853.1	4649	4469.9	40.4132	3.88185
XR_007188854.1	153	37.0815	1.61429	18.6912
XR_007188855.1	1869	1689.9	13.0384	3.31265
XR_007188856.1	1869	1689.9	13.0384	3.31265
XR_007188857.1	4655	4475.9	2572.9	246.806
XR_007188858.1	119	25.5681	0.0125	0.209906
XR_007188859.1	119	25.5681	0.0125	0.209906
XR_007188860.1	119	25.5681	0.0125	0.209906
XR_007188861.1	119	25.5681	0	0
XR_007188862.1	119	25.5681	0	0
XR_007188863.1	119	25.5681	0	0
XR_007188864.1	119	25.5681	0	0
XR_007188865.1	119	25.5681	0.0125	0.209906
XR_007188866.1	119	25.5681	0.0125	0.209906
XR_007188867.1	119	25.5681	0.0125	0.209906
XR_007188868.1	119	25.5681	0.0125	0.209906
XR_007188869.1	153	37.0815	1.61429	18.6912
XR_007188870.1	1869	1689.9	13.0384	3.31265
XR_007188871.1	4653	4473.9	3.45089	0.331175
XR_007188872.1	530	351.091	0	0
XR_007188873.1	718	538.98	0	0
XR_007188874.1	5286	5106.9	2	0.168146
XR_007188875.1	484	305.217	0	0
XR_007188876.1	4835	4655.9	7.49412	0.691083
XR_007188877.1	7896	7716.9	223.544	12.4375
XR_007188878.1	7855	7675.9	88.0876	4.92718
XR_007188879.1	162	40.4033	0	0
XR_007188880.1	213	66.5435	0	0
XR_007188881.1	162	40.4033	0	0
XR_007188882.1	163	40.9071	0	0
XR_007188883.1	211	65.3511	0	0
XR_007188884.1	22682	22502.9	14.7333	0.281108
XR_007188885.1	29039	28859.9	40.2676	0.599066
XR_007188886.1	496	317.123	0	0
XR_007188887.1	1185	1005.9	0	0
XR_007188888.1	14643	14463.9	0	0
XR_007188889.1	5384	5204.9	24.6818	2.036
XR_007188890.1	1889	1709.9	6.80878	1.70966
XR_007188891.1	291	122.777	0	0
XR_007188892.1	2494	2314.9	0	0
XR_007188893.1	1146	966.905	0	0
XR_007188894.1	370	193.318	0	0
XR_007188895.1	2430	2250.9	0	0
XR_007188896.1	1450	1270.9	0	0
XR_007188897.1	2660	2480.9	3	0.519188
XR_007188898.1	2040	1860.9	9.65298	2.22716
XR_007188899.1	3209	3029.9	1.15102	0.163105
XR_007188900.1	10172	9992.9	9.49429	0.407929
XR_007188901.1	13798	13618.9	175.07	5.51929
XR_007188902.1	16807	16627.9	0	0
XR_007188903.1	4653	4473.9	0	0
XR_007188904.1	1235	1055.9	0	0
XR_007188905.1	4580	4400.9	0	0
XR_007188906.1	4406	4226.9	0	0
XR_007188907.1	4133	3953.9	0	0
XR_007188908.1	4278	4098.9	1.27381	0.133429
XR_007188909.1	335	161.043	0	0
XR_007188910.1	334	160.109	0	0
XR_007188911.1	4890	4710.9	0	0
XR_007188912.1	4645	4465.9	0	0
XR_007188913.1	4430	4250.9	2.98413	0.301404
XR_007188914.1	3329	3149.9	0	0
XR_007188915.1	3114	2934.9	2.65677	0.388663
XR_007188916.1	4676	4496.9	140.614	13.4254
XR_007188917.1	5004	4824.9	0	0
XR_007188918.1	3915	3735.9	6.60637	0.759243
XR_007188919.1	3075	2895.9	0	0
XR_007188920.1	3127	2947.9	0	0
XR_007188921.1	4156	3976.9	0	0
XR_007188922.1	3954	3774.9	0	0
XR_007188923.1	3128	2948.9	0	0
XR_007188924.1	3840	3660.9	0	0
XR_007188925.1	3820	3640.9	0	0
XR_007188926.1	3290	3110.9	0	0
XR_007188927.1	7306	7126.9	2	0.120488
XR_007188928.1	3495	3315.9	50.122	6.48993
XR_007188929.1	1461	1281.9	0	0
XR_007188930.1	906	726.98	0	0
XR_007188931.1	3901	3721.9	0	0
XR_007188932.1	6401	6221.9	0	0
XR_007188933.1	6441	6261.9	0	0
XR_007188934.1	6470	6290.9	0	0
XR_007188935.1	3767	3587.9	3.99996	0.478661
XR_007188936.1	3799	3619.9	3.71249e-05	4.40333e-06
XR_007188937.1	386	208.716	1	2.05712
XR_007188938.1	11056	10876.9	12	0.473685
XR_007188939.1	423	244.832	0	0
XR_007188940.1	862	682.98	0	0
XR_007188941.1	631	451.98	0	0
XR_007188942.1	1109	929.905	0	0
XR_007188943.1	7773	7593.9	0	0
XR_007188944.1	3974	3794.9	0	0
XR_007188945.1	5009	4829.9	0	0
XR_007188946.1	3285	3105.9	3.4056	0.470781
XR_007188947.1	498	319.091	0	0
XR_007188948.1	5524	5344.9	0	0
XR_007188949.1	6940	6760.9	1.34172	0.0852058
XR_007188950.1	1901	1721.9	37.5788	9.37016
XR_007188951.1	3114	2934.9	7	1.02404
XR_007188952.1	965	785.905	24.5575	13.4161
XR_007188953.1	3062	2882.9	0	0
XR_007188954.1	340	165.493	0	0
XR_007188955.1	278	112.434	0	0
XR_007188956.1	569	389.98	0	0
XR_007188957.1	4020	3840.9	0	0
XR_007188958.1	3979	3799.9	0	0
XR_007188959.1	1594	1414.9	0	0
XR_007188960.1	547	368.056	1	1.16654
XR_007188961.1	4007	3827.9	0	0
XR_007188962.1	1716	1536.9	0	0
XR_007188963.1	15434	15254.9	4.91904	0.138447
XR_007188964.1	6552	6372.9	0.790063	0.0532277
XR_007188965.1	4312	4132.9	9.2909	0.965196
XR_007188966.1	6703	6523.9	0	0
XR_007188967.1	7063	6883.9	0	0
XR_007188968.1	427	248.808	0	0
XR_007188969.1	173	45.2018	0	0
XR_007188970.1	732	552.98	4.79932e-06	3.72635e-06
XR_007188971.1	727	547.98	0.674577	0.528542
XR_007188972.1	1670	1490.9	0	0
XR_007188973.1	5191	5011.9	0	0
XR_007188974.1	124	26.7761	0	0
XR_007188975.1	4389	4209.9	0	0
XR_007188976.1	4165	3985.9	9.33872	1.00594
XR_007188977.1	4138	3958.9	0	0
XR_007188978.1	1842	1662.9	2.52182	0.651118
XR_007188979.1	1940	1760.9	0	0
XR_007188980.1	2791	2611.9	0	0
XR_007188981.1	1244	1064.9	0.601113	0.242359
XR_007188982.1	1409	1229.9	0	0
XR_007188983.1	1492	1312.9	0	0
XR_007188984.1	1266	1086.9	0	0
XR_007188985.1	1266	1086.9	0	0
XR_007188986.1	1364	1184.9	0	0
XR_007188987.1	1244	1064.9	0.601113	0.242359
XR_007188988.1	355	179.127	0.297775	0.713741
XR_007188989.1	1506	1326.9	3.29539	1.0663
XR_007188990.1	475	296.277	0	0
XR_007188991.1	154	37.3384	0	0
XR_007188992.1	1872	1692.9	1.58408	0.401753
XR_007188993.1	4627	4447.9	25.5356	2.46493
XR_007188994.1	419	240.905	0	0
XR_007188995.1	530	351.091	0	0
XR_007188996.1	2926	2746.9	2.08855	0.326449
XR_007188997.1	3086	2906.9	0	0
XR_007188998.1	604	424.98	0	0
XR_007188999.1	250	91.0612	0	0
XR_007189000.1	250	91.0612	0	0
XR_007189001.1	569	389.98	0	0
XR_007189002.1	425	246.808	0	0
XR_007189003.1	530	351.091	0	0
XR_007189004.1	164	41.3129	0	0
XR_007189005.1	213	66.5435	0	0
XR_007189006.1	162	40.4033	0	0
XR_007189007.1	211	65.3511	0	0
XR_007189008.1	213	66.5435	0	0
XR_007189009.1	157	38.6882	0	0
XR_007189010.1	296	126.85	0.0108238	0.0366352
XR_007189011.1	288	120.308	0	0
XR_007189012.1	213	66.5435	0	0
XR_007189013.1	306	135.147	0	0
XR_007189014.1	374	197.121	0	0
XR_007189015.1	317	144.768	0	0
XR_007189016.1	297	127.649	3.01292e-06	1.01341e-05
XR_007189017.1	307	135.977	0	0
XR_007189018.1	4466	4286.9	2.56131	0.256526
XR_007189019.1	4442	4262.9	0.0724047	0.00729246
XR_007189020.1	493	314.154	0	0
XR_007189021.1	6073	5893.9	21.7045	1.58111
XR_007189022.1	5978	5798.9	6.61946	0.490106
XR_007189023.1	306	135.147	0	0
XR_007189024.1	298	128.46	0	0
XR_007189025.1	299	129.324	0	0
XR_007189026.1	1805	1625.9	7.11731	1.87946
XR_007189027.1	2125	1945.9	4.79853	1.05877
XR_007189028.1	2710	2530.9	0	0
XR_007189029.1	887	707.98	0.0828607	0.0502506
XR_007189030.1	715	535.98	0	0
XR_007189031.1	720	540.98	0	0
XR_007189032.1	795	615.98	0	0
XR_007189033.1	868	688.98	0	0
XR_007189034.1	482	303.217	0	0
XR_007189035.1	494	315.154	0	0
XR_007189036.1	423	244.832	0	0
XR_007189037.1	885	705.98	3.32399	2.02153
XR_007189038.1	798	618.98	0	0
XR_007189039.1	867	687.98	0	0
XR_007189040.1	735	555.98	1.7466e-05	1.3488e-05
XR_007189041.1	730	550.98	2.3022	1.79399
XR_007189042.1	791	611.98	0	0
XR_007189043.1	472	293.277	0	0
XR_007189044.1	8224	8044.9	3.06608	0.163635
XR_007189045.1	6701	6521.9	13.9106	0.915764
XR_007189046.1	4883	4703.9	0	0
XR_007189047.1	359	182.889	0	0
XR_007189048.1	1629	1449.9	5.42218	1.60564
XR_007189049.1	296	126.85	0.0108238	0.0366352
XR_007189050.1	288	120.308	0	0
XR_007189051.1	306	135.147	0	0
XR_007189052.1	215	67.7589	0	0
XR_007189053.1	297	127.649	3.01292e-06	1.01341e-05
XR_007189054.1	289	121.089	0	0
XR_007189055.1	213	66.5435	0	0
XR_007189056.1	308	136.863	0	0
XR_007189057.1	297	127.649	3.01292e-06	1.01341e-05
XR_007189058.1	389	211.61	0	0
XR_007189059.1	252	92.3911	0	0
XR_007189060.1	260	98.1103	0	0
XR_007189061.1	259	97.3753	0	0
XR_007189062.1	6696	6516.9	42.6916	2.81264
XR_007189063.1	355	179.127	0	0
XR_007189064.1	354	178.271	0	0
XR_007189065.1	186	51.4338	0	0
XR_007189066.1	385	207.757	0	0
XR_007189067.1	240	83.9035	4	20.4688
XR_007189068.1	8238	8058.9	23.5487	1.2546
XR_007189069.1	791	611.98	10.0325	7.03856
XR_007189070.1	401	223.304	1.16093	2.23215
XR_007189071.1	364	187.645	3	6.86431
XR_007189072.1	350	174.611	0	0
XR_007189073.1	293	124.383	0	0
XR_007189074.1	297	127.649	3.01292e-06	1.01341e-05
XR_007189075.1	307	135.977	0	0
XR_007189076.1	475	296.277	0	0
XR_007189077.1	250	91.0612	0	0
XR_007189078.1	260	98.1103	0	0
XR_007189079.1	257	95.9679	0	0
XR_007189080.1	1238	1058.9	0	0
XR_007189081.1	923	743.98	1.2811	0.739326
XR_007189082.1	2017	1837.9	0	0
XR_007189083.1	257	95.9679	0	0
XR_007189084.1	254	93.7478	0	0
XR_007189085.1	259	97.3753	0	0
XR_007189086.1	395	217.459	0	0
XR_007189087.1	352	176.397	12.7859	31.1209
XR_007189088.1	295	126.038	0	0
XR_007189089.1	296	126.85	0.0108238	0.0366352
XR_007189090.1	306	135.147	0	0
XR_007189091.1	358	181.907	0	0
XR_007189092.1	8687	8507.9	11.7876	0.59486
XR_007189093.1	791	611.98	0	0
XR_007189094.1	31412	31232.9	55.4519	0.762286
XR_007189095.1	31496	31316.9	2.00477	0.0274852
XR_007189096.1	497	318.091	0	0
XR_007189097.1	488	309.217	0	0
XR_007189098.1	6796	6616.9	39.0865	2.53621
XR_007189099.1	7325	7145.9	85.9589	5.16473
XR_007189100.1	2430	2250.9	0	0
XR_007189101.1	286	118.757	6	21.6924
XR_007189102.1	919	739.98	5.26962	3.05754
XR_007189103.1	524	345.091	1.35783	1.68937
XR_007189104.1	307	135.977	0	0
XR_007189105.1	4212	4032.9	0	0
XR_007189106.1	1173	993.905	0	0
XR_007189107.1	402	224.304	15.6355	29.9287
XR_007189108.1	608	428.98	0	0
XR_007189109.1	7400	7220.9	0	0
XR_007189110.1	7783	7603.9	0	0
XR_007189111.1	6248	6068.9	0	0
XR_007189112.1	6217	6037.9	9.4941e-07	6.7512e-08
XR_007189113.1	7394	7214.9	0	0
XR_007189114.1	7867	7687.9	0	0
XR_007189115.1	6336	6156.9	0.00142254	9.92012e-05
XR_007189116.1	6305	6125.9	1.03248	0.0723642
XR_007189117.1	393	215.567	0	0
XR_007189118.1	388	210.631	0	0
XR_007189119.1	403	225.304	0	0
XR_007189120.1	402	224.304	0	0
XR_007189121.1	1896	1716.9	5	1.25037
XR_007189122.1	312	140.373	0	0
XR_007189123.1	351	175.486	0	0
XR_007189124.1	1228	1048.9	0	0
XR_007189125.1	1505	1325.9	0	0
XR_007189126.1	2782	2602.9	0	0
XR_007189127.1	2325	2145.9	2	0.400159
XR_007189128.1	2384	2204.9	8.77412	1.70855
XR_007189129.1	518	339.091	0	0
XR_007189130.1	653	473.98	0	0
XR_007189131.1	3094	2914.9	0	0
XR_007189132.1	22020	21840.9	0.84334	0.0165785
XR_007189133.1	2481	2301.9	0	0
XR_007189134.1	2335	2155.9	0	0
XR_007189135.1	4250	4070.9	0	0
XR_007189136.1	3857	3677.9	8.13239	0.949361
XR_007189137.1	2520	2340.9	0	0
XR_007189138.1	3824	3644.9	0	0
XR_007189139.1	2371	2191.9	0	0
XR_007189140.1	2517	2337.9	0	0
XR_007189141.1	1566	1386.9	0	0
XR_007189142.1	402	224.304	0	0
XR_007189143.1	6497	6317.9	7.88162	0.535619
XR_007189144.1	2451	2271.9	0	0
XR_007189145.1	26488	26308.9	20.5168	0.334827
XR_007189146.1	1106	926.905	19.847	9.19336
XR_007189147.1	4375	4195.9	5.463	0.559009
XR_007189148.1	2865	2685.9	17.4747	2.7934
XR_007189149.1	3603	3423.9	2.06228	0.258607
XR_007189150.1	4267	4087.9	8.3226	0.874121
XR_007189151.1	14448	14268.9	9.23489	0.277878
XR_007189152.1	6133	5953.9	9	0.649014
XR_007189153.1	4848	4668.9	0	0
XR_007189154.1	1893	1713.9	0	0
XR_007189155.1	2043	1863.9	0	0
XR_007189156.1	1693	1513.9	0	0
XR_007189157.1	3634	3454.9	0	0
XR_007189158.1	1779	1599.9	0	0
XR_007189159.1	1885	1705.9	0	0
XR_007189160.1	2659	2479.9	0	0
XR_007189161.1	1830	1650.9	0	0
XR_007189162.1	1987	1807.9	1.00865	0.23954
XR_007189163.1	5954	5774.9	15.3844	1.14379
XR_007189164.1	1042	862.905	0	0
XR_007189165.1	6099	5919.9	0	0
XR_007189166.1	963	783.905	0	0
XR_007189167.1	5588	5408.9	0	0
XR_007189168.1	5479	5299.9	5.77063	0.467486
XR_007189169.1	2497	2317.9	4	0.740931
XR_007189170.1	811	631.98	0	0
XR_007189171.1	791	611.98	0	0
XR_007189172.1	243	85.858	0	0
XR_007189173.1	4073	3893.9	0	0
XR_007189174.1	271	106.767	0	0
XR_007189175.1	5056	4876.9	3.01466	0.265404
XR_007189176.1	154	37.3384	1	11.4989
XR_007189177.1	1563	1383.9	4	1.24099
XR_007189178.1	271	106.767	0	0
XR_007189179.1	1053	873.905	0	0
XR_007189180.1	3247	3067.9	3	0.419849
XR_007189181.1	3106	2926.9	6.17361	0.905616
XR_007189182.1	1182	1002.9	0	0
XR_007189183.1	4196	4016.9	0.221034	0.0236255
XR_007189184.1	4262	4082.9	0	0
XR_007189185.1	6454	6274.9	2.77897	0.190147
XR_007189186.1	3130	2950.9	0	0
XR_007189187.1	912	732.98	0	0
XR_007189188.1	7096	6916.9	0	0
XR_007189189.1	3020	2840.9	2	0.302264
XR_007189190.1	437	258.603	0	0
XR_007189191.1	1847	1667.9	3	0.77226
XR_007189192.1	577	397.98	0	0
XR_007189193.1	24609	24429.9	7.01585	0.123303
XR_007189194.1	16010	15830.9	0	0
XR_007189195.1	15708	15528.9	0	0
XR_007189196.1	14941	14761.9	0	0
XR_007189197.1	103	20.9391	0	0
XR_007189198.1	153	37.0815	1.61429	18.6912
XR_007189199.1	1867	1687.9	4.07206e-06	1.03581e-06
XR_007189200.1	4653	4473.9	440.627	42.2861
XR_007189201.1	483	304.217	0	0
XR_007189202.1	495	316.154	0	0
XR_007189203.1	482	303.217	0	0
XR_007189204.1	424	245.832	0	0
XR_007189205.1	1222	1042.9	22.2133	9.14496
XR_007189206.1	2410	2230.9	0	0
XR_007189207.1	1979	1799.9	5.97669	1.42569
XR_007189208.1	2311	2131.9	0	0
XR_007189209.1	2384	2204.9	0	0
XR_007189210.1	2144	1964.9	0	0
XR_007189211.1	1797	1617.9	0	0
XR_007189212.1	2483	2303.9	0	0
XR_007189213.1	2102	1922.9	0	0
XR_007189214.1	360	183.852	0	0
XR_007189215.1	472	293.277	0	0
XR_007189216.1	254	93.7478	0	0
XR_007189217.1	253	93.1022	0	0
XR_007189218.1	296	126.85	0.0108238	0.0366352
XR_007189219.1	1679	1499.9	0	0
XR_007189220.1	350	174.611	0	0
XR_007189221.1	22542	22362.9	0	0
XR_007189222.1	22626	22446.9	0	0
XR_007189223.1	21917	21737.9	0	0
XR_007189224.1	22270	22090.9	0	0
XR_007189225.1	7712	7532.9	0	0
XR_007189226.1	22436	22256.9	0	0
XR_007189227.1	7569	7389.9	7.16654	0.416375
XR_007189228.1	22468	22288.9	0	0
XR_007189229.1	17261	17081.9	0	0
XR_007189230.1	22071	21891.9	13.837	0.271377
XR_007189231.1	17259	17079.9	0	0
XR_007189232.1	724	544.98	1.98677	1.56524
XR_007189233.1	714	534.98	0	0
XR_007189234.1	660	480.98	0	0
XR_007189235.1	728	548.98	1.68639	1.31891
XR_007189236.1	736	556.98	1.06548e-08	8.21335e-09
XR_007189237.1	3271	3091.9	0	0
XR_007189238.1	2682	2502.9	0	0
XR_007189239.1	2696	2516.9	9.72351	1.65871
XR_007189240.1	1996	1816.9	0	0
XR_007189241.1	1978	1798.9	0	0
XR_007189242.1	12974	12794.9	20.4639	0.686696
XR_007189243.1	6469	6289.9	1.72746e-06	1.17917e-07
XR_007189244.1	6491	6311.9	32.9481	2.24121
XR_007189245.1	6292	6112.9	0	0
XR_007189246.1	2184	2004.9	0	0
XR_007189247.1	2105	1925.9	12.8298	2.86022
XR_007189248.1	2291	2111.9	0	0
XR_007189249.1	11069	10889.9	0	0
XR_007189250.1	11153	10973.9	0	0
XR_007189251.1	10528	10348.9	0	0
XR_007189252.1	10369	10189.9	0	0
XR_007189253.1	18780	18600.9	35.6777	0.823523
XR_007189254.1	10454	10274.9	0	0
XR_007189255.1	10853	10673.9	3.78347	0.152188
XR_007189256.1	7715	7535.9	0	0
XR_007189257.1	10962	10782.9	0	0
XR_007189258.1	7572	7392.9	0	0
XR_007189259.1	5780	5600.9	0	0
XR_007189260.1	5782	5602.9	0	0
XR_007189261.1	10598	10418.9	0	0
XR_007189262.1	5470	5290.9	2.65337	0.215318
XR_007189263.1	483	304.217	0	0
XR_007189264.1	495	316.154	0	0
XR_007189265.1	424	245.832	0	0
XR_007189266.1	483	304.217	0	0
XR_007189267.1	495	316.154	0	0
XR_007189268.1	424	245.832	0	0
XR_007189269.1	19529	19349.9	0	0
XR_007189270.1	18453	18273.9	11.1316	0.261541
XR_007189271.1	19046	18866.9	0	0
XR_007189272.1	19222	19042.9	0	0
XR_007189273.1	19197	19017.9	0	0
XR_007189274.1	19171	18991.9	0	0
XR_007189275.1	18927	18747.9	0	0
XR_007189276.1	14616	14436.9	0	0
XR_007189277.1	18728	18548.9	54.6726	1.26551
XR_007189278.1	24232	24052.9	44.1237	0.787623
XR_007189279.1	5637	5457.9	9.93932	0.781887
XR_007189280.1	4466	4286.9	0	0
XR_007189281.1	4442	4262.9	0	0
XR_007189282.1	493	314.154	2.21836	3.03182
XR_007189283.1	350	174.611	0	0
XR_007189284.1	350	174.611	0	0
XR_007189285.1	301	130.954	1.00797	3.30476
XR_007189286.1	293	124.383	0	0
XR_007189287.1	296	126.85	0.0108238	0.0366352
XR_007189288.1	306	135.147	0	0
XR_007189289.1	296	126.85	0.0108238	0.0366352
XR_007189290.1	374	197.121	0	0
XR_007189291.1	296	126.85	0.0108238	0.0366352
XR_007189292.1	306	135.147	0	0
XR_007189293.1	416	238.049	20.1378	36.3211
XR_007189294.1	227	75.3526	0	0
XR_007189295.1	297	127.649	3.01292e-06	1.01341e-05
XR_007189296.1	289	121.089	0	0
XR_007189297.1	213	66.5435	0	0
XR_007189298.1	307	135.977	0	0
XR_007189299.1	157	38.6882	0	0
XR_007189300.1	705	525.98	1	0.816289
XR_007189301.1	442	263.499	0	0
XR_007189302.1	351	175.486	0	0
XR_007189303.1	791	611.98	0	0
XR_007189304.1	103	20.9391	0	0
XR_007189305.1	1869	1689.9	0	0
XR_007189306.1	4635	4455.9	40.4637	3.89891
XR_007189307.1	14526	14346.9	14.2549	0.426598
XR_007189308.1	6085	5905.9	4.54609	0.330495
XR_007189309.1	6082	5902.9	8.82273	0.641727
XR_007189310.1	6330	6150.9	0	0
XR_007189311.1	5028	4848.9	0.000120145	1.06384e-05
XR_007189312.1	4987	4807.9	7.8034	0.696853
XR_007189313.1	1778	1598.9	9.47897	2.54538
XR_007189314.1	8170	7990.9	12.7052	0.682652
XR_007189315.1	3476	3296.9	0	0
XR_007189316.1	1343	1163.9	1	0.368889
XR_007189317.1	459	280.391	0	0
XR_007189318.1	236	81.1516	0	0
XR_007189319.1	530	351.091	0	0
XR_007189320.1	530	351.091	0	0
XR_007189321.1	419	240.905	0	0
XR_007189322.1	164	41.3129	0	0
XR_007189323.1	211	65.3511	0	0
XR_007189324.1	211	65.3511	0	0
XR_007189325.1	213	66.5435	0	0
XR_007189326.1	213	66.5435	0	0
XR_007189327.1	213	66.5435	0	0
XR_007189328.1	163	40.9071	0	0
XR_007189329.1	162	40.4033	0	0
XR_007189330.1	162	40.4033	0	0
XR_007189331.1	162	40.4033	0	0
XR_007189332.1	309	137.706	1	3.1179
XR_007189333.1	153	37.0815	1.61429	18.6912
XR_007189334.1	1869	1689.9	13.0384	3.31265
XR_007189335.1	4654	4474.9	1416.04	135.865
XR_007189336.1	372	195.24	0	0
XR_007189337.1	539	360.056	0	0
XR_007189338.1	537	358.056	0	0
XR_007189339.1	297	127.649	0	0
XR_007189340.1	530	351.091	3	3.66872
XR_007189341.1	450	271.446	0	0
XR_007189342.1	440	261.551	0	0
XR_007189343.1	449	270.446	0	0
XR_007189344.1	105	21.2604	0	0
XR_007189345.1	417	238.977	0	0
XR_007189346.1	305	134.315	0	0
XR_007189347.1	2026	1846.9	0	0
XR_007189348.1	2521	2341.9	2.51681	0.461418
XR_007189349.1	1980	1800.9	0	0
XR_007189350.1	2062	1882.9	0	0
XR_007189351.1	4648	4468.9	20.3158	1.95185
XR_007189352.1	1649	1469.9	0	0
XR_007189353.1	1680	1500.9	0	0
XR_007189354.1	712	532.98	0	0
XR_007189355.1	693	513.98	0	0
XR_007189356.1	904	724.98	0	0
XR_007189357.1	885	705.98	0	0
XR_007189358.1	8224	8044.9	3.06608	0.163635
XR_007189359.1	288	120.308	0	0
XR_007189360.1	3251	3071.9	6.03551	0.843568
XR_007189361.1	401	223.304	1.16093	2.23215
XR_007189362.1	364	187.645	0	0
XR_007189363.1	301	130.954	1.00797	3.30476
XR_007189364.1	293	124.383	0	0
XR_007189365.1	475	296.277	0	0
XR_007189366.1	250	91.0612	0	0
XR_007189367.1	260	98.1103	0	0
XR_007189368.1	3692	3512.9	8.46795	1.03496
XR_007189369.1	1237	1057.9	0	0
XR_007189370.1	482	303.217	0	0
XR_007189371.1	494	315.154	0	0
XR_007189372.1	423	244.832	0	0
XR_007189373.1	4559	4379.9	0	0
XR_007189374.1	12627	12447.9	30.5815	1.05481
XR_007189375.1	4885	4705.9	0	0
XR_007189376.1	3987	3807.9	0	0
XR_007189377.1	3874	3694.9	0	0
XR_007189378.1	4009	3829.9	0	0
XR_007189379.1	3014	2834.9	0	0
XR_007189380.1	4654	4474.9	0	0
XR_007189381.1	4542	4362.9	0	0
XR_007189382.1	4554	4374.9	7.90909	0.776196
XR_007189383.1	4545	4365.9	0	0
XR_007189384.1	4073	3893.9	0	0
XR_007189385.1	2896	2716.9	0	0
XR_007189386.1	3136	2956.9	0	0
XR_007189387.1	2030	1850.9	5.14883	1.19437
XR_007189388.1	2972	2792.9	0	0
XR_007189389.1	2136	1956.9	10.2859	2.25677
XR_007189390.1	4013	3833.9	3.07952	0.34487
XR_007189391.1	4028	3848.9	0	0
XR_007189392.1	3983	3803.9	0	0
XR_007189393.1	3585	3405.9	0	0
XR_007189394.1	3578	3398.9	0	0
XR_007189395.1	157	38.6882	0	0
XR_007189396.1	323	150.128	4.0581	11.6058
XR_007189397.1	318	145.693	0	0
XR_007189398.1	320	147.435	0	0
XR_007189399.1	487	308.217	0	0
XR_007189400.1	499	320.091	0	0
XR_007189401.1	428	249.808	0	0
XR_007189402.1	376	198.962	1.21046	2.61213
XR_007189403.1	158	39.0888	0	0
XR_007189404.1	497	318.091	0	0
XR_007189405.1	417	238.977	0	0
XR_007189406.1	308	136.863	0	0
XR_007189407.1	153	37.0815	1.61429	18.6912
XR_007189408.1	4652	4472.9	96.2019	9.23437
XR_007189409.1	4652	4472.9	7114.51	682.918
XR_007189410.1	153	37.0815	1.61429	18.6912
XR_007189411.1	1869	1689.9	13.0384	3.31265
XR_007189412.1	1869	1689.9	13.0384	3.31265
XR_007189413.1	417	238.977	0	0
XR_007189414.1	480	301.247	187.137	266.717
XR_007189415.1	130	28.6783	0	0
XR_007189416.1	130	28.6783	0	0
XR_007189417.1	89	17.7159	0	0
XR_007189418.1	133	29.6338	0	0
XR_007189419.1	263	100.374	0	0
XR_007189420.1	7880	7700.9	0	0
XR_007189421.1	7823	7643.9	3.81052	0.214034
XR_007189422.1	5885	5705.9	5.94379e-06	4.47252e-07
XR_007189423.1	5860	5680.9	0.0018311	0.000138391
XR_007189424.1	5817	5637.9	37.0609	2.82235
XR_007189425.1	371	194.279	0	0
XR_007189426.1	330	156.434	0	0
XR_007189427.1	4399	4219.9	0	0
XR_007189428.1	5897	5717.9	0	0
XR_007189429.1	4397	4217.9	0	0
XR_007189430.1	4293	4113.9	0	0
XR_007189431.1	4823	4643.9	0	0
XR_007189432.1	4587	4407.9	0	0
XR_007189433.1	483	304.217	0	0
XR_007189434.1	713	533.98	13.2767	10.6753
XR_007189435.1	1172	992.905	0	0
XR_007189436.1	2517	2337.9	0	0
XR_007189437.1	1769	1589.9	0	0
XR_007189438.1	655	475.98	0	0
XR_007189439.1	4598	4418.9	8.72231	0.847481
XR_007189440.1	3192	3012.9	9.15212	1.30422
XR_007189441.1	7862	7682.9	1	0.0558841
XR_007189442.1	3723	3543.9	0	0
XR_007189443.1	3424	3244.9	0	0
XR_007189444.1	3370	3190.9	0	0
XR_007189445.1	3208	3028.9	9.33442	1.32317
XR_007189446.1	3669	3489.9	10.4095	1.28065
XR_007189447.1	3723	3543.9	0	0
XR_007189448.1	3156	2976.9	0	0
XR_007189449.1	3175	2995.9	0	0
XR_007189450.1	7894	7714.9	32.8908	1.83045
XR_007189451.1	602	422.98	0	0
XR_007189452.1	830	650.98	0	0
XR_007189453.1	1072	892.905	0	0
XR_007189454.1	429	250.808	0	0
XR_007189455.1	3548	3368.9	2.57028	0.327571
XR_007189456.1	3580	3400.9	1.12718e-05	1.42303e-06
XR_007189457.1	2648	2468.9	6.51375	1.13277
XR_007189458.1	4088	3908.9	2.24134	0.246188
XR_007189459.1	5854	5674.9	5.32984	0.403245
XR_007189460.1	2344	2164.9	8.87972	1.76106
XR_007189461.1	1982	1802.9	0	0
XR_007189462.1	1412	1232.9	0	0
XR_007189463.1	2812	2632.9	3.58468	0.58456
XR_007189464.1	3387	3207.9	1.50189	0.201016
XR_007189465.1	1375	1195.9	0.120755	0.0433533
XR_007189466.1	1349	1169.9	0	0
XR_007189467.1	1327	1147.9	5.01753e-08	1.87671e-08
XR_007189468.1	1318	1138.9	0.00145066	0.000546881
XR_007189469.1	3222	3042.9	0.0804671	0.0113539
XR_007189470.1	1138	958.905	19.6341	8.7912
XR_007189471.1	1488	1308.9	0	0
XR_007189472.1	1413	1233.9	24.5876	8.55554
XR_007189473.1	1003	823.905	4	2.08447
XR_007189474.1	1071	891.905	0	0
XR_007189475.1	1767	1587.9	1	0.270389
XR_007189476.1	956	776.905	0	0
XR_007189477.1	3903	3723.9	0.0129837	0.00149697
XR_007189478.1	805	625.98	0	0
XR_007189479.1	3826	3646.9	3.52528e-05	4.15033e-06
XR_007189480.1	9705	9525.9	2.31862	0.104505
XR_007189481.1	417	238.977	0	0
XR_007189482.1	146	34.4295	0	0
XR_007189483.1	158	39.0888	0	0
XR_007189484.1	497	318.091	0	0
XR_007189485.1	153	37.0815	1.61429	18.6912
XR_007189486.1	1869	1689.9	13.0384	3.31265
XR_007189487.1	450	271.446	0	0
XR_007189488.1	449	270.446	0	0
XR_007189489.1	440	261.551	0	0
XR_007189490.1	449	270.446	0	0
XR_007189491.1	549	370.056	0	0
XR_007189492.1	304	133.484	0	0
XR_007189493.1	215	67.7589	0	0
XR_007189494.1	734	554.98	0.666667	0.515756
XR_007189495.1	103	20.9391	0	0
XR_007189496.1	9334	9154.9	0	0
XR_007189497.1	7796	7616.9	0	0
XR_007189498.1	9926	9746.9	0	0
XR_007189499.1	9917	9737.9	0	0
XR_007189500.1	9803	9623.9	0	0
XR_007189501.1	9006	8826.9	0	0
XR_007189502.1	9124	8944.9	0	0
XR_007189503.1	9215	9035.9	0	0
XR_007189504.1	9248	9068.9	0	0
XR_007189505.1	9841	9661.9	0	0
XR_007189506.1	8665	8485.9	0	0
XR_007189507.1	7208	7028.9	0	0
XR_007189508.1	7716	7536.9	0	0
XR_007189509.1	7801	7621.9	0	0
XR_007189510.1	7678	7498.9	0	0
XR_007189511.1	7489	7309.9	0	0
XR_007189512.1	6880	6700.9	0	0
XR_007189513.1	7003	6823.9	0	0
XR_007189514.1	6998	6818.9	0	0
XR_007189515.1	8262	8082.9	0	0
XR_007189516.1	5499	5319.9	3	0.24212
XR_007189517.1	8554	8374.9	0	0
XR_007189518.1	7048	6868.9	0	0
XR_007189519.1	6460	6280.9	0	0
XR_007189520.1	6132	5952.9	0	0
XR_007189521.1	6379	6199.9	0	0
XR_007189522.1	6930	6750.9	0	0
XR_007189523.1	6250	6070.9	0	0
XR_007189524.1	5463	5283.9	0	0
XR_007189525.1	6261	6081.9	0	0
XR_007189526.1	497	318.091	0	0
XR_007189527.1	213	66.5435	0	0
XR_007189528.1	511	332.091	0	0
XR_007189529.1	1291	1111.9	2	0.772282
XR_007189530.1	107	21.8211	0	0
XR_007189531.1	134	29.9638	0	0
XR_007189532.1	776	596.98	0	0
XR_007189533.1	2267	2087.9	0	0
XR_007189534.1	3223	3043.9	0	0
XR_007189535.1	4602	4422.9	0	0
XR_007189536.1	3230	3050.9	0	0
XR_007189537.1	3220	3040.9	0	0
XR_007189538.1	3247	3067.9	0	0
XR_007189539.1	255	94.4568	0	0
XR_007189540.1	3104	2924.9	0	0
XR_007189541.1	2895	2715.9	0	0
XR_007189542.1	4274	4094.9	0.152319	0.0159707
XR_007189543.1	303	132.581	0	0
XR_007189544.1	153	37.0815	1.61429	18.6912
XR_007189545.1	1869	1689.9	0	0
XR_007189546.1	4651	4471.9	0.300199	0.0288224
XR_007189547.1	153	37.0815	1.61429	18.6912
XR_007189548.1	1871	1691.9	1.88001e-07	4.77088e-08
XR_007189549.1	4655	4475.9	41.6008	3.99056
XR_007189550.1	153	37.0815	1.61429	18.6912
XR_007189551.1	1869	1689.9	13.0384	3.31265
XR_007189552.1	4651	4471.9	85.2386	8.18384
XR_007189553.1	153	37.0815	1.61429	18.6912
XR_007189554.1	1869	1689.9	13.0384	3.31265
XR_007189555.1	4652	4472.9	7114.51	682.918
XR_007189556.1	13396	13216.9	11.007	0.357563
XR_007189557.1	1946	1766.9	2	0.485993
XR_007189558.1	11462	11282.9	68.8897	2.62148
XR_007189559.1	1032	852.905	0	0
XR_007189560.1	3937	3757.9	0	0
XR_007189561.1	1352	1172.9	1	0.366059
XR_007189562.1	3953	3773.9	0	0
XR_007189563.1	3801	3621.9	0	0
XR_007189564.1	3403	3223.9	0	0
XR_007189565.1	1450	1270.9	0	0
XR_007189566.1	224	73.5148	0	0
XR_007189567.1	524	345.091	0	0
XR_007189568.1	1210	1030.9	1	0.416481
XR_007189569.1	296	126.85	0	0
XR_007189570.1	275	109.98	0	0
XR_007189571.1	3357	3177.9	0	0
XR_007189572.1	2981	2801.9	0	0
XR_007189573.1	1569	1389.9	1.61556	0.499059
XR_007189574.1	305	134.315	0	0
XR_007189575.1	3972	3792.9	7.2078	0.815914
XR_007189576.1	2022	1842.9	0	0
XR_007189577.1	1722	1542.9	2.13505	0.594132
XR_007189578.1	1153	973.905	0	0
XR_007189579.1	1114	934.905	0	0
XR_007189580.1	1337	1157.9	0	0
XR_007189581.1	3390	3210.9	0	0
XR_007189582.1	3983	3803.9	3.01983	0.340852
XR_007189583.1	5595	5415.9	0	0
XR_007189584.1	1992	1812.9	0	0
XR_007189585.1	6835	6655.9	0	0
XR_007189586.1	6656	6476.9	0	0
XR_007189587.1	4130	3950.9	0	0
XR_007189588.1	5454	5274.9	0	0
XR_007189589.1	5115	4935.9	0	0
XR_007189590.1	7772	7592.9	3	0.169639
XR_007189591.1	742	562.98	10.6096	8.09133
XR_007189592.1	1232	1052.9	3.87819	1.58144
XR_007189593.1	361	184.852	0	0
XR_007189594.1	10093	9913.9	0	0
XR_007189595.1	16725	16545.9	2.04507	0.0530677
XR_007189596.1	4353	4173.9	0	0
XR_007189597.1	5728	5548.9	0	0
XR_007189598.1	452	273.446	0	0
XR_007189599.1	4364	4184.9	1	0.102595
XR_007189600.1	15831	15651.9	19.0002	0.521201
XR_007189601.1	11276	11096.9	5.6878	0.220068
XR_007189602.1	7374	7194.9	14.3129	0.854112
XR_007189603.1	8744	8564.9	3.00007	0.150391
XR_007189604.1	1791	1611.9	1	0.266363
XR_007189605.1	13369	13189.9	0	0
XR_007189606.1	7594	7414.9	0	0
XR_007189607.1	1600	1420.9	0	0
XR_007189608.1	199	58.4739	0	0
XR_007189609.1	13096	12916.9	0	0
XR_007189610.1	23917	23737.9	3.94864	0.0714199
XR_007189611.1	5949	5769.9	4	0.297649
XR_007189612.1	2322	2142.9	0	0
XR_007189613.1	4979	4799.9	10.2062	0.912947
XR_007189614.1	515	336.091	1	1.27749
XR_007189615.1	3801	3621.9	0	0
XR_007189616.1	632	452.98	14	13.2697
XR_007189617.1	1556	1376.9	0	0
XR_007189618.1	1469	1289.9	0	0
XR_007189619.1	3332	3152.9	0	0
XR_007189620.1	5486	5306.9	0	0
XR_007189621.1	3344	3164.9	0	0
XR_007189622.1	3774	3594.9	0	0
XR_007189623.1	3453	3273.9	0	0
XR_007189624.1	3665	3485.9	0	0
XR_007189625.1	3541	3361.9	0	0
XR_007189626.1	16321	16141.9	14	0.37238
XR_007189627.1	5458	5278.9	41.4777	3.37353
XR_007189628.1	14407	14227.9	83.0626	2.50656
XR_007189629.1	9084	8904.9	2.41208	0.116299
XR_007189630.1	10848	10668.9	4.39345	0.176807
XR_007189631.1	7600	7420.9	0	0
XR_007189632.1	7670	7490.9	13.5975	0.77936
XR_007189633.1	8269	8089.9	19.026	1.00976
XR_007189634.1	5655	5475.9	0	0
XR_007189635.1	1981	1801.9	4.32801	1.03127
XR_007189636.1	656	476.98	0	0
XR_007189637.1	310	138.605	0	0
XR_007189638.1	1835	1655.9	0	0
XR_007189639.1	13593	13413.9	0	0
XR_007189640.1	1981	1801.9	9.13253	2.17607
XR_007189641.1	105	21.2604	0	0
XR_007189642.1	5630	5450.9	0	0
XR_007189643.1	107	21.8211	0	0
XR_007189644.1	111	23.0653	0	0
XR_007189645.1	107	21.8211	0.415584	8.17702
XR_007189646.1	107	21.8211	0	0
XR_007189647.1	3479	3299.9	15	1.95166
XR_007189648.1	8112	7932.9	27	1.46132
XR_007189649.1	4302	4122.9	7	0.728968
XR_007189650.1	9864	9684.9	0	0
XR_007189651.1	3204	3024.9	0	0
XR_007189652.1	7771	7591.9	0	0
XR_007189653.1	8111	7931.9	0	0
XR_007189654.1	7930	7750.9	0	0
XR_007189655.1	7578	7398.9	0	0
XR_007189656.1	8175	7995.9	0	0
XR_007189657.1	1474	1294.9	0	0
XR_007189658.1	930	750.98	13.7031	7.83435
XR_007189659.1	1312	1132.9	0	0
XR_007189660.1	1278	1098.9	0	0
XR_007189661.1	2917	2737.9	9.71936e-08	1.52417e-08
XR_007189662.1	402	224.304	0	0
XR_007189663.1	1269	1089.9	0	0
XR_007189664.1	414	236.073	0	0
XR_007189665.1	992	812.905	0.0386176	0.0203966
XR_007189666.1	103	20.9391	0	0
XR_007189667.1	125	27.0609	0	0
XR_007189668.1	153	37.0815	1.61429	18.6912
XR_007189669.1	1869	1689.9	13.0384	3.31265
XR_007189670.1	4652	4472.9	204.184	19.5996
XR_007189671.1	153	37.0815	1.61429	18.6912
XR_007189672.1	4656	4476.9	1.37575	0.13194
XR_007189673.1	8098	7918.9	0	0
XR_007189674.1	8017	7837.9	0	0
XR_007189675.1	7933	7753.9	0	0
XR_007189676.1	37799	37619.9	0	0
XR_007189677.1	37690	37510.9	0	0
XR_007189678.1	38582	38402.9	0	0
XR_007189679.1	36449	36269.9	0	0
XR_007189680.1	12209	12029.9	0	0
XR_007189681.1	20966	20786.9	0.000272954	5.63785e-06
XR_007189682.1	19051	18871.9	1.12939	0.0256947
XR_007189683.1	20812	20632.9	4.47225	0.0930634
XR_007189684.1	33619	33439.9	6.39511	0.0821101
XR_007189685.1	35704	35524.9	0	0
XR_007189686.1	10062	9882.9	45.2624	1.96638
XR_007189687.1	7148	6968.9	1.91051	0.117706
XR_007189688.1	1190	1010.9	19.6602	8.35009
XR_007189689.1	282	115.361	0	0
XR_007189690.1	105	21.2604	0	0
XR_007189691.1	228	75.9499	2	11.3062
XR_007189692.1	3886	3706.9	2.29013	0.265254
XR_007189693.1	697	517.98	10.7099	8.87737
XR_007189694.1	4965	4785.9	1	0.0897118
XR_007189695.1	2356	2176.9	0	0
XR_007189696.1	789	609.98	2	1.40776
XR_007189697.1	381	203.84	0	0
XR_007189698.1	5229	5049.9	2.46515	0.209592
XR_007189699.1	153	37.0815	1.61429	18.6912
XR_007189700.1	1870	1690.9	3.59147	0.911942
XR_007189701.1	4654	4474.9	74.6431	7.16175
XR_007189702.1	2634	2454.9	0	0
XR_007189703.1	11428	11248.9	1.3342e-06	5.09242e-08
XR_007189704.1	2930	2750.9	8	1.24861
XR_007189705.1	3841	3661.9	1	0.117248
XR_007189706.1	3368	3188.9	0	0
XR_007189707.1	6467	6287.9	0	0
XR_007189708.1	932	752.98	0	0
XR_007189709.1	1127	947.905	0	0
XR_007189710.1	5850	5670.9	1	0.0757114
XR_007189711.1	2809	2629.9	0	0
XR_007189712.1	371	194.279	0	0
XR_007189713.1	1648	1468.9	0	0
XR_007189714.1	5042	4862.9	0	0
XR_007189715.1	647	467.98	0	0
XR_007189716.1	3199	3019.9	14.1378	2.01003
XR_007189717.1	4230	4050.9	0	0
XR_007189718.1	8555	8375.9	0	0
XR_007189719.1	5127	4947.9	3.66938	0.318408
XR_007189720.1	1403	1223.9	6	2.10483
XR_007189721.1	2979	2799.9	2.78895	0.427672
XR_007189722.1	2081	1901.9	0	0
XR_007189723.1	2016	1836.9	0	0
XR_007189724.1	1092	912.905	0	0
XR_007189725.1	871	691.98	1	0.620468
XR_007189726.1	3328	3148.9	0	0
XR_007189727.1	10486	10306.9	0	0
XR_007189728.1	10464	10284.9	0	0
XR_007189729.1	10397	10217.9	0	0
XR_007189730.1	10451	10271.9	0	0
XR_007189731.1	10402	10222.9	0	0
XR_007189732.1	10329	10149.9	0	0
XR_007189733.1	10226	10046.9	0	0
XR_007189734.1	10375	10195.9	0	0
XR_007189735.1	10362	10182.9	0	0
XR_007189736.1	10429	10249.9	0	0
XR_007189737.1	10240	10060.9	0	0
XR_007189738.1	10340	10160.9	0	0
XR_007189739.1	10294	10114.9	0	0
XR_007189740.1	3137	2957.9	0	0
XR_007189741.1	10162	9982.9	0	0
XR_007189742.1	3145	2965.9	0	0
XR_007189743.1	10333	10153.9	0	0
XR_007189744.1	10232	10052.9	0	0
XR_007189745.1	3132	2952.9	0	0
XR_007189746.1	10265	10085.9	0	0
XR_007189747.1	11529	11349.9	0	0
XR_007189748.1	10276	10096.9	0	0
XR_007189749.1	10230	10050.9	0	0
XR_007189750.1	10275	10095.9	0	0
XR_007189751.1	2919	2739.9	5.0277	0.787856
XR_007189752.1	10311	10131.9	0	0
XR_007189753.1	10141	9961.9	0	0
XR_007189754.1	18146	17966.9	0	0
XR_007189755.1	3135	2955.9	0	0
XR_007189756.1	10298	10118.9	0	0
XR_007189757.1	18111	17931.9	0	0
XR_007189758.1	13705	13525.9	3.45203	0.109578
XR_007189759.1	17797	17617.9	1.47696	0.0359938
XR_007189760.1	2463	2283.9	0	0
XR_007189761.1	1476	1296.9	0	0
XR_007189762.1	1475	1295.9	0	0
XR_007189763.1	486	307.217	0	0
XR_007189764.1	643	463.98	0	0
XR_007189765.1	2423	2243.9	0	0
XR_007189766.1	28632	28452.9	4.06238	0.061301
XR_007189767.1	7620	7440.9	4.93762	0.284909
XR_007189768.1	4276	4096.9	3	0.314397
XR_007189769.1	1931	1751.9	0	0
XR_007189770.1	5105	4925.9	0	0
XR_007189771.1	5059	4879.9	0	0
XR_007189772.1	4044	3864.9	3.85865	0.428657
XR_007189773.1	4114	3934.9	0	0
XR_007189774.1	9872	9692.9	0	0
XR_007189775.1	5093	4913.9	0	0
XR_007189776.1	4468	4288.9	0	0
XR_007189777.1	4376	4196.9	0	0
XR_007189778.1	4328	4148.9	0	0
XR_007189779.1	4232	4052.9	0	0
XR_007189780.1	5436	5256.9	0	0
XR_007189781.1	4889	4709.9	0	0
XR_007189782.1	5388	5208.9	0	0
XR_007189783.1	4258	4078.9	0	0
XR_007189784.1	5384	5204.9	0	0
XR_007189785.1	1328	1148.9	0	0
XR_007189786.1	4563	4383.9	2.23617	0.219006
XR_007189787.1	2235	2055.9	3.6723	0.766918
XR_007189788.1	2472	2292.9	1	0.187252
XR_007189789.1	754	574.98	0	0
XR_007189790.1	726	546.98	0	0
XR_007189791.1	3983	3803.9	0	0
XR_007189792.1	4078	3898.9	0	0
XR_007189793.1	4037	3857.9	0	0
XR_007189794.1	4025	3845.9	0	0
XR_007189795.1	3978	3798.9	0	0
XR_007189796.1	3928	3748.9	0	0
XR_007189797.1	7860	7680.9	6	0.335392
XR_007189798.1	13813	13633.9	0	0
XR_007189799.1	308	136.863	0	0
XR_007189800.1	153	37.0815	1.61429	18.6912
XR_007189801.1	4653	4473.9	3.45089	0.331175
XR_007189802.1	153	37.0815	1.61429	18.6912
XR_007189803.1	1869	1689.9	8.47756e-07	2.15388e-07
XR_007189804.1	4653	4473.9	61.1269	5.86623
XR_007189805.1	153	37.0815	1.61429	18.6912
XR_007189806.1	4669	4489.9	94.7564	9.06119
XR_007189807.1	153	37.0815	1.61429	18.6912
XR_007189808.1	1869	1689.9	13.0384	3.31265
XR_007189809.1	511	332.091	0	0
XR_007189810.1	9717	9537.9	0	0
XR_007189811.1	8205	8025.9	22.7118	1.21499
XR_007189812.1	527	348.091	0	0
XR_007189813.1	740	560.98	0	0
XR_007189814.1	7592	7412.9	6.40563	0.371011
XR_007189815.1	15605	15425.9	12.9955	0.361707
XR_007189816.1	673	493.98	0	0
XR_007189817.1	1845	1665.9	0	0
XR_007189818.1	4450	4270.9	0	0
XR_007189819.1	3318	3138.9	2	0.273568
XR_007189820.1	710	530.98	0	0
XR_007189821.1	684	504.98	0	0
XR_007189822.1	875	695.98	0	0
XR_007189823.1	680	500.98	0	0
XR_007189824.1	3373	3193.9	2	0.268857
XR_007189825.1	6039	5859.9	0	0
XR_007189826.1	2517	2337.9	0	0
XR_007189827.1	3690	3510.9	2	0.244582
XR_007189828.1	162	40.4033	0	0
XR_007189829.1	2411	2231.9	1.32542	0.254971
XR_007189830.1	2492	2312.9	0	0
XR_007189831.1	2134	1954.9	1.54554	0.339444
XR_007189832.1	1831	1651.9	0	0
XR_007189833.1	1914	1734.9	0	0
XR_007189834.1	11662	11482.9	54	2.01909
XR_007189835.1	12725	12545.9	0	0
XR_007189836.1	12504	12324.9	0	0
XR_007189837.1	1907	1727.9	0	0
XR_007189838.1	30086	29906.9	0	0
XR_007189839.1	30031	29851.9	0	0
XR_007189840.1	33190	33010.9	0	0
XR_007189841.1	18246	18066.9	2.58151e-08	6.13485e-10
XR_007189842.1	32849	32669.9	0	0
XR_007189843.1	30118	29938.9	0	0
XR_007189844.1	18087	17907.9	0	0
XR_007189845.1	9622	9442.9	0	0
XR_007189846.1	18391	18211.9	0	0
XR_007189847.1	18301	18121.9	0	0
XR_007189848.1	18032	17852.9	0.146243	0.00351707
XR_007189849.1	17895	17715.9	0	0
XR_007189850.1	30463	30283.9	0	0
XR_007189851.1	4467	4287.9	0	0
XR_007189852.1	17995	17815.9	2.19224	0.0528316
XR_007189853.1	30297	30117.9	0	0
XR_007189854.1	30071	29891.9	0	0
XR_007189855.1	28649	28469.9	2.67124	0.0402848
XR_007189856.1	33227	33047.9	0	0
XR_007189857.1	28618	28438.9	0	0
XR_007189858.1	30458	30278.9	0	0
XR_007189859.1	19263	19083.9	0	0
XR_007189860.1	28812	28632.9	0.00155276	2.32837e-05
XR_007189861.1	30446	30266.9	0	0
XR_007189862.1	18472	18292.9	0	0
XR_007189863.1	32918	32738.9	0	0
XR_007189864.1	29051	28871.9	3.02007e-08	4.49113e-10
XR_007189865.1	30353	30173.9	0	0
XR_007189866.1	23867	23687.9	0	0
XR_007189867.1	19180	19000.9	0	0
XR_007189868.1	23959	23779.9	0	0
XR_007189869.1	31618	31438.9	0	0
XR_007189870.1	26102	25922.9	0	0
XR_007189871.1	30139	29959.9	0	0
XR_007189872.1	30112	29932.9	0	0
XR_007189873.1	22559	22379.9	0	0
XR_007189874.1	10870	10690.9	0	0
XR_007189875.1	10940	10760.9	0	0
XR_007189876.1	382	204.819	0	0
XR_007189877.1	1636	1456.9	3	0.884104
XR_007189878.1	2986	2806.9	0	0
XR_007189879.1	5184	5004.9	0	0
XR_007189880.1	10619	10439.9	0	0
XR_007189881.1	1198	1018.9	0	0
XR_007189882.1	3036	2856.9	18	2.70514
XR_007189883.1	1916	1736.9	0	0
XR_007189884.1	153	37.0815	0	0
XR_007189885.1	1864	1684.9	0.00460241	0.0011728
XR_007189886.1	4653	4473.9	3.45089	0.331175
XR_007189887.1	360	183.852	0	0
XR_007189888.1	2394	2214.9	1	0.193847
XR_007189889.1	18355	18175.9	0	0
XR_007189890.1	5110	4930.9	0	0
XR_007189891.1	5457	5277.9	0	0
XR_007189892.1	6874	6694.9	3	0.192393
XR_007189893.1	3321	3141.9	0	0
XR_007189894.1	3662	3482.9	0	0
XR_007189895.1	3564	3384.9	0	0
XR_007189896.1	1552	1372.9	0	0
XR_007189897.1	2847	2667.9	2.42371	0.390053
XR_007189898.1	8519	8339.9	10.9448	0.563454
XR_007189899.1	13446	13266.9	25	0.809066
XR_007189900.1	503	324.091	1	1.32479
XR_007189901.1	2338	2158.9	20.1911	4.01551
XR_007189902.1	3090	2910.9	0	0
XR_007189903.1	7983	7803.9	1373	75.539
XR_007189904.1	9983	9803.9	122	5.34286
XR_007189905.1	9186	9006.9	11	0.524361
XR_007189906.1	970	790.905	0	0
XR_007189907.1	599	419.98	1	1.02231
XR_007189908.1	24531	24351.9	0	0
XR_007189909.1	24761	24581.9	0	0
XR_007189910.1	23689	23509.9	0.0339948	0.000620833
XR_007189911.1	23635	23455.9	0.683423	0.0125098
XR_007189912.1	23602	23422.9	4.29156	0.0786661
XR_007189913.1	639	459.98	0	0
XR_007189914.1	295	126.038	0	0
XR_007189915.1	3076	2896.9	0	0
XR_007189916.1	1106	926.905	0.348168	0.161275
XR_007189917.1	22960	22780.9	0	0
XR_007189918.1	1915	1735.9	32.543	8.04907
XR_007189919.1	4244	4064.9	0	0
XR_007189920.1	3567	3387.9	6.71462	0.850949
XR_007189921.1	3090	2910.9	160.808	23.7188
XR_007189922.1	3994	3814.9	10.6998	1.20422
XR_007189923.1	2543	2363.9	6	1.08977
XR_007189924.1	7250	7070.9	2.0648	0.125377
XR_007189925.1	1499	1319.9	0	0
XR_007189926.1	538	359.056	0	0
XR_007189927.1	6926	6746.9	7	0.445458
XR_007189928.1	8496	8316.9	180.919	9.33979
XR_007189929.1	336	161.895	0	0
XR_007189930.1	2167	1987.9	0	0
XR_007189931.1	539	360.056	0	0
XR_007189932.1	520	341.091	0	0
XR_007189933.1	3908	3728.9	0	0
XR_007189934.1	828	648.98	0	0
XR_007189935.1	807	627.98	0	0
XR_007189936.1	1128	948.905	0	0
XR_007189937.1	392	214.567	0	0
XR_007189938.1	4644	4464.9	4.99335e-05	4.80168e-06
XR_007189939.1	2750	2570.9	9	1.50304
XR_007189940.1	4356	4176.9	2	0.205584
XR_007189941.1	3514	3334.9	0	0
XR_007189942.1	4367	4187.9	0	0
XR_007189943.1	4036	3856.9	0	0
XR_007189944.1	3921	3741.9	0	0
XR_007189945.1	17282	17102.9	16.5241	0.414822
XR_007189946.1	16247	16067.9	4.63705	0.123907
XR_007189947.1	26373	26193.9	1.00001	0.0163915
XR_007189948.1	6769	6589.9	0	0
XR_007189949.1	5698	5518.9	4	0.311186
XR_007189950.1	9102	8922.9	0	0
XR_007189951.1	9099	8919.9	0	0
XR_007189952.1	5472	5292.9	0	0
XR_007189953.1	6540	6360.9	0	0
XR_007189954.1	8269	8089.9	0	0
XR_007189955.1	3144	2964.9	1.11166	0.160982
XR_007189956.1	2541	2361.9	0	0
XR_007189957.1	5795	5615.9	0	0
XR_007189958.1	7977	7797.9	0	0
XR_007189959.1	2567	2387.9	0	0
XR_007189960.1	5547	5367.9	16.1666	1.29308
XR_007189961.1	6600	6420.9	0	0
XR_007189962.1	6155	5975.9	2.17683	0.156399
XR_007189963.1	4127	3947.9	0	0
XR_007189964.1	3781	3601.9	0	0
XR_007189965.1	5539	5359.9	0	0
XR_007189966.1	1223	1043.9	9.91327e-07	4.07727e-07
XR_007189967.1	1338	1158.9	0	0
XR_007189968.1	1996	1816.9	0	0
XR_007189969.1	1212	1032.9	0.999999	0.415674
XR_007189970.1	1292	1112.9	0	0
XR_007189971.1	656	476.98	1	0.900146
XR_007189972.1	5990	5810.9	3	0.221662
XR_007189973.1	4831	4651.9	11.1205	1.02638
XR_007189974.1	8006	7826.9	0	0
XR_007189975.1	8022	7842.9	20.8179	1.13965
XR_007189976.1	2150	1970.9	4	0.87138
XR_007189977.1	4621	4441.9	0	0
XR_007189978.1	4361	4181.9	0	0
XR_007189979.1	5765	5585.9	0	0
XR_007189980.1	376	198.962	0	0
XR_007189981.1	7336	7156.9	3.84911	0.230913
XR_007189982.1	5065	4885.9	0	0
XR_007189983.1	8625	8445.9	0	0
XR_007189984.1	2360	2180.9	0	0
XR_007189985.1	3739	3559.9	0	0
XR_007189986.1	17950	17770.9	2	0.0483208
XR_007189987.1	1064	884.905	14.5325	7.05109
XR_007189988.1	4530	4350.9	131.895	13.0155
XR_007189989.1	2608	2428.9	0	0
XR_007189990.1	4031	3851.9	0	0
XR_007189991.1	1579	1399.9	0	0
XR_007189992.1	485	306.217	0	0
XR_007189993.1	2677	2497.9	2.53547	0.435809
XR_007189994.1	4798	4618.9	75.984	7.06312
XR_007189995.1	6113	5933.9	14	1.01298
XR_007189996.1	4510	4330.9	2.4622	0.244095
XR_007189997.1	5283	5103.9	2.97737	0.250463
XR_007189998.1	2484	2304.9	0	0
XR_007189999.1	5955	5775.9	0	0
XR_007190000.1	1477	1297.9	1	0.330804
XR_007190001.1	1132	952.905	0.717992	0.323507
XR_007190002.1	5179	4999.9	2	0.171744
XR_007190003.1	12162	11982.9	6	0.214982
XR_007190004.1	4501	4321.9	0	0
XR_007190005.1	1664	1484.9	0	0
XR_007190006.1	1771	1591.9	0	0
XR_007190007.1	1306	1126.9	0	0
XR_007190008.1	1335	1155.9	6.32198	2.34825
XR_007190009.1	1697	1517.9	2.36214	0.66815
XR_007190010.1	1408	1228.9	0	0
XR_007190011.1	3070	2890.9	0	0
XR_007190012.1	837	657.98	0	0
XR_007190013.1	6047	5867.9	37.073	2.71262
XR_007190014.1	4496	4316.9	0	0
XR_007190015.1	8902	8722.9	0	0
XR_007190016.1	4020	3840.9	0	0
XR_007190017.1	4704	4524.9	0	0
XR_007190018.1	1416	1236.9	16.0493	5.571
XR_007190019.1	1748	1568.9	2.42837	0.664555
XR_007190020.1	1905	1725.9	1.7885	0.444924
XR_007190021.1	940	760.905	0.783132	0.441894
XR_007190022.1	975	795.905	0	0
XR_007190023.1	6103	5923.9	0	0
XR_007190024.1	5770	5590.9	3.014	0.23146
XR_007190025.1	434	255.706	1	1.67908
XR_007190026.1	5348	5168.9	0	0
XR_007190027.1	381	203.84	0	0
XR_007190028.1	513	334.091	0	0
XR_007190029.1	5533	5353.9	1	0.0801942
XR_007190030.1	721	541.98	6.77737	5.36897
XR_007190031.1	1310	1130.9	0	0
XR_007190032.1	7219	7039.9	725.073	44.221
XR_007190033.1	1703	1523.9	29.66	8.35654
XR_007190034.1	1801	1621.9	0	0
XR_007190035.1	3141	2961.9	0	0
XR_007190036.1	3219	3039.9	0	0
XR_007190037.1	1865	1685.9	6.30732	1.60629
XR_007190038.1	3831	3651.9	23.3836	2.7492
XR_007190039.1	1920	1740.9	0	0
XR_007190040.1	7003	6823.9	0	0
XR_007190041.1	2711	2531.9	0	0
XR_007190042.1	196	56.7597	0	0
XR_007190043.1	3329	3149.9	0	0
XR_007190044.1	3203	3023.9	2.23151	0.316843
XR_007190045.1	2701	2521.9	0	0
XR_007190046.1	1639	1459.9	0	0
XR_007190047.1	3481	3301.9	0.277866	0.0361314
XR_007190048.1	3038	2858.9	0	0
XR_007190049.1	751	571.98	1.94041	1.45655
XR_007190050.1	520	341.091	0	0
XR_007190051.1	4905	4725.9	12.2252	1.11067
XR_007190052.1	4234	4054.9	1	0.105885
XR_007190053.1	400	222.371	0	0
XR_007190054.1	316	143.872	1	2.98426
XR_007190055.1	204	61.3817	0	0
XR_007190056.1	681	501.98	0	0
XR_007190057.1	753	573.98	0	0
XR_007190058.1	3729	3549.9	15.5357	1.879
XR_007190059.1	1927	1747.9	1.36097e-07	3.34306e-08
XR_007190060.1	9141	8961.9	0	0
XR_007190061.1	5951	5771.9	2	0.148773
XR_007190062.1	9200	9020.9	0	0
XR_007190063.1	9687	9507.9	0	0
XR_007190064.1	5662	5482.9	0	0
XR_007190065.1	4873	4693.9	0	0
XR_007190066.1	4639	4459.9	0	0
XR_007190067.1	5465	5285.9	8.47796	0.688629
XR_007190068.1	3377	3197.9	0	0
XR_007190069.1	3583	3403.9	2.50132	0.315504
XR_007190070.1	5559	5379.9	0	0
XR_007190071.1	7562	7382.9	3	0.174465
XR_007190072.1	9146	8966.9	0	0
XR_007190073.1	1454	1274.9	0	0
XR_007190074.1	313	141.3	0	0
XR_007190075.1	4179	3999.9	0	0
XR_007190076.1	3316	3136.9	2.73726	0.374653
XR_007190077.1	2170	1990.9	15.1244	3.26168
XR_007190078.1	2200	2020.9	5.04929e-08	1.07275e-08
XR_007190079.1	2777	2597.9	7	1.15688
XR_007190080.1	281	114.597	0	0
XR_007190081.1	921	741.98	0	0
XR_007190082.1	5577	5397.9	2.00946	0.159833
XR_007190083.1	5767	5587.9	0	0
XR_007190084.1	1702	1522.9	0	0
XR_007190085.1	992	812.905	0	0
XR_007190086.1	3579	3399.9	0	0
XR_007190087.1	2257	2077.9	1	0.206627
XR_007190088.1	2100	1920.9	0	0
XR_007190089.1	2240	2060.9	0	0
XR_007190090.1	9432	9252.9	459.36	21.3151
XR_007190091.1	684	504.98	0	0
XR_007190092.1	1630	1450.9	0	0
XR_007190093.1	1434	1254.9	0	0
XR_007190094.1	11949	11769.9	0.000361311	1.31802e-05
XR_007190095.1	11938	11758.9	0.00122408	4.46948e-05
XR_007190096.1	288	120.308	0	0
XR_007190097.1	783	603.98	0	0
XR_007190098.1	5097	4917.9	101.202	8.83535
XR_007190099.1	478	299.277	0	0
XR_007190100.1	11265	11085.9	0	0
XR_007190101.1	14649	14469.9	0.0038215	0.000113392
XR_007190102.1	1821	1641.9	0.912321	0.238568
XR_007190103.1	468	289.277	8	11.8738
XR_007190104.1	6694	6514.9	1	0.065903
XR_007190105.1	5911	5731.9	5	0.374528
XR_007190106.1	37147	36967.9	6.5025	0.0755212
XR_007190107.1	5806	5626.9	0	0
XR_007190108.1	7675	7495.9	0	0
XR_007190109.1	5042	4862.9	0	0
XR_007190110.1	1336	1156.9	0	0
XR_007190111.1	3643	3463.9	3.33679	0.413596
XR_007190112.1	4260	4080.9	0	0
XR_007190113.1	6147	5967.9	59.1872	4.25813
XR_007190114.1	4567	4387.9	0	0
XR_007190115.1	4154	3974.9	2.36793	0.255774
XR_007190116.1	5916	5736.9	0	0
XR_007190117.1	5535	5355.9	22.1538	1.77594
XR_007190118.1	954	774.905	0	0
XR_007190119.1	1954	1774.9	0	0
XR_007190120.1	153	37.0815	1.61429	18.6912
XR_007190121.1	1869	1689.9	13.0384	3.31265
XR_007190122.1	4654	4474.9	2.46483	0.236492
XR_007190123.1	1149	969.905	1.86597	0.826018
XR_007190124.1	1243	1063.9	17.6122	7.10763
XR_007190125.1	1341	1161.9	0	0
XR_007190126.1	133	29.6338	0	0
XR_007190127.1	485	306.217	0	0
XR_007190128.1	782	602.98	2	1.4241
XR_007190129.1	3653	3473.9	0	0
XR_007190130.1	4568	4388.9	0	0
XR_007190131.1	1681	1501.9	11.0487	3.15851
XR_007190132.1	19547	19367.9	0	0
XR_007190133.1	4537	4357.9	2	0.197045
XR_007190134.1	991	811.905	1	0.528821
XR_007190135.1	496	317.123	0	0
XR_007190136.1	2473	2293.9	0	0
XR_007190137.1	421	242.881	0	0
XR_007190138.1	10357	10177.9	0	0
XR_007190139.1	10205	10025.9	0	0
XR_007190140.1	29647	29467.9	11.9983	0.174817
XR_007190141.1	10104	9924.9	0	0
XR_007190142.1	10012	9832.9	0.0017346	7.57408e-05
XR_007190143.1	226	74.7351	0	0
XR_007190144.1	4571	4391.9	0	0
XR_007190145.1	4667	4487.9	0	0
XR_007190146.1	4652	4472.9	0	0
XR_007190147.1	1966	1786.9	0	0
XR_007190148.1	4573	4393.9	0	0
XR_007190149.1	4526	4346.9	0	0
XR_007190150.1	5869	5689.9	0	0
XR_007190151.1	4883	4703.9	0	0
XR_007190152.1	5844	5664.9	1	0.0757916
XR_007190153.1	521	342.091	0	0
XR_007190154.1	330	156.434	0	0
XR_007190155.1	9658	9478.9	4.00186	0.181266
XR_007190156.1	6924	6744.9	1.00046	0.0636853
XR_007190157.1	2474	2294.9	0	0
XR_007190158.1	2530	2350.9	11.9416	2.18092
XR_007190159.1	1379	1199.9	1	0.357822
XR_007190160.1	1518	1338.9	0	0
XR_007190161.1	2102	1922.9	1	0.223283
XR_007190162.1	2764	2584.9	0	0
XR_007190163.1	1826	1646.9	0	0
XR_007190164.1	1729	1549.9	1	0.277018
XR_007190165.1	9082	8902.9	0	0
XR_007190166.1	5444	5264.9	0	0
XR_007190167.1	5209	5029.9	0	0
XR_007190168.1	5352	5172.9	0	0
XR_007190169.1	4961	4781.9	0	0
XR_007190170.1	5120	4940.9	0	0
XR_007190171.1	3808	3628.9	0	0
XR_007190172.1	3488	3308.9	4.84122	0.62818
XR_007190173.1	3091	2911.9	34.5734	5.09775
XR_007190174.1	7027	6847.9	32.2938	2.02477
XR_007190175.1	4227	4047.9	14.5507	1.54336
XR_007190176.1	745	565.98	0	0
XR_007190177.1	452	273.446	0	0
XR_007190178.1	1463	1283.9	0	0
XR_007190179.1	999	819.905	0	0
XR_007190180.1	999	819.905	0	0
XR_007190181.1	437	258.603	0	0
XR_007190182.1	1519	1339.9	0	0
XR_007190183.1	3165	2985.9	0	0
XR_007190184.1	9063	8883.9	0	0
XR_007190185.1	7177	6997.9	0	0
XR_007190186.1	7581	7401.9	0	0
XR_007190187.1	7092	6912.9	0	0
XR_007190188.1	3067	2887.9	0	0
XR_007190189.1	4532	4352.9	0	0
XR_007190190.1	4541	4361.9	0	0
XR_007190191.1	4512	4332.9	0	0
XR_007190192.1	4339	4159.9	0	0
XR_007190193.1	5386	5206.9	14.5037	1.19595
XR_007190194.1	5222	5042.9	0.00524138	0.00044625
XR_007190195.1	540	361.056	0	0
XR_007190196.1	11341	11161.9	4.96515	0.190989
XR_007190197.1	3380	3200.9	0	0
XR_007190198.1	1928	1748.9	0	0
XR_007190199.1	1214	1034.9	0	0
XR_007190200.1	572	392.98	0	0
XR_007190201.1	579	399.98	0	0
XR_007190202.1	1216	1036.9	42.4294	17.5688
XR_007190203.1	2156	1976.9	0	0
XR_007190204.1	1952	1772.9	0	0
XR_007190205.1	1498	1318.9	0	0
XR_007190206.1	1410	1230.9	0	0
XR_007190207.1	3624	3444.9	0	0
XR_007190208.1	2871	2691.9	0	0
XR_007190209.1	3003	2823.9	13.7861	2.09606
XR_007190210.1	4315	4135.9	6.30473	0.6545
XR_007190211.1	6428	6248.9	0	0
XR_007190212.1	7729	7549.9	8.81647	0.50138
XR_007190213.1	7383	7203.9	0	0
XR_007190214.1	7211	7031.9	0	0
XR_007190215.1	8451	8271.9	3.34759	0.173756
XR_007190216.1	5868	5688.9	0	0
XR_007190217.1	5980	5800.9	7.65241	0.56639
XR_007190218.1	5894	5714.9	0	0
XR_007190219.1	5737	5557.9	0	0
XR_007190220.1	5667	5487.9	0	0
XR_007190221.1	5650	5470.9	0	0
XR_007190222.1	5795	5615.9	0	0
XR_007190223.1	5778	5598.9	0	0
XR_007190224.1	19782	19602.9	0	0
XR_007190225.1	1014	834.905	0	0
XR_007190226.1	1047	867.905	0	0
XR_007190227.1	3363	3183.9	0	0
XR_007190228.1	5060	4880.9	0	0
XR_007190229.1	3950	3770.9	27.3894	3.11854
XR_007190230.1	157	38.6882	0	0
XR_007190231.1	343	168.255	0	0
XR_007190232.1	2473	2293.9	0	0
XR_007190233.1	6235	6055.9	3.01124	0.213491
XR_007190234.1	714	534.98	0	0
XR_007190235.1	2405	2225.9	0	0
XR_007190236.1	2396	2216.9	0	0
XR_007190237.1	2627	2447.9	0	0
XR_007190238.1	10896	10716.9	5.31287	0.21285
XR_007190239.1	4837	4657.9	0	0
XR_007190240.1	4166	3986.9	0	0
XR_007190241.1	3204	3024.9	0	0
XR_007190242.1	3463	3283.9	0	0
XR_007190243.1	3431	3251.9	0	0
XR_007190244.1	3250	3070.9	0	0
XR_007190245.1	4776	4596.9	0	0
XR_007190246.1	3346	3166.9	0	0
XR_007190247.1	1345	1165.9	0	0
XR_007190248.1	9361	9181.9	0	0
XR_007190249.1	15306	15126.9	1.06305	0.030173
XR_007190250.1	696	516.98	2	1.661
XR_007190251.1	5111	4931.9	6	0.522336
XR_007190252.1	124	26.7761	0	0
XR_007190253.1	4260	4080.9	0	0
XR_007190254.1	4954	4774.9	0	0
XR_007190255.1	4941	4761.9	50.3384	4.53871
XR_007190256.1	1596	1416.9	0	0
XR_007190257.1	5003	4823.9	2.3463e-06	2.08833e-07
XR_007190258.1	4228	4048.9	26.6681	2.82793
XR_007190259.1	1193	1013.9	0	0
XR_007190260.1	3662	3482.9	2	0.246548
XR_007190261.1	6727	6547.9	0	0
XR_007190262.1	5857	5677.9	93.5112	7.07113
XR_007190263.1	10597	10417.9	0	0
XR_007190264.1	5436	5256.9	0	0
XR_007190265.1	5127	4947.9	0	0
XR_007190266.1	8971	8791.9	0	0
XR_007190267.1	6933	6753.9	0	0
XR_007190268.1	5655	5475.9	0	0
XR_007190269.1	8809	8629.9	0	0
XR_007190270.1	6868	6688.9	0	0
XR_007190271.1	5502	5322.9	0	0
XR_007190272.1	8463	8283.9	0	0
XR_007190273.1	9727	9547.9	103.666	4.66167
XR_007190274.1	937	757.905	0	0
XR_007190275.1	2595	2415.9	0	0
XR_007190276.1	1070	890.905	0	0
XR_007190277.1	13096	12916.9	7.21598e-08	2.39856e-09
XR_007190278.1	13085	12905.9	0	0
XR_007190279.1	1967	1787.9	15.2147	3.6537
XR_007190280.1	12979	12799.9	86.3278	2.89573
XR_007190281.1	17196	17016.9	7.42637	0.187374
XR_007190282.1	12959	12779.9	0	0
XR_007190283.1	13224	13044.9	0	0
XR_007190284.1	12860	12680.9	0.296885	0.010052
XR_007190285.1	5188	5008.9	0	0
XR_007190286.1	2713	2533.9	0	0
XR_007190287.1	416	238.049	0	0
XR_007190288.1	6472	6292.9	0	0
XR_007190289.1	2099	1919.9	0	0
XR_007190290.1	6260	6080.9	0	0
XR_007190291.1	2018	1838.9	0	0
XR_007190292.1	3354	3174.9	8.00942	1.08314
XR_007190293.1	1103	923.905	0	0
XR_007190294.1	47811	47631.9	0	0
XR_007190295.1	24670	24490.9	0	0
XR_007190296.1	2424	2244.9	36.9859	7.07379
XR_007190297.1	988	808.905	0	0
XR_007190298.1	2731	2551.9	0	0
XR_007190299.1	22772	22592.9	6.96254e-08	1.32315e-09
XR_007190300.1	26403	26223.9	1.14944	0.0188192
XR_007190301.1	26400	26220.9	0	0
XR_007190302.1	26241	26061.9	13.0045	0.21424
XR_007190303.1	10064	9884.9	0	0
XR_007190304.1	10177	9997.9	6.16901	0.264923
XR_007190305.1	3206	3026.9	0	0
XR_007190306.1	2460	2280.9	0	0
XR_007190307.1	4249	4069.9	0	0
XR_007190308.1	11235	11055.9	2	0.0776693
XR_007190309.1	9909	9729.9	0	0
XR_007190310.1	4908	4728.9	0	0
XR_007190311.1	6612	6432.9	0	0
XR_007190312.1	4786	4606.9	2.69987	0.251622
XR_007190313.1	1003	823.905	0	0
XR_007190314.1	2028	1848.9	3	0.696659
XR_007190315.1	11336	11156.9	0	0
XR_007190316.1	7676	7496.9	10.836	0.620583
XR_007190317.1	4547	4367.9	0	0
XR_007190318.1	10561	10381.9	7.19716	0.297644
XR_007190319.1	1602	1422.9	0	0
XR_007190320.1	1996	1816.9	0	0
XR_007190321.1	20868	20688.9	5.71232	0.118546
XR_007190322.1	4788	4608.9	1	0.093157
XR_007190323.1	6048	5868.9	7.13597	0.522047
XR_007190324.1	26485	26305.9	7.31884	0.119454
XR_007190325.1	20769	20589.9	13.9825	0.291571
XR_007190326.1	20185	20005.9	0	0
XR_007190327.1	576	396.98	0	0
XR_007190328.1	3067	2887.9	0	0
XR_007190329.1	3009	2829.9	12	1.82063
XR_007190330.1	395	217.459	0	0
XR_007190331.1	6969	6789.9	6.46809	0.409002
XR_007190332.1	5450	5270.9	0	0
XR_007190333.1	4173	3993.9	30.5933	3.28884
XR_007190334.1	8463	8283.9	0	0
XR_007190335.1	1113	933.905	0	0
XR_007190336.1	4140	3960.9	0	0
XR_007190337.1	3202	3022.9	1.33509	0.189627
XR_007190338.1	2010	1830.9	6.83052	1.60178
XR_007190339.1	2008	1828.9	0	0
XR_007190340.1	2076	1896.9	0	0
XR_007190341.1	998	818.905	0	0
XR_007190342.1	3006	2826.9	0	0
XR_007190343.1	2151	1971.9	0	0
XR_007190344.1	3744	3564.9	1.76694	0.212808
XR_007190345.1	5268	5088.9	0	0
XR_007190346.1	514	335.091	0	0
XR_007190347.1	4605	4425.9	106.736	10.3544
XR_007190348.1	8660	8480.9	0	0
XR_007190349.1	27415	27235.9	8.72479	0.137539
XR_007190350.1	8617	8437.9	0	0
XR_007190351.1	6698	6518.9	0	0
XR_007190352.1	6267	6087.9	4.54038	0.320212
XR_007190353.1	5936	5756.9	0	0
XR_007190354.1	25247	25067.9	0	0
XR_007190355.1	13783	13603.9	0	0
XR_007190356.1	5546	5366.9	13.1614	1.05291
XR_007190357.1	9020	8840.9	0	0
XR_007190358.1	8911	8731.9	0	0
XR_007190359.1	5647	5467.9	7.5855	0.59563
XR_007190360.1	739	559.98	0	0
XR_007190361.1	5026	4846.9	17	1.50591
XR_007190362.1	958	778.905	0	0
XR_007190363.1	7632	7452.9	56.4669	3.25299
XR_007190364.1	1754	1574.9	7	1.90835
XR_007190365.1	6905	6725.9	0	0
XR_007190366.1	10294	10114.9	8	0.33958
XR_007190367.1	5698	5518.9	0	0
XR_007190368.1	3449	3269.9	2	0.262608
XR_007190369.1	1049	869.905	0	0
XR_007190370.1	1429	1249.9	0	0
XR_007190371.1	1057	877.905	0	0
XR_007190372.1	1503	1323.9	8	2.59446
XR_007190373.1	1887	1707.9	0	0
XR_007190374.1	2002	1822.9	1	0.235532
XR_007190375.1	2189	2009.9	3.86349	0.825312
XR_007190376.1	2186	2006.9	27.1365	5.80551
XR_007190377.1	1252	1072.9	12.6467	5.06092
XR_007190378.1	2735	2555.9	0	0
XR_007190379.1	545	366.056	0	0
XR_007190380.1	2496	2316.9	1.0053	0.186294
XR_007190381.1	2900	2720.9	6	0.946785
XR_007190382.1	3103	2923.9	0	0
XR_007190383.1	9397	9217.9	4	0.186312
XR_007190384.1	1581	1401.9	0	0
XR_007190385.1	5811	5631.9	2	0.152471
XR_007190386.1	9068	8888.9	37.8403	1.82776
XR_007190387.1	8739	8559.9	243.16	12.1965
XR_007190388.1	7692	7512.9	31	1.77161
XR_007190389.1	3268	3088.9	0	0
XR_007190390.1	164	41.3129	0	0
XR_007190391.1	166	42.0382	0	0
XR_007190392.1	1158	978.905	0	0
XR_007190393.1	2094	1914.9	0	0
XR_007190394.1	2903	2723.9	0	0
XR_007190395.1	10624	10444.9	5.21411e-08	2.14333e-09
XR_007190396.1	5162	4982.9	0	0
XR_007190397.1	1367	1187.9	0	0
XR_007190398.1	10476	10296.9	6.38696	0.266318
XR_007190399.1	9549	9369.9	0	0
XR_007190400.1	11828	11648.9	7.28211	0.268402
XR_007190401.1	2021	1841.9	0	0
XR_007190402.1	582	402.98	71	75.6463
XR_007190403.1	3122	2942.9	0	0
XR_007190404.1	858	678.98	0	0
XR_007190405.1	5248	5068.9	0	0
XR_007190406.1	2098	1918.9	1	0.223748
XR_007190407.1	5057	4877.9	0	0
XR_007190408.1	3539	3359.9	0	0
XR_007190409.1	911	731.98	0	0
XR_007190410.1	9943	9763.9	0	0
XR_007190411.1	391	213.567	0	0
XR_007190412.1	2060	1880.9	0	0
XR_007190413.1	1313	1133.9	0	0
XR_007190414.1	3466	3286.9	21	2.74313
XR_007190415.1	1907	1727.9	34.271	8.51571
XR_007190416.1	46567	46387.9	66.0137	0.611002
XR_007190417.1	6234	6054.9	0	0
XR_007190418.1	6086	5906.9	4.62561	0.336219
XR_007190419.1	3126	2946.9	32.2631	4.70059
XR_007190420.1	4598	4418.9	0	0
XR_007190421.1	5893	5713.9	0	0
XR_007190422.1	10400	10220.9	0	0
XR_007190423.1	1530	1350.9	0	0
XR_007190424.1	13420	13240.9	0	0
XR_007190425.1	989	809.905	0	0
XR_007190426.1	7034	6854.9	6.67667	0.418189
XR_007190427.1	5543	5363.9	0	0
XR_007190428.1	955	775.905	0	0
XR_007190429.1	505	326.091	1.00191	1.31918
XR_007190430.1	15895	15715.9	0	0
XR_007190431.1	17396	17216.9	0	0
XR_007190432.1	16440	16260.9	0	0
XR_007190433.1	15277	15097.9	5.59906	0.159225
XR_007190434.1	5192	5012.9	0	0
XR_007190435.1	8772	8592.9	0	0
XR_007190436.1	3856	3676.9	30.2074	3.52732
XR_007190437.1	4266	4086.9	0	0
XR_007190438.1	5795	5615.9	2.8212	0.215689
XR_007190439.1	5387	5207.9	0	0
XR_007190440.1	8253	8073.9	68	3.61609
XR_007190441.1	910	730.98	0	0
XR_007190442.1	5173	4993.9	0	0
XR_007190443.1	6141	5961.9	0	0
XR_007190444.1	2242	2062.9	0	0
XR_007190445.1	3696	3516.9	0	0
XR_007190446.1	1895	1715.9	0	0
XR_007190447.1	11338	11158.9	0	0
XR_007190448.1	2457	2277.9	0	0
XR_007190449.1	7688	7508.9	0	0
XR_007190450.1	1616	1436.9	1	0.298803
XR_007190451.1	5561	5381.9	0	0
XR_007190452.1	10917	10737.9	0	0
XR_007190453.1	5781	5601.9	0	0
XR_007190454.1	6459	6279.9	1.31501	0.0899062
XR_007190455.1	5651	5471.9	0	0
XR_007190456.1	10918	10738.9	0	0
XR_007190457.1	1580	1400.9	0	0
XR_007190458.1	5658	5478.9	0	0
XR_007190459.1	5044	4864.9	0	0
XR_007190460.1	10836	10656.9	0	0
XR_007190461.1	4754	4574.9	0	0
XR_007190462.1	4200	4020.9	0	0
XR_007190463.1	1673	1493.9	0	0
XR_007190464.1	1886	1706.9	0	0
XR_007190465.1	1430	1250.9	0	0
XR_007190466.1	2438	2258.9	1	0.190071
XR_007190467.1	3315	3135.9	1.00742	0.13793
XR_007190468.1	822	642.98	5	3.33876
XR_007190469.1	4109	3929.9	3	0.327758
XR_007190470.1	6437	6257.9	2	0.137219
XR_007190471.1	1621	1441.9	3.48739	1.03843
XR_007190472.1	2615	2435.9	0	0
XR_007190473.1	1829	1649.9	0	0
XR_007190474.1	1472	1292.9	0	0
XR_007190475.1	815	635.98	0	0
XR_007190476.1	1920	1740.9	0	0
XR_007190477.1	452	273.446	0	0
XR_007190478.1	1766	1586.9	0	0
XR_007190479.1	609	429.98	0	0
XR_007190480.1	4319	4139.9	0	0
XR_007190481.1	5052	4872.9	28.9379	2.54972
XR_007190482.1	4328	4148.9	0	0
XR_007190483.1	3845	3665.9	0	0
XR_007190484.1	300	130.105	0	0
XR_007190485.1	7485	7305.9	51.7306	3.04009
XR_007190486.1	20338	20158.9	0	0
XR_007190487.1	20489	20309.9	0	0
XR_007190488.1	20385	20205.9	0	0
XR_007190489.1	20456	20276.9	0	0
XR_007190490.1	20522	20342.9	0	0
XR_007190491.1	21833	21653.9	0	0
XR_007190492.1	20587	20407.9	0	0
XR_007190493.1	15784	15604.9	0	0
XR_007190494.1	44120	43940.9	0	0
XR_007190495.1	43985	43805.9	0	0
XR_007190496.1	41138	40958.9	7.35431	0.0770916
XR_007190497.1	1519	1339.9	0	0
XR_007190498.1	658	478.98	0	0
XR_007190499.1	346	170.979	0	0
XR_007190500.1	732	552.98	0	0
XR_007190501.1	5132	4952.9	0	0
XR_007190502.1	3967	3787.9	2.01634	0.228549
XR_007190503.1	1969	1789.9	0	0
XR_007190504.1	7358	7178.9	3	0.179422
XR_007190505.1	2261	2081.9	8	1.64984
XR_007190506.1	4366	4186.9	7.92948	0.813139
XR_007190507.1	4112	3932.9	2.6724e-05	2.91744e-06
XR_007190508.1	8256	8076.9	11.0934	0.589701
XR_007190509.1	4075	3895.9	6.08211	0.670285
XR_007190510.1	3415	3235.9	17.4365	2.31354
XR_007190511.1	2961	2781.9	0	0
XR_007190512.1	2682	2502.9	13.3473	2.28961
XR_007190513.1	3599	3419.9	0	0
XR_007190514.1	8396	8216.9	0	0
XR_007190515.1	180	48.1848	0	0
XR_007190516.1	7234	7054.9	6.0693	0.369369
XR_007190517.1	5955	5775.9	0	0
XR_007190518.1	2908	2728.9	0	0
XR_007190519.1	6555	6375.9	22.9899	1.54814
XR_007190520.1	696	516.98	0	0
XR_007190521.1	25387	25207.9	0	0
XR_007190522.1	24765	24585.9	0	0
XR_007190523.1	24307	24127.9	0	0
XR_007190524.1	8202	8022.9	0	0
XR_007190525.1	27123	26943.9	0	0
XR_007190526.1	24409	24229.9	8.91283	0.157935
XR_007190527.1	6669	6489.9	60.4694	4.00047
XR_007190528.1	7224	7044.9	0	0
XR_007190529.1	12098	11918.9	8.78166	0.31634
XR_007190530.1	2755	2575.9	0.491087	0.0818543
XR_007190531.1	1493	1313.9	0	0
XR_007190532.1	1612	1432.9	0	0
XR_007190533.1	250	91.0612	0	0
XR_007190534.1	405	227.259	0	0
XR_007190535.1	122	26.325	0	0
XR_007190536.1	1745	1565.9	0	0
XR_007190537.1	2018	1838.9	13.0433	3.04538
XR_007190538.1	1818	1638.9	2.45659	0.643564
XR_007190539.1	2018	1838.9	0	0
XR_007190540.1	1818	1638.9	2.45659	0.643564
XR_007190541.1	1551	1371.9	17.1582	5.36982
XR_007190542.1	1880	1700.9	0	0
XR_007190543.1	1413	1233.9	0	0
XR_007190544.1	1449	1269.9	0	0
XR_007190545.1	1168	988.905	0	0
XR_007190546.1	1865	1685.9	12.6563	3.2232
XR_007190547.1	535	356.056	0	0
XR_007190548.1	518	339.091	0	0
XR_007190549.1	941	761.905	0	0
XR_007190550.1	6326	6146.9	10.7434	0.750407
XR_007190551.1	26856	26676.9	8.28093	0.133278
XR_007190552.1	26835	26655.9	23.1421	0.372754
XR_007190553.1	4046	3866.9	12	1.33239
XR_007190554.1	8480	8300.9	0	0
XR_007190555.1	1666	1486.9	0	0
XR_007190556.1	929	749.98	0	0
XR_007190557.1	1568	1388.9	0	0
XR_007190558.1	1557	1377.9	0	0
XR_007190559.1	3074	2894.9	0	0
XR_007190560.1	4435	4255.9	0	0
XR_007190561.1	3061	2881.9	101.224	15.0805
XR_007190562.1	2335	2155.9	1	0.199152
XR_007190563.1	219	70.0428	0	0
XR_007190564.1	4131	3951.9	0	0
XR_007190565.1	483	304.217	0	0
XR_007190566.1	3292	3112.9	7.08765	0.977575
XR_007190567.1	6359	6179.9	0	0
XR_007190568.1	5378	5198.9	0	0
XR_007190569.1	5360	5180.9	0	0
XR_007190570.1	2960	2780.9	9	1.38954
XR_007190571.1	478	299.277	2	2.86926
XR_007190572.1	1226	1046.9	1	0.410116
XR_007190573.1	3324	3144.9	0	0
XR_007190574.1	730	550.98	0	0
XR_007190575.1	745	565.98	0	0
XR_007190576.1	1150	970.905	0	0
XR_007190577.1	3279	3099.9	0	0
XR_007190578.1	3676	3496.9	0	0
XR_007190579.1	6900	6720.9	0	0
XR_007190580.1	4919	4739.9	21	1.90223
XR_007190581.1	352	176.397	0	0
XR_007190582.1	6097	5917.9	0	0
XR_007190583.1	6229	6049.9	0	0
XR_007190584.1	518	339.091	0	0
XR_007190585.1	278	112.434	0	0
XR_007190586.1	5437	5257.9	10.2894	0.840219
XR_007190587.1	2884	2704.9	1	0.158731
XR_007190588.1	107	21.8211	0.415584	8.17702
XR_007190589.1	6377	6197.9	38	2.6324
XR_007190590.1	6805	6625.9	0	0
XR_007190591.1	3490	3310.9	33	4.27938
XR_007190592.1	419	240.905	2	3.56449
XR_007190593.1	1416	1236.9	0	0
XR_007190594.1	1283	1103.9	0	0
XR_007190595.1	1260	1080.9	0.00785869	0.00312159
XR_007190596.1	3459	3279.9	20.4533	2.67742
XR_007190597.1	2718	2538.9	0	0
XR_007190598.1	2340	2160.9	7.12761	1.41619
XR_007190599.1	2725	2545.9	0	0
XR_007190600.1	2484	2304.9	0.0301434	0.00561504
XR_007190601.1	4709	4529.9	9.43154	0.893937
XR_007190602.1	4470	4290.9	10.2905	1.02967
XR_007190603.1	5441	5261.9	5.41906	0.442175
XR_007190604.1	4470	4290.9	10.2905	1.02967
XR_007190605.1	760	580.98	0	0
XR_007190606.1	838	658.98	3.12318	2.03488
XR_007190607.1	2846	2666.9	0	0
XR_007190608.1	2202	2022.9	8.77178	1.86177
XR_007190609.1	1739	1559.9	2	0.550485
XR_007190610.1	890	710.98	0	0
XR_007190611.1	10249	10069.9	0	0
XR_007190612.1	2525	2345.9	0	0
XR_007190613.1	6497	6317.9	79.4165	5.39698
XR_007190614.1	2686	2506.9	0	0
XR_007190615.1	3149	2969.9	73.4509	10.6186
XR_007190616.1	3612	3432.9	1.66424	0.208146
XR_007190617.1	6182	6002.9	2.33576	0.167063
XR_007190618.1	3678	3498.9	0	0
XR_007190619.1	7026	6846.9	0	0
XR_007190620.1	2241	2061.9	9.93731	2.06925
XR_007190621.1	4908	4728.9	1.57564	0.143057
XR_007190622.1	280	113.82	2	7.5444
XR_007190623.1	954	774.905	2	1.10814
XR_007190624.1	301	130.954	0	0
XR_007190625.1	5858	5678.9	0	0
XR_007190626.1	214	67.1245	1	6.39636
XR_007190627.1	1596	1416.9	0	0
XR_007190628.1	143	33.3003	0	0
XR_007190629.1	449	270.446	0	0
XR_007190630.1	30735	30555.9	0	0
XR_007190631.1	30651	30471.9	31.6242	0.445587
XR_007190632.1	30648	30468.9	15.8352	0.223141
XR_007190633.1	122	26.325	0	0
XR_007190634.1	2008	1828.9	0	0
XR_007190635.1	3336	3156.9	1	0.136004
XR_007190636.1	2008	1828.9	0	0
XR_007190637.1	3336	3156.9	1	0.136004
XR_007190638.1	3493	3313.9	0	0
XR_007190639.1	8836	8656.9	1	0.0495965
XR_007190640.1	3977	3797.9	1	0.11305
XR_007190641.1	10669	10489.9	10.0268	0.410395
XR_007190642.1	16720	16540.9	0	0
XR_007190643.1	16397	16217.9	15.7774	0.41769
XR_007190644.1	1336	1156.9	3.45435	1.28198
XR_007190645.1	2914	2734.9	0	0
XR_007190646.1	6563	6383.9	0	0
XR_007190647.1	962	782.905	0	0
XR_007190648.1	6773	6593.9	0	0
XR_007190649.1	6920	6740.9	0	0
XR_007190650.1	7189	7009.9	0	0
XR_007190651.1	6611	6431.9	0	0
XR_007190652.1	6788	6608.9	0	0
XR_007190653.1	6645	6465.9	0	0
XR_007190654.1	1617	1437.9	0	0
XR_007190655.1	6482	6302.9	5.68812	0.387473
XR_007190656.1	2275	2095.9	0	0
XR_007190657.1	2163	1983.9	2.66517	0.576789
XR_007190658.1	3727	3547.9	0	0
XR_007190659.1	3073	2893.9	0	0
XR_007190660.1	5630	5450.9	0	0
XR_007190661.1	2623	2443.9	9.67587	1.69988
XR_007190662.1	4440	4260.9	7.58306	0.76411
XR_007190663.1	486	307.217	0	0
XR_007190664.1	3637	3457.9	2	0.248331
XR_007190665.1	1942	1762.9	0	0
XR_007190666.1	1858	1678.9	0	0
XR_007190667.1	1963	1783.9	0	0
XR_007190668.1	3606	3426.9	0	0
XR_007190669.1	4850	4670.9	7.02402	0.645652
XR_007190670.1	2635	2455.9	0	0
XR_007190671.1	1834	1654.9	1	0.259442
XR_007190672.1	547	368.056	0	0
XR_007190673.1	650	470.98	0	0
XR_007190674.1	6484	6304.9	0	0
XR_007190675.1	4986	4806.9	10.3511	0.924556
XR_007190676.1	3127	2947.9	2.44865	0.356637
XR_007190677.1	2978	2798.9	3	0.4602
XR_007190678.1	9644	9464.9	0	0
XR_007190679.1	4614	4434.9	0	0
XR_007190680.1	3801	3621.9	0	0
XR_007190681.1	4761	4581.9	5.31998	0.498514
XR_007190682.1	1749	1569.9	0	0
XR_007190683.1	1745	1565.9	2.41118	0.661115
XR_007190684.1	3825	3645.9	26.7605	3.15139
XR_007190685.1	1440	1260.9	0	0
XR_007190686.1	7006	6826.9	33.4695	2.10493
XR_007190687.1	5064	4884.9	33.4133	2.93681
XR_007190688.1	8340	8160.9	0	0
XR_007190689.1	8377	8197.9	31.8944	1.67042
XR_007190690.1	3959	3779.9	60.6868	6.89329
XR_007190691.1	3450	3270.9	0	0
XR_007190692.1	4476	4296.9	318.656	31.8405
XR_007190693.1	10325	10145.9	130.593	5.52641
XR_007190694.1	8250	8070.9	32.8792	1.74909
XR_007190695.1	8247	8067.9	0	0
XR_007190696.1	8116	7936.9	298.071	16.1243
XR_007190697.1	4591	4411.9	69.7956	6.79228
XR_007190698.1	3189	3009.9	49.9833	7.12993
XR_007190699.1	2939	2759.9	0	0
XR_007190700.1	2029	1849.9	2	0.464188
XR_007190701.1	8039	7859.9	0	0
XR_007190702.1	18611	18431.9	4.02291	0.0937094
XR_007190703.1	8025	7845.9	0	0
XR_007190704.1	11023	10843.9	0	0
XR_007190705.1	11722	11542.9	0	0
XR_007190706.1	11656	11476.9	0	0
XR_007190707.1	9034	8854.9	0	0
XR_007190708.1	7273	7093.9	0	0
XR_007190709.1	10517	10337.9	0	0
XR_007190710.1	11577	11397.9	0	0
XR_007190711.1	1012	832.905	0	0
XR_007190712.1	5871	5691.9	0	0
XR_007190713.1	707	527.98	5.67016	4.61095
XR_007190714.1	11105	10925.9	2.32584e-07	9.1398e-09
XR_007190715.1	12143	11963.9	10.2431	0.367596
XR_007190716.1	5734	5554.9	7.45721	0.576385
XR_007190717.1	995	815.905	7.6765	4.03959
XR_007190718.1	1161	981.905	4.62385	2.02184
XR_007190719.1	1689	1509.9	5	1.42178
XR_007190720.1	476	297.277	0	0
XR_007190721.1	4948	4768.9	0	0
XR_007190722.1	2073	1893.9	0	0
XR_007190723.1	247	88.7547	0	0
XR_007190724.1	1568	1388.9	8.00359	2.47415
XR_007190725.1	346	170.979	0	0
XR_007190726.1	434	255.706	0	0
XR_007190727.1	4608	4428.9	4	0.387773
XR_007190728.1	3961	3781.9	0	0
XR_007190729.1	2099	1919.9	23.8141	5.3256
XR_007190730.1	3501	3321.9	0	0
XR_007190731.1	108	22.2964	0	0
XR_007190732.1	95	19.1614	0	0
XR_007190733.1	161	40.1107	2	21.4083
XR_007190734.1	153	37.0815	0	0
XR_007190735.1	511	332.091	0	0
XR_007190736.1	153	37.0815	1.61429	18.6912
XR_007190737.1	1869	1689.9	13.0384	3.31265
XR_007190738.1	1869	1689.9	13.0384	3.31265
XR_007190739.1	1869	1689.9	13.0384	3.31265
XR_007190740.1	1870	1690.9	0	0
XR_007190741.1	1871	1691.9	2.16406e-05	5.49171e-06
XR_007190742.1	4645	4465.9	11575.3	1112.85
XR_007190743.1	4652	4472.9	202.399	19.4282
XR_007190744.1	4652	4472.9	7114.51	682.918
XR_007190745.1	4652	4472.9	7114.51	682.918
XR_007190746.1	4653	4473.9	5314.36	510.008
XR_007190747.1	153	37.0815	1.61429	18.6912
XR_007190748.1	153	37.0815	1.61429	18.6912
XR_007190749.1	153	37.0815	1.61429	18.6912
XR_007190750.1	153	37.0815	1.61429	18.6912
XR_007190751.1	103	20.9391	0	0
XR_007190752.1	620	440.98	0	0
XR_007190753.1	527	348.091	2.19935	2.71278
XR_007190754.1	12165	11985.9	0	0
XR_007190755.1	1950	1770.9	0	0
XR_007190756.1	1737	1557.9	0	0
XR_007190757.1	1102	922.905	0	0
XR_007190758.1	1060	880.905	2	0.974798
XR_007190759.1	6190	6010.9	8.84031	0.631453
XR_007190760.1	1405	1225.9	0	0
XR_007190761.1	1353	1173.9	0	0
XR_007190762.1	1170	990.905	0	0
XR_007190763.1	1323	1143.9	0	0
XR_007190764.1	2390	2210.9	0	0
XR_007190765.1	5080	4900.9	3.51158e-05	3.07638e-06
XR_007190766.1	9551	9371.9	0	0
XR_007190767.1	15522	15342.9	4.27057	0.119506
XR_007190768.1	21830	21650.9	10.2921	0.204099
XR_007190769.1	17791	17611.9	1.4312e-06	3.48906e-08
XR_007190770.1	9465	9285.9	0.00762909	0.000352746
XR_007190771.1	8251	8071.9	1.70067	0.09046
XR_007190772.1	232	78.5265	0	0
XR_007190773.1	8947	8767.9	0	0
XR_007190774.1	4765	4585.9	0	0
XR_007190775.1	2039	1859.9	39	9.003
XR_007190776.1	2290	2110.9	0	0
XR_007190777.1	22295	22115.9	10.6067	0.205916
XR_007190778.1	408	230.236	0	0
XR_007190779.1	3847	3667.9	0	0
XR_007190780.1	354	178.271	0	0
XR_007190781.1	1355	1175.9	0	0
XR_007190782.1	1618	1438.9	0	0
XR_007190783.1	4887	4707.9	14.0494	1.28128
XR_007190784.1	1914	1734.9	2.71516	0.671943
XR_007190785.1	1917	1737.9	0.284845	0.0703714
XR_007190786.1	1022	842.905	1.34063	0.682882
XR_007190787.1	13255	13075.9	3.77916	0.12409
XR_007190788.1	18092	17912.9	0	0
XR_007190789.1	21487	21307.9	0	0
XR_007190790.1	18926	18746.9	3.30575	0.0757101
XR_007190791.1	17857	17677.9	0	0
XR_007190792.1	1325	1145.9	4.90969e-07	1.83958e-07
XR_007190793.1	8017	7837.9	2.7098	0.14844
XR_007190794.1	10755	10575.9	1.61193	0.0654399
XR_007190795.1	8447	8267.9	0	0
XR_007190796.1	4546	4366.9	0	0
XR_007190797.1	1531	1351.9	0	0
XR_007190798.1	22293	22113.9	2.09559	0.0406869
XR_007190799.1	5408	5228.9	0	0
XR_007190800.1	2768	2588.9	0	0
XR_007190801.1	378	200.901	0	0
XR_007190802.1	7687	7507.9	1	0.0571867
XR_007190803.1	339	164.594	0	0
XR_007190804.1	6943	6763.9	3.00381	0.190673
XR_007190805.1	2974	2794.9	0	0
XR_007190806.1	7789	7609.9	0	0
XR_007190807.1	12213	12033.9	0	0
XR_007190808.1	7945	7765.9	0	0
XR_007190809.1	13141	12961.9	0	0
XR_007190810.1	7769	7589.9	0	0
XR_007190811.1	9639	9459.9	0	0
XR_007190812.1	6616	6436.9	0	0
XR_007190813.1	10078	9898.9	0	0
XR_007190814.1	11557	11377.9	0	0
XR_007190815.1	13025	12845.9	0	0
XR_007190816.1	4131	3951.9	0	0
XR_007190817.1	3060	2880.9	2.93073	0.436777
XR_007190818.1	4774	4594.9	0	0
XR_007190819.1	11957	11777.9	3.19965	0.11664
XR_007190820.1	4770	4590.9	0	0
XR_007190821.1	4420	4240.9	0	0
XR_007190822.1	697	517.98	0	0
XR_007190823.1	1651	1471.9	0	0
XR_007190824.1	7576	7396.9	0	0
XR_007190825.1	4665	4485.9	2	0.191423
XR_007190826.1	12113	11933.9	0	0
XR_007190827.1	11993	11813.9	0	0
XR_007190828.1	11975	11795.9	0	0
XR_007190829.1	11724	11544.9	0	0
XR_007190830.1	12178	11998.9	0	0
XR_007190831.1	1253	1073.9	0	0
XR_007190832.1	6743	6563.9	0	0
XR_007190833.1	5792	5612.9	0	0
XR_007190834.1	950	770.905	3	1.67084
XR_007190835.1	6197	6017.9	0	0
XR_007190836.1	5275	5095.9	0	0
XR_007190837.1	3184	3004.9	0	0
XR_007190838.1	2352	2172.9	10	1.97594
XR_007190839.1	5460	5280.9	0	0
XR_007190840.1	3469	3289.9	0	0
XR_007190841.1	492	313.186	0	0
XR_007190842.1	592	412.98	0	0
XR_007190843.1	546	367.056	1	1.16972
XR_007190844.1	8987	8807.9	0	0
XR_007190845.1	8900	8720.9	0	0
XR_007190846.1	76	13.6147	0	0
XR_007190847.1	5099	4919.9	5.86006	0.511398
XR_007190848.1	62	10.1579	0	0
XR_007190849.1	7593	7413.9	1	0.0579117
XR_007190850.1	331	157.402	1	2.72774
XR_007190851.1	4027	3847.9	0	0
XR_007190852.1	2849	2669.9	0	0
XR_007190853.1	3984	3804.9	0	0
XR_007190854.1	4163	3983.9	10.1908	1.09828
XR_007190855.1	2710	2530.9	29.0532	4.92868
XR_007190856.1	4439	4259.9	10.526	1.0609
XR_007190857.1	3924	3744.9	4.20325	0.481902
XR_007190858.1	4047	3867.9	0	0
XR_007190859.1	2156	1976.9	1	0.217184
XR_007190860.1	418	239.953	0	0
XR_007190861.1	2655	2475.9	5.2567	0.911575
XR_007190862.1	3462	3282.9	0	0
XR_007190863.1	3177	2997.9	0	0
XR_007190864.1	3268	3088.9	30	4.16994
XR_007190865.1	5391	5211.9	0	0
XR_007190866.1	2621	2441.9	1	0.175827
XR_007190867.1	992	812.905	0	0
XR_007190868.1	5526	5346.9	0	0
XR_007190869.1	2857	2677.9	3	0.480994
XR_007190870.1	153	37.0815	1.61429	18.6912
XR_007190871.1	3671	3491.9	2.01331	0.24755
XR_007190872.1	4654	4474.9	1.62345	0.155764
XR_007190873.1	153	37.0815	1.61429	18.6912
XR_007190874.1	1871	1691.9	0.000226438	5.74629e-05
XR_007190875.1	1868	1688.9	0	0
XR_007190876.1	4655	4475.9	0.80864	0.077569
XR_007190877.1	153	37.0815	1.61429	18.6912
XR_007190878.1	1995	1815.9	0	0
XR_007190879.1	1271	1091.9	0	0
XR_007190880.1	153	37.0815	1.61429	18.6912
XR_007190881.1	562	382.98	0	0
XR_007190882.1	1869	1689.9	0	0
XR_007190883.1	5947	5767.9	0	0
XR_007190884.1	3427	3247.9	0	0
XR_007190885.1	4039	3859.9	0	0
XR_007190886.1	4153	3973.9	0	0
XR_007190887.1	4217	4037.9	0	0
XR_007190888.1	4629	4449.9	0	0
XR_007190889.1	4246	4066.9	6	0.633433
XR_007190890.1	4588	4408.9	0	0
XR_007190891.1	4473	4293.9	0	0
XR_007190892.1	4653	4473.9	3.45089	0.331175
XR_007190893.1	4655	4475.9	0.756101	0.0725291
XR_007190894.1	153	37.0815	1.61429	18.6912
XR_007190895.1	4652	4472.9	2154.95	206.852
XR_007190896.1	153	37.0815	1.61429	18.6912
XR_007190897.1	1869	1689.9	13.0384	3.31265
XR_007190898.1	1869	1689.9	0	0
XR_007190899.1	4653	4473.9	35.7983	3.43549
XR_007190900.1	2298	2118.9	0	0
XR_007190901.1	1704	1524.9	0.384629	0.108296
XR_007190902.1	2472	2292.9	0	0
XR_007190903.1	2272	2092.9	0	0
XR_007190904.1	2644	2464.9	0	0
XR_007190905.1	153	37.0815	1.61429	18.6912
XR_007190906.1	4653	4473.9	5082.58	487.765
XR_007190907.1	153	37.0815	1.61429	18.6912
XR_007190908.1	1869	1689.9	0	0
XR_007190909.1	1869	1689.9	13.0384	3.31265
XR_007190910.1	4652	4472.9	7114.51	682.918
XR_007190911.1	295	126.038	0	0
XR_007190912.1	649	469.98	0	0
XR_007190913.1	10716	10536.9	4.13072	0.168316
XR_007190914.1	255	94.4568	0	0
XR_007190915.1	9301	9121.9	94	4.42441
XR_007190916.1	7686	7506.9	0	0
XR_007190917.1	2576	2396.9	0	0
XR_007190918.1	278	112.434	0	0
XR_007190919.1	1038	858.905	22.1424	11.0686
XR_007190920.1	2277	2097.9	1.01307	0.207332
XR_007190921.1	959	779.905	0	0
XR_007190922.1	1591	1411.9	0	0
XR_007190923.1	2462	2282.9	0	0
XR_007190924.1	772	592.98	1	0.724058
XR_007190925.1	2785	2605.9	0	0
XR_007190926.1	2858	2678.9	0	0
XR_007190927.1	2941	2761.9	0	0
XR_007190928.1	3262	3082.9	0	0
XR_007190929.1	2783	2603.9	0	0
XR_007190930.1	2892	2712.9	0	0
XR_007190931.1	3107	2927.9	0	0
XR_007190932.1	2722	2542.9	0	0
XR_007190933.1	2816	2636.9	0	0
XR_007190934.1	2817	2637.9	0	0
XR_007190935.1	2848	2668.9	0	0
XR_007190936.1	2510	2330.9	0	0
XR_007190937.1	3556	3376.9	0	0
XR_007190938.1	3107	2927.9	1.39348	0.204342
XR_007190939.1	3257	3077.9	0	0
XR_007190940.1	1303	1123.9	0	0
XR_007190941.1	486	307.217	0	0
XR_007190942.1	553	374.018	2	2.29589
XR_007190943.1	534	355.091	0	0
XR_007190944.1	5784	5604.9	6.65255	0.509604
XR_007190945.1	5921	5741.9	0	0
XR_007190946.1	1622	1442.9	1.73398	0.515964
XR_007190947.1	1707	1527.9	0	0
XR_007190948.1	1787	1607.9	0	0
XR_007190949.1	528	349.091	0	0
XR_007190950.1	312	140.373	2	6.11729
XR_007190951.1	1808	1628.9	12	3.163
XR_007190952.1	2149	1969.9	0	0
XR_007190953.1	2815	2635.9	0	0
XR_007190954.1	420	241.905	0	0
XR_007190955.1	540	361.056	0	0
XR_007190956.1	1267	1087.9	0	0
XR_007190957.1	1210	1030.9	0	0
XR_007190958.1	6119	5939.9	0	0
XR_007190959.1	6110	5930.9	0	0
XR_007190960.1	6869	6689.9	0	0
XR_007190961.1	6312	6132.9	0	0
XR_007190962.1	6364	6184.9	0	0
XR_007190963.1	6378	6198.9	0	0
XR_007190964.1	5935	5755.9	4.17265	0.311251
XR_007190965.1	5932	5752.9	8.23916	0.614907
XR_007190966.1	5930	5750.9	13.4237	1.00219
XR_007190967.1	12739	12559.9	0	0
XR_007190968.1	5294	5114.9	0	0
XR_007190969.1	5260	5080.9	0	0
XR_007190970.1	5148	4968.9	1	0.0864078
XR_007190971.1	5322	5142.9	0.0430491	0.00359393
XR_007190972.1	3787	3607.9	0	0
XR_007190973.1	3163	2983.9	0	0
XR_007190974.1	2924	2744.9	1.3078	0.204563
XR_007190975.1	1824	1644.9	153.235	39.9974
XR_007190976.1	482	303.217	2	2.83198
XR_007190977.1	9696	9516.9	4.00138	0.180521
XR_007190978.1	614	434.98	0	0
XR_007190979.1	5325	5145.9	0.000487896	4.07079e-05
XR_007190980.1	1740	1560.9	12	3.30079
XR_007190981.1	210	64.8213	0	0
XR_007190982.1	1349	1169.9	4	1.46799
XR_007190983.1	1837	1657.9	0	0
XR_007190984.1	2148	1968.9	0	0
XR_007190985.1	431	252.732	1	1.69884
XR_007190986.1	475	296.277	0	0
XR_007190987.1	2994	2814.9	45.7607	6.97979
XR_007190988.1	5877	5697.9	5.87778e-06	4.42906e-07
XR_007190989.1	5873	5693.9	7.77728	0.58645
XR_007190990.1	1891	1711.9	0	0
XR_007190991.1	3384	3204.9	4.02435	0.53913
XR_007190992.1	3098	2918.9	3	0.441281
XR_007190993.1	4805	4625.9	34.5879	3.21027
XR_007190994.1	483	304.217	11.7363	16.5639
XR_007190995.1	1600	1420.9	0	0
XR_007190996.1	245	87.335	0	0
XR_007190997.1	1387	1207.9	0	0
XR_007190998.1	3328	3148.9	0	0
XR_007190999.1	2262	2082.9	1	0.206131
XR_007191000.1	1402	1222.9	2	0.702184
XR_007191001.1	2544	2364.9	1	0.181551
XR_007191002.1	12533	12353.9	9	0.312789
XR_007191003.1	5105	4925.9	0	0
XR_007191004.1	1592	1412.9	3.63685	1.10516
XR_007191005.1	5694	5514.9	9.34579	0.727598
XR_007191006.1	1300	1120.9	3.88904	1.48966
XR_007191007.1	5831	5651.9	12.4112	0.942828
XR_007191008.1	2370	2190.9	18.5888	3.64285
XR_007191009.1	599	419.98	1	1.02231
XR_007191010.1	2638	2458.9	0	0
XR_007191011.1	2572	2392.9	311.37	55.8681
XR_007191012.1	2576	2396.9	1.5913	0.285047
XR_007191013.1	1806	1626.9	0	0
XR_007191014.1	977	797.905	0	0
XR_007191015.1	980	800.905	0	0
XR_007191016.1	876	696.98	0	0
XR_007191017.1	1630	1450.9	2	0.59184
XR_007191018.1	4007	3827.9	6.00376	0.673404
XR_007191019.1	1116	936.905	0	0
XR_007191020.1	1101	921.905	0	0
XR_007191021.1	1128	948.905	0	0
XR_007191022.1	3040	2860.9	0	0
XR_007191023.1	2578	2398.9	0	0
XR_007191024.1	4244	4064.9	4	0.422496
XR_007191025.1	7792	7612.9	1.01137	0.0570392
XR_007191026.1	7837	7657.9	0.000462039	2.59049e-05
XR_007191027.1	4502	4322.9	0	0
XR_007191028.1	4288	4108.9	0	0
XR_007191029.1	4497	4317.9	0	0
XR_007191030.1	4604	4424.9	0	0
XR_007191031.1	1740	1560.9	29.4703	8.10629
XR_007191032.1	2802	2622.9	0	0
XR_007191033.1	3792	3612.9	0	0
XR_007191034.1	1757	1577.9	2.99821	0.81582
XR_007191035.1	804	624.98	0	0
XR_007191036.1	910	730.98	0	0
XR_007191037.1	1004	824.905	0	0
XR_007191038.1	828	648.98	0	0
XR_007191039.1	1205	1025.9	0	0
XR_007191040.1	5760	5580.9	4	0.307729
XR_007191041.1	22591	22411.9	7.01522	0.134393
XR_007191042.1	21568	21388.9	0	0
XR_007191043.1	19677	19497.9	0	0
XR_007191044.1	2128	1948.9	1.32443	0.291778
XR_007191045.1	2656	2476.9	1.57822	0.273572
XR_007191046.1	1164	984.905	0	0
XR_007191047.1	561	381.98	0	0
XR_007191048.1	695	515.98	0	0
XR_007191049.1	11666	11486.9	0	0
XR_007191050.1	2882	2702.9	2	0.317697
XR_007191051.1	1019	839.905	0	0
XR_007191052.1	11419	11239.9	2.22875	0.0851356
XR_007191053.1	1187	1007.9	2	0.851969
XR_007191054.1	1091	911.905	0	0
XR_007191055.1	2049	1869.9	3.52584	0.809575
XR_007191056.1	5438	5258.9	1.57527	0.12861
XR_007191057.1	343	168.255	0	0
XR_007191058.1	1843	1663.9	0	0
XR_007191059.1	1457	1277.9	3.27301	1.09967
XR_007191060.1	1392	1212.9	3.72699	1.31931
XR_007191061.1	3068	2888.9	0	0
XR_007191062.1	1523	1343.9	0	0
XR_007191063.1	2778	2598.9	0	0
XR_007191064.1	685	505.98	0	0
XR_007191065.1	2800	2620.9	1	0.163818
XR_007191066.1	786	606.98	0	0
XR_007191067.1	6649	6469.9	13.9782	0.927612
XR_007191068.1	1047	867.905	0	0
XR_007191069.1	4497	4317.9	135	13.4238
XR_007191070.1	1741	1561.9	0	0
XR_007191071.1	6120	5940.9	0	0
XR_007191072.1	3726	3546.9	0	0
XR_007191073.1	3173	2993.9	18	2.58136
XR_007191074.1	4829	4649.9	4.47474	0.413178
XR_007191075.1	335	161.043	0	0
XR_007191076.1	2011	1831.9	0	0
XR_007191077.1	2008	1828.9	0	0
XR_007191078.1	2666	2486.9	5.23568	0.903914
XR_007191079.1	3399	3219.9	0	0
XR_007191080.1	3562	3382.9	0	0
XR_007191081.1	3764	3584.9	0	0
XR_007191082.1	3028	2848.9	30.7504	4.63432
XR_007191083.1	2867	2687.9	2.07544	0.33152
XR_007191084.1	11390	11210.9	18.6137	0.712863
XR_007191085.1	4644	4464.9	0	0
XR_007191086.1	3166	2986.9	0	0
XR_007191087.1	2247	2067.9	0	0
XR_007191088.1	2219	2039.9	0	0
XR_007191089.1	1169	989.905	0	0
XR_007191090.1	503	324.091	1	1.32479
XR_007191091.1	749	569.98	0	0
XR_007191092.1	3543	3363.9	2.78916	0.355994
XR_007191093.1	6051	5871.9	0	0
XR_007191094.1	4099	3919.9	0	0
XR_007191095.1	3719	3539.9	13.3938	1.62452
XR_007191096.1	3769	3589.9	0	0
XR_007191097.1	5289	5109.9	5	0.420117
XR_007191098.1	4218	4038.9	0	0
XR_007191099.1	4497	4317.9	0	0
XR_007191100.1	250	91.0612	0	0
XR_007191101.1	1142	962.905	0	0
XR_007191102.1	133	29.6338	0	0
XR_007191103.1	3550	3370.9	29.6127	3.77176
XR_007191104.1	3546	3366.9	0	0
XR_007191105.1	934	754.98	0	0
XR_007191106.1	628	448.98	0	0
XR_007191107.1	614	434.98	0	0
XR_007191108.1	3086	2906.9	4.17325	0.616392
XR_007191109.1	2106	1926.9	0	0
XR_007191110.1	16951	16771.9	54.1556	1.38636
XR_007191111.1	16696	16516.9	0.109436	0.00284476
XR_007191112.1	18561	18381.9	5.8247	0.136049
XR_007191113.1	5344	5164.9	16.9691	1.41062
XR_007191114.1	792	612.98	2	1.40087
XR_007191115.1	1845	1665.9	1	0.257729
XR_007191116.1	369	192.396	0	0
XR_007191117.1	734	554.98	0.666667	0.515756
XR_007191118.1	103	20.9391	0	0
XR_007191119.1	153	37.0815	1.61429	18.6912
XR_007191120.1	1870	1690.9	0	0
XR_007191121.1	1869	1689.9	0	0
XR_007191122.1	1864	1684.9	0	0
XR_007191123.1	4652	4472.9	7114.51	682.918
XR_007191124.1	4652	4472.9	7114.51	682.918
XR_007191125.1	4653	4473.9	5314.36	510.008
XR_007191126.1	4653	4473.9	5314.36	510.008
XR_007191127.1	153	37.0815	1.61429	18.6912
XR_007191128.1	153	37.0815	1.61429	18.6912
XR_007191129.1	153	37.0815	1.61429	18.6912
XR_007191130.1	1869	1689.9	13.0384	3.31265
XR_007191131.1	9667	9487.9	0	0
XR_007191132.1	270	105.978	0	0
XR_007191133.1	3441	3261.9	0	0
XR_007191134.1	572	392.98	0	0
XR_007191135.1	522	343.091	0	0
XR_007191136.1	1646	1466.9	2.85296	0.835039
XR_007191137.1	4225	4045.9	32.9154	3.49298
XR_007191138.1	2554	2374.9	0.000831541	0.000150332
XR_007191139.1	475	296.277	0	0
XR_007191140.1	3372	3192.9	0	0
XR_007191141.1	5435	5255.9	1.80259e-06	1.47253e-07
XR_007191142.1	5382	5202.9	0.999998	0.0825214
XR_007191143.1	6404	6224.9	0	0
XR_007191144.1	4085	3905.9	136.745	15.0315
XR_007191145.1	8300	8120.9	2.97632	0.157358
XR_007191146.1	9484	9304.9	10	0.461425
XR_007191147.1	5477	5297.9	1.09858	0.0890309
XR_007191148.1	6515	6335.9	58.3834	3.95635
XR_007191149.1	149	35.5475	0	0
XR_007191150.1	3470	3290.9	4	0.521865
XR_007191151.1	645	465.98	0	0
XR_007191152.1	4359	4179.9	3	0.308154
XR_007191153.1	2401	2221.9	0	0
XR_007191154.1	4340	4160.9	0	0
XR_007191155.1	7661	7481.9	0	0
XR_007191156.1	4035	3855.9	0	0
XR_007191157.1	4128	3948.9	0	0
XR_007191158.1	81533	81353.9	2	0.0105552
XR_007191159.1	3032	2852.9	0	0
XR_007191160.1	1821	1641.9	0	0
XR_007191161.1	9778	9598.9	0	0
XR_007191162.1	852	672.98	0	0
XR_007191163.1	10375	10195.9	0	0
XR_007191164.1	2249	2069.9	1.1772	0.244182
XR_007191165.1	7761	7581.9	22.0152	1.24669
XR_007191166.1	8853	8673.9	2	0.0989985
XR_007191167.1	6150	5970.9	0	0
XR_007191168.1	5110	4930.9	0	0
XR_007191169.1	4648	4468.9	0	0
XR_007191170.1	556	377.018	0	0
XR_007191171.1	8743	8563.9	4.34654	0.217914
XR_007191172.1	5390	5210.9	52.9888	4.36601
XR_007191173.1	5614	5434.9	0	0
XR_007191174.1	5506	5326.9	0	0
XR_007191175.1	5527	5347.9	67.2312	5.3976
XR_007191176.1	658	478.98	0	0
XR_007191177.1	604	424.98	1	1.01029
XR_007191178.1	7918	7738.9	5.46898	0.303417
XR_007191179.1	7660	7480.9	6.46547	0.371073
XR_007191180.1	8061	7881.9	0	0
XR_007191181.1	7738	7558.9	613.433	34.8435
XR_007191182.1	5016	4836.9	6	0.532595
XR_007191183.1	9343	9163.9	4.70963	0.220658
XR_007191184.1	1599	1419.9	36.2904	10.9735
XR_007191185.1	461	282.362	0	0
XR_007191186.1	5466	5286.9	1	0.0812105
XR_007191187.1	486	307.217	0	0
XR_007191188.1	5887	5707.9	0	0
XR_007191189.1	2708	2528.9	0	0
XR_007191190.1	1202	1022.9	0	0
XR_007191191.1	7318	7138.9	0	0
XR_007191192.1	7234	7054.9	51.8853	3.15767
XR_007191193.1	1269	1089.9	0	0
XR_007191194.1	7488	7308.9	1	0.0587437
XR_007191195.1	15289	15109.9	9.61644	0.273254
XR_007191196.1	20609	20429.9	0	0
XR_007191197.1	20696	20516.9	0	0
XR_007191198.1	20443	20263.9	0	0
XR_007191199.1	925	745.98	1	0.575554
XR_007191200.1	1510	1330.9	0	0
XR_007191201.1	1934	1754.9	0	0
XR_007191202.1	11103	10923.9	0	0
XR_007191203.1	11190	11010.9	0	0
XR_007191204.1	119	25.5681	0	0
XR_007191205.1	9656	9476.9	2.89528	0.131171
XR_007191206.1	19049	18869.9	0	0
XR_007191207.1	487	308.217	0	0
XR_007191208.1	499	320.091	0	0
XR_007191209.1	428	249.808	0	0
XR_007191210.1	5093	4913.9	0	0
XR_007191211.1	153	37.0815	1.61429	18.6912
XR_007191212.1	1869	1689.9	13.0384	3.31265
XR_007191213.1	4652	4472.9	7114.51	682.918
XR_007191214.1	4654	4474.9	1416.04	135.865
XR_007191215.1	4654	4474.9	84.6097	8.11801
XR_007191216.1	153	37.0815	1.61429	18.6912
XR_007191217.1	153	37.0815	1.61429	18.6912
XR_007191218.1	1869	1689.9	0	0
XR_007191219.1	1869	1689.9	8.26011e-08	2.09863e-08
XR_007191220.1	18629	18449.9	0	0
XR_007191221.1	3410	3230.9	1.40545e-06	1.86769e-07
XR_007191222.1	10725	10545.9	5.85196	0.238249
XR_007191223.1	3137	2957.9	0	0
XR_007191224.1	3087	2907.9	1.12234	0.165714
XR_007191225.1	4031	3851.9	0	0
XR_007191226.1	3580	3400.9	0	0
XR_007191227.1	3565	3385.9	0	0
XR_007191228.1	7174	6994.9	0	0
XR_007191229.1	2986	2806.9	9.00648	1.37766
XR_007191230.1	4358	4178.9	1.7527	0.180077
XR_007191231.1	1758	1578.9	0	0
XR_007191232.1	4289	4109.9	4.521	0.472298
XR_007191233.1	4481	4301.9	0.0986305	0.00984383
XR_007191234.1	2307	2127.9	0	0
XR_007191235.1	243	85.858	2	10.0014
XR_007191236.1	5329	5149.9	0	0
XR_007191237.1	5043	4863.9	0	0
XR_007191238.1	5010	4830.9	0	0
XR_007191239.1	5176	4996.9	0.000527802	4.53506e-05
XR_007191240.1	5143	4963.9	3.00456	0.259878
XR_007191241.1	20606	20426.9	8.02385	0.168653
XR_007191242.1	1930	1750.9	0	0
XR_007191243.1	2745	2565.9	4.87351	0.815483
XR_007191244.1	378	200.901	3	6.41139
XR_007191245.1	3752	3572.9	0	0
XR_007191246.1	5435	5255.9	6.1664	0.50373
XR_007191247.1	2417	2237.9	2.24114	0.429972
XR_007191248.1	9002	8822.9	1	0.0486633
XR_007191249.1	2704	2524.9	0	0
XR_007191250.1	2263	2083.9	0	0
XR_007191251.1	2224	2044.9	6	1.25977
XR_007191252.1	20817	20637.9	25	0.520101
XR_007191253.1	703	523.98	11	9.01345
XR_007191254.1	522	343.091	0	0
XR_007191255.1	3410	3230.9	0	0
XR_007191256.1	3949	3769.9	4	0.455557
XR_007191257.1	4994	4814.9	1.0686	0.0952882
XR_007191258.1	9999	9819.9	6.14267	0.268574
XR_007191259.1	13847	13667.9	15.0565	0.472973
XR_007191260.1	10085	9905.9	0	0
XR_007191261.1	33674	33494.9	0.0132287	0.000169571
XR_007191262.1	1354	1174.9	0	0
XR_007191263.1	3674	3494.9	0	0
XR_007191264.1	7137	6957.9	1.96773	0.121423
XR_007191265.1	3601	3421.9	9.04161	1.13446
XR_007191266.1	3265	3085.9	2.00097	0.278402
XR_007191267.1	361	184.852	0	0
XR_007191268.1	433	254.706	0	0
XR_007191269.1	795	615.98	0	0
XR_007191270.1	657	477.98	0	0
XR_007191271.1	620	440.98	0	0
XR_007191272.1	598	418.98	0	0
XR_007191273.1	8859	8679.9	0	0
XR_007191274.1	5481	5301.9	19.0383	1.54173
XR_007191275.1	5696	5516.9	76.9797	5.99093
XR_007191276.1	300	130.105	0	0
XR_007191277.1	1523	1343.9	0	0
XR_007191278.1	3339	3159.9	5	0.679375
XR_007191279.1	7524	7344.9	101.268	5.91969
XR_007191280.1	1245	1065.9	4	1.61122
XR_007191281.1	2473	2293.9	2.98832	0.559326
XR_007191282.1	1765	1585.9	0	0
XR_007191283.1	1442	1262.9	2.09602	0.712588
XR_007191284.1	1570	1390.9	1.90398	0.587731
XR_007191285.1	4890	4710.9	0	0
XR_007191286.1	5114	4934.9	1	0.0870031
XR_007191287.1	4933	4753.9	0	0
XR_007191288.1	4936	4756.9	0	0
XR_007191289.1	738	558.98	0	0
XR_007191290.1	105	21.2604	0.5	10.0974
XR_007191291.1	59	9.56863	0	0
XR_007191292.1	2593	2413.9	0	0
XR_007191293.1	2554	2374.9	0	0
XR_007191294.1	2539	2359.9	0	0
XR_007191295.1	2500	2320.9	4	0.739973
XR_007191296.1	477	298.277	0	0
XR_007191297.1	828	648.98	0	0
XR_007191298.1	6468	6288.9	1.26334	0.0862499
XR_007191299.1	3618	3438.9	4	0.499405
XR_007191300.1	7286	7106.9	0	0
XR_007191301.1	3396	3216.9	0	0
XR_007191302.1	7128	6948.9	0	0
XR_007191303.1	1561	1381.9	1	0.310696
XR_007191304.1	236	81.1516	0	0
XR_007191305.1	2087	1907.9	0	0
XR_007191306.1	2087	1907.9	0	0
XR_007191307.1	1816	1636.9	0	0
XR_007191308.1	1084	904.905	3.45861	1.64101
XR_007191309.1	1089	909.905	0	0
XR_007191310.1	1097	917.905	17	7.95179
XR_007191311.1	1887	1707.9	2	0.502782
XR_007191312.1	1385	1205.9	0	0
XR_007191313.1	6004	5824.9	0	0
XR_007191314.1	5793	5613.9	0	0
XR_007191315.1	164	41.3129	11.1931	116.327
XR_007191316.1	164	41.3129	11.1931	116.327
XR_007191317.1	4394	4214.9	0	0
XR_007191318.1	5193	5013.9	0	0
XR_007191319.1	4725	4545.9	28.5576	2.69721
XR_007191320.1	4404	4224.9	39.2834	3.99214
XR_007191321.1	5064	4884.9	0	0
XR_007191322.1	4527	4347.9	0	0
XR_007191323.1	4387	4207.9	79.8354	8.14597
XR_007191324.1	4397	4217.9	46.2852	4.71149
XR_007191325.1	14033	13853.9	7.33518	0.227327
XR_007191326.1	4635	4455.9	49.1623	4.73707
XR_007191327.1	4618	4438.9	29.9696	2.89881
XR_007191328.1	4956	4776.9	14.8813	1.33754
XR_007191329.1	4533	4353.9	0	0
XR_007191330.1	4356	4176.9	3.61962	0.372068
XR_007191331.1	4548	4368.9	0	0
XR_007191332.1	21165	20985.9	8.03358	0.164359
XR_007191333.1	786	606.98	2	1.41471
XR_007191334.1	153	37.0815	1.61429	18.6912
XR_007191335.1	3629	3449.9	0	0
XR_007191336.1	3526	3346.9	0	0
XR_007191337.1	3554	3374.9	0	0
XR_007191338.1	3569	3389.9	0	0
XR_007191339.1	3469	3289.9	0	0
XR_007191340.1	3712	3532.9	0	0
XR_007191341.1	3593	3413.9	0	0
XR_007191342.1	3693	3513.9	2	0.244373
XR_007191343.1	3768	3588.9	0	0
XR_007191344.1	1869	1689.9	13.0384	3.31265
XR_007191345.1	4650	4470.9	6	0.576195
XR_007191346.1	1788	1608.9	6.53602	1.7442
XR_007191347.1	3445	3265.9	14.678	1.92964
XR_007191348.1	4684	4504.9	0	0
XR_007191349.1	10175	9995.9	0	0
XR_007191350.1	4898	4718.9	0	0
XR_007191351.1	4827	4647.9	0	0
XR_007191352.1	1922	1742.9	0	0
XR_007191353.1	7781	7601.9	0	0
XR_007191354.1	7463	7283.9	0	0
XR_007191355.1	3122	2942.9	24.1849	3.52843
XR_007191356.1	3777	3597.9	24.6681	2.94374
XR_007191357.1	4653	4473.9	3.45089	0.331175
XR_007191358.1	461	282.362	0	0
XR_007191359.1	2289	2109.9	18802.1	3826.11
XR_007191360.1	153	37.0815	1.61429	18.6912
XR_007191361.1	2561	2381.9	3	0.540767
XR_007191362.1	2965	2785.9	0	0
XR_007191363.1	4653	4473.9	3.45089	0.331175
XR_007191364.1	5917	5737.9	0	0
XR_007191365.1	5848	5668.9	0	0
XR_007191366.1	5654	5474.9	59.4702	4.66376
XR_007191367.1	13674	13494.9	7	0.222711
XR_007191368.1	13985	13805.9	37.9979	1.1817
XR_007191369.1	850	670.98	0	0
XR_007191370.1	1435	1255.9	0	0
XR_007191371.1	2823	2643.9	0	0
XR_007191372.1	9100	8920.9	7.88792	0.379636
XR_007191373.1	707	527.98	0	0
XR_007191374.1	1193	1013.9	0	0
XR_007191375.1	2039	1859.9	3	0.692539
XR_007191376.1	4485	4305.9	0	0
XR_007191377.1	4500	4320.9	0	0
XR_007191378.1	3189	3009.9	1	0.142646
XR_007191379.1	6190	6010.9	0	0
XR_007191380.1	4459	4279.9	0	0
XR_007191381.1	3629	3449.9	42	5.22704
XR_007191382.1	4649	4469.9	9	0.864485
XR_007191383.1	1898	1718.9	17.7835	4.44201
XR_007191384.1	653	473.98	0	0
XR_007191385.1	1429	1249.9	0	0
XR_007191386.1	971	791.905	0	0
XR_007191387.1	791	611.98	1	0.701578
XR_007191388.1	1676	1496.9	0	0
XR_007191389.1	1266	1086.9	0	0
XR_007191390.1	1647	1467.9	2	0.584986
XR_007191391.1	6974	6794.9	30.015	1.89657
XR_007191392.1	5544	5364.9	0	0
XR_007191393.1	2700	2520.9	0	0
XR_007191394.1	1213	1033.9	2	0.830545
XR_007191395.1	9492	9312.9	0	0
XR_007191396.1	2795	2615.9	0	0
XR_007191397.1	8284	8104.9	0	0
XR_007191398.1	5945	5765.9	0	0
XR_007191399.1	4349	4169.9	6.60666	0.680251
XR_007191400.1	4387	4207.9	6.30415	0.643242
XR_007191401.1	5080	4900.9	0	0
XR_007191402.1	4132	3952.9	1	0.108617
XR_007191403.1	1047	867.905	0	0
XR_007191404.1	970	790.905	1	0.542862
XR_007191405.1	910	730.98	0	0
XR_007191406.1	1084	904.905	0	0
XR_007191407.1	1023	843.905	0	0
XR_007191408.1	1379	1199.9	0	0
XR_007191409.1	3963	3783.9	20.5774	2.33487
XR_007191410.1	3490	3310.9	12.6832	1.64474
XR_007191411.1	892	712.98	0	0
XR_007191412.1	865	685.98	0	0
XR_007191413.1	2719	2539.9	2	0.338085
XR_007191414.1	2858	2678.9	0	0
XR_007191415.1	4041	3861.9	0	0
XR_007191416.1	2218	2038.9	0	0
XR_007191417.1	1455	1275.9	4.67979	1.57479
XR_007191418.1	1649	1469.9	0	0
XR_007191419.1	14422	14242.9	0	0
XR_007191420.1	107	21.8211	0.415584	8.17702
XR_007191421.1	104	21.0859	0	0
XR_007191422.1	2390	2210.9	0	0
XR_007191423.1	153	37.0815	1.61429	18.6912
XR_007191424.1	4653	4473.9	1384.45	132.862
XR_007191425.1	153	37.0815	1.61429	18.6912
XR_007191426.1	1869	1689.9	13.0384	3.31265
XR_007191427.1	1869	1689.9	19.2138	4.88162
XR_007191428.1	4653	4473.9	1609.69	154.479
XR_007191429.1	153	37.0815	1.61429	18.6912
XR_007191430.1	153	37.0815	1.61429	18.6912
XR_007191431.1	1869	1689.9	13.0384	3.31265
XR_007191432.1	1869	1689.9	13.0384	3.31265
XR_007191433.1	4654	4474.9	2.21553	0.212573
XR_007191434.1	7098	6918.9	5.15948	0.320171
XR_007191435.1	7881	7701.9	0	0
XR_007191436.1	7875	7695.9	0	0
XR_007191437.1	7298	7118.9	0	0
XR_007191438.1	8129	7949.9	0	0
XR_007191439.1	12637	12457.9	0	0
XR_007191440.1	12170	11990.9	7.81569	0.279852
XR_007191441.1	11834	11654.9	0	0
XR_007191442.1	11494	11314.9	13.1843	0.500288
XR_007191443.1	5260	5080.9	0	0
XR_007191444.1	5254	5074.9	0	0
XR_007191445.1	5220	5040.9	0	0
XR_007191446.1	2204	2024.9	0	0
XR_007191447.1	2325	2145.9	10.0518	2.01116
XR_007191448.1	2263	2083.9	0	0
XR_007191449.1	5471	5291.9	17.0839	1.38608
XR_007191450.1	10073	9893.9	0	0
XR_007191451.1	8111	7931.9	0	0
XR_007191452.1	8520	8340.9	0	0
XR_007191453.1	3379	3199.9	0	0
XR_007191454.1	4841	4661.9	0	0
XR_007191455.1	3676	3496.9	23	2.82395
XR_007191456.1	4591	4411.9	1.85934	0.180945
XR_007191457.1	4679	4499.9	0	0
XR_007191458.1	1125	945.905	0	0
XR_007191459.1	1327	1147.9	137	51.2422
XR_007191460.1	6883	6703.9	11.4968	0.736313
XR_007191461.1	1822	1642.9	0	0
XR_007191462.1	1630	1450.9	1.49652	0.44285
XR_007191463.1	639	459.98	0	0
XR_007191464.1	1276	1096.9	0	0
XR_007191465.1	511	332.091	0	0
XR_007191466.1	1911	1731.9	0	0
XR_007191467.1	5422	5242.9	1	0.081892
XR_007191468.1	1649	1469.9	0	0
XR_007191469.1	5907	5727.9	4.00105	0.29991
XR_007191470.1	1137	957.905	0	0
XR_007191471.1	1996	1816.9	27.2382	6.43665
XR_007191472.1	361	184.852	0	0
XR_007191473.1	845	665.98	0	0
XR_007191474.1	1515	1335.9	0	0
XR_007191475.1	1715	1535.9	1	0.279543
XR_007191476.1	6589	6409.9	0	0
XR_007191477.1	6562	6382.9	0	0
XR_007191478.1	12744	12564.9	4.3002	0.146941
XR_007191479.1	2805	2625.9	0	0
XR_007191480.1	2593	2413.9	1.99061e-06	3.54062e-07
XR_007191481.1	2982	2802.9	1.90926	0.292462
XR_007191482.1	2219	2039.9	150.285	31.6314
XR_007191483.1	4398	4218.9	0	0
XR_007191484.1	4746	4566.9	0	0
XR_007191485.1	3173	2993.9	0	0
XR_007191486.1	3718	3538.9	0	0
XR_007191487.1	3135	2955.9	11.3823	1.6533
XR_007191488.1	2563	2383.9	0	0
XR_007191489.1	7717	7537.9	50	2.84795
XR_007191490.1	1501	1321.9	0	0
XR_007191491.1	4830	4650.9	33.6081	3.10256
XR_007191492.1	6131	5951.9	0	0
XR_007191493.1	15340	15160.9	0	0
XR_007191494.1	12600	12420.9	0	0
XR_007191495.1	3195	3015.9	0	0
XR_007191496.1	3030	2850.9	0	0
XR_007191497.1	2814	2634.9	1	0.162948
XR_007191498.1	4147	3967.9	0	0
XR_007191499.1	4147	3967.9	0	0
XR_007191500.1	4147	3967.9	0	0
XR_007191501.1	892	712.98	0	0
XR_007191502.1	663	483.98	0	0
XR_007191503.1	2083	1903.9	0	0
XR_007191504.1	2357	2177.9	3	0.59142
XR_007191505.1	1654	1474.9	0	0
XR_007191506.1	2220	2040.9	0	0
XR_007191507.1	417	238.977	0	0
XR_007191508.1	4404	4224.9	0	0
XR_007191509.1	957	777.905	0	0
XR_007191510.1	7306	7126.9	4.44321	0.267676
XR_007191511.1	5702	5522.9	7.48705	0.582045
XR_007191512.1	3439	3259.9	0	0
XR_007191513.1	2898	2718.9	0	0
XR_007191514.1	2678	2498.9	0	0
XR_007191515.1	540	361.056	0	0
XR_007191516.1	3110	2930.9	3.53283	0.517528
XR_007191517.1	3381	3201.9	0	0
XR_007191518.1	7948	7768.9	3.95375e-06	2.18506e-07
XR_007191519.1	1740	1560.9	11.6691	3.20978
XR_007191520.1	4372	4192.9	17.0458	1.74548
XR_007191521.1	2563	2383.9	0	0
XR_007191522.1	153	37.0815	1.61429	18.6912
XR_007191523.1	4673	4493.9	14.359	1.37187
XR_007191524.1	153	37.0815	1.61429	18.6912
XR_007191525.1	1869	1689.9	13.0384	3.31265
XR_007191526.1	1869	1689.9	13.0384	3.31265
XR_007191527.1	4652	4472.9	7114.51	682.918
XR_007191528.1	153	37.0815	1.61429	18.6912
XR_007191529.1	4644	4464.9	3.78238	0.36372
XR_007191530.1	154	37.3384	0	0
XR_007191531.1	1869	1689.9	13.0384	3.31265
XR_007191532.1	1870	1690.9	0	0
XR_007191533.1	4652	4472.9	7114.51	682.918
XR_007191534.1	153	37.0815	1.61429	18.6912
XR_007191535.1	4653	4473.9	1.32478e-07	1.27136e-08
XR_007191536.1	153	37.0815	1.61429	18.6912
XR_007191537.1	1869	1689.9	13.0384	3.31265
XR_007191538.1	1869	1689.9	13.0384	3.31265
XR_007191539.1	4652	4472.9	6821.59	654.801
XR_007191540.1	1844	1664.9	2	0.515768
XR_007191541.1	10813	10633.9	160.508	6.48063
XR_007191542.1	2584	2404.9	0	0
XR_007191543.1	7227	7047.9	2	0.121838
XR_007191544.1	5256	5076.9	0	0
XR_007191545.1	3104	2924.9	1.34962e-05	1.98114e-06
XR_007191546.1	1524	1344.9	0	0
XR_007191547.1	19832	19652.9	0	0
XR_007191548.1	2373	2193.9	2.25374	0.441061
XR_007191549.1	757	577.98	1.40805	1.04597
XR_007191550.1	13145	12965.9	0	0
XR_007191551.1	6717	6537.9	0	0
XR_007191552.1	6515	6335.9	1	0.0677649
XR_007191553.1	13259	13079.9	0	0
XR_007191554.1	12952	12772.9	0	0
XR_007191555.1	12265	12085.9	0	0
XR_007191556.1	12506	12326.9	0	0
XR_007191557.1	11165	10985.9	0	0
XR_007191558.1	607	427.98	0	0
XR_007191559.1	1072	892.905	10	4.80849
XR_007191560.1	2816	2636.9	0	0
XR_007191561.1	1168	988.905	1	0.434169
XR_007191562.1	2468	2288.9	0	0
XR_007191563.1	3022	2842.9	0	0
XR_007191564.1	2437	2257.9	0	0
XR_007191565.1	4684	4504.9	0	0
XR_007191566.1	6124	5944.9	0	0
XR_007191567.1	449	270.446	0	0
XR_007191568.1	3068	2888.9	2.00018	0.29727
XR_007191569.1	332	158.321	0	0
XR_007191570.1	18070	17890.9	3.02718	0.0726474
XR_007191571.1	1044	864.905	0	0
XR_007191572.1	700	520.98	3	2.47237
XR_007191573.1	5691	5511.9	0	0
XR_007191574.1	3873	3693.9	0.00998921	0.00116107
XR_007191575.1	4794	4614.9	0	0
XR_007191576.1	7910	7730.9	6.43021	0.357115
XR_007191577.1	12677	12497.9	0	0
XR_007191578.1	11100	10920.9	0	0
XR_007191579.1	1127	947.905	0	0
XR_007191580.1	3576	3396.9	1.00599	0.127152
XR_007191581.1	16031	15851.9	0	0
XR_007191582.1	15732	15552.9	6.39522e-07	1.76546e-08
XR_007191583.1	15550	15370.9	3	0.0837983
XR_007191584.1	5851	5671.9	14	1.05977
XR_007191585.1	2907	2727.9	2	0.314785
XR_007191586.1	1924	1744.9	0	0
XR_007191587.1	1923	1743.9	0	0
XR_007191588.1	2364	2184.9	0	0
XR_007191589.1	474	295.277	0	0
XR_007191590.1	646	466.98	0	0
XR_007191591.1	578	398.98	0	0
XR_007191592.1	693	513.98	0	0
XR_007191593.1	3420	3240.9	8	1.05983
XR_007191594.1	13351	13171.9	18.1005	0.590005
XR_007191595.1	3183	3003.9	2	0.285863
XR_007191596.1	233	79.175	0	0
XR_007191597.1	2293	2113.9	5.64793	1.14714
XR_007191598.1	1699	1519.9	17.76	5.01695
XR_007191599.1	1553	1373.9	10.9965	3.43647
XR_007191600.1	3855	3675.9	2.50921	0.293081
XR_007191601.1	1008	828.905	0	0
XR_007191602.1	989	809.905	0	0
XR_007191603.1	1167	987.905	0	0
XR_007191604.1	1227	1047.9	0	0
XR_007191605.1	1054	874.905	0	0
XR_007191606.1	1070	890.905	0	0
XR_007191607.1	1392	1212.9	0	0
XR_007191608.1	1332	1152.9	0	0
XR_007191609.1	1119	939.905	0	0
XR_007191610.1	1003	823.905	0	0
XR_007191611.1	1026	846.905	0	0
XR_007191612.1	1074	894.905	0	0
XR_007191613.1	1057	877.905	0	0
XR_007191614.1	899	719.98	0	0
XR_007191615.1	906	726.98	0	0
XR_007191616.1	1009	829.905	0	0
XR_007191617.1	946	766.905	0	0
XR_007191618.1	925	745.98	6.08406	3.5017
XR_007191619.1	1063	883.905	7.40673	3.59778
XR_007191620.1	814	634.98	0	0
XR_007191621.1	153	37.0815	1.61429	18.6912
XR_007191622.1	1864	1684.9	0.00460241	0.0011728
XR_007191623.1	4653	4473.9	3.45089	0.331175
XR_007191624.1	119	25.5681	0.0125	0.209906
XR_007191625.1	119	25.5681	0.0125	0.209906
XR_007191626.1	119	25.5681	0.0125	0.209906
XR_007191627.1	119	25.5681	0.0125	0.209906
XR_007191628.1	119	25.5681	0.0125	0.209906
XR_007191629.1	119	25.5681	0.0125	0.209906
XR_007191630.1	119	25.5681	0.0125	0.209906
XR_007191631.1	119	25.5681	0.0125	0.209906
XR_007191632.1	119	25.5681	0.0125	0.209906
XR_007191633.1	119	25.5681	0.0125	0.209906
XR_007191634.1	119	25.5681	0.0125	0.209906
XR_007191635.1	119	25.5681	0.0125	0.209906
XR_007191636.1	119	25.5681	0.0125	0.209906
XR_007191637.1	119	25.5681	0.0125	0.209906
XR_007191638.1	119	25.5681	0.0125	0.209906
XR_007191639.1	119	25.5681	0.0125	0.209906
XR_007191640.1	119	25.5681	0.0125	0.209906
XR_007191641.1	119	25.5681	0.0125	0.209906
XR_007191642.1	119	25.5681	0.0125	0.209906
XR_007191643.1	119	25.5681	0.0125	0.209906
XR_007191644.1	119	25.5681	0.0125	0.209906
XR_007191645.1	119	25.5681	0.0125	0.209906
XR_007191646.1	119	25.5681	0.0125	0.209906
XR_007191647.1	119	25.5681	0.0125	0.209906
XR_007191648.1	119	25.5681	0.0125	0.209906
XR_007191649.1	119	25.5681	0.0125	0.209906
XR_007191650.1	119	25.5681	0.0125	0.209906
XR_007191651.1	119	25.5681	0.0125	0.209906
XR_007191652.1	1048	868.905	0	0
XR_007191653.1	1167	987.905	0	0
XR_007191654.1	2121	1941.9	2	0.442197
XR_007191655.1	2801	2621.9	0	0
XR_007191656.1	10708	10528.9	0	0
XR_007191657.1	1921	1741.9	0	0
XR_007191658.1	2243	2063.9	0	0
XR_007191659.1	2275	2095.9	0	0
XR_007191660.1	1960	1780.9	18.6482	4.49582
XR_007191661.1	3254	3074.9	0	0
XR_007191662.1	1914	1734.9	0	0
XR_007191663.1	1928	1748.9	0	0
XR_007191664.1	3178	2998.9	0	0
XR_007191665.1	1797	1617.9	0	0
XR_007191666.1	1770	1590.9	0	0
XR_007191667.1	7865	7685.9	0	0
XR_007191668.1	3315	3135.9	0	0
XR_007191669.1	468	289.277	0	0
XR_007191670.1	8098	7918.9	0	0
XR_007191671.1	7845	7665.9	0	0
XR_007191672.1	7372	7192.9	0	0
XR_007191673.1	7415	7235.9	0	0
XR_007191674.1	453	274.419	0	0
XR_007191675.1	441	262.525	2	3.27094
XR_007191676.1	3846	3666.9	14.7607	1.72831
XR_007191677.1	16467	16287.9	0	0
XR_007191678.1	16390	16210.9	0	0
XR_007191679.1	3130	2950.9	0	0
XR_007191680.1	9276	9096.9	0	0
XR_007191681.1	9851	9671.9	0	0
XR_007191682.1	8788	8608.9	6	0.299238
XR_007191683.1	2018	1838.9	0	0
XR_007191684.1	5126	4946.9	15.2088	1.32
XR_007191685.1	5080	4900.9	102.634	8.99138
XR_007191686.1	338	163.695	0	0
XR_007191687.1	3341	3161.9	3	0.407367
XR_007191688.1	1521	1341.9	0	0
XR_007191689.1	2701	2521.9	0	0
XR_007191690.1	1630	1450.9	0	0
XR_007191691.1	1719	1539.9	0	0
XR_007191692.1	6610	6430.9	20.1334	1.34418
XR_007191693.1	1000	820.905	0	0
XR_007191694.1	6095	5915.9	0	0
XR_007191695.1	11364	11184.9	0	0
XR_007191696.1	2903	2723.9	0	0
XR_007191697.1	241	84.5902	0	0
XR_007191698.1	153	37.0815	1.61429	18.6912
XR_007191699.1	4653	4473.9	1609.69	154.479
XR_007191700.1	153	37.0815	1.61429	18.6912
XR_007191701.1	1869	1689.9	0	0
XR_007191702.1	1869	1689.9	13.0384	3.31265
XR_007191703.1	4652	4472.9	6716.49	644.713
XR_007191704.1	153	37.0815	1.61429	18.6912
XR_007191705.1	1869	1689.9	13.0384	3.31265
XR_007191706.1	4654	4474.9	141.551	13.5813
XR_007191707.1	153	37.0815	1.61429	18.6912
XR_007191708.1	1872	1692.9	0.0011088	0.000281213
XR_007191709.1	4653	4473.9	3.45089	0.331175
XR_007191710.1	119	25.5681	0.0125	0.209906
XR_007191711.1	119	25.5681	0.0125	0.209906
XR_007191712.1	119	25.5681	0.0125	0.209906
XR_007191713.1	119	25.5681	0	0
XR_007191714.1	119	25.5681	0.0125	0.209906
XR_007191715.1	119	25.5681	0.0125	0.209906
XR_007191716.1	119	25.5681	0.0125	0.209906
XR_007191717.1	119	25.5681	0.0125	0.209906
XR_007191718.1	153	37.0815	1.61429	18.6912
XR_007191719.1	1869	1689.9	13.0384	3.31265
XR_007191720.1	4659	4479.9	586.426	56.2028
XR_007191721.1	10275	10095.9	0	0
XR_007191722.1	8388	8208.9	0	0
XR_007191723.1	1524	1344.9	19.3907	6.19034
XR_007191724.1	557	378.018	3.63498	4.1286
XR_007191725.1	551	372.056	7.5905	8.75944
XR_007191726.1	876	696.98	19.7745	12.1814
XR_007191727.1	2782	2602.9	92.9761	15.3365
XR_007191728.1	7116	6936.9	207.356	12.834
XR_007191729.1	6762	6582.9	178.143	11.6189
XR_007191730.1	6696	6516.9	79.6571	5.24804
XR_007191731.1	270	105.978	0	0
XR_007191732.1	1723	1543.9	2.05983	0.572827
XR_007191733.1	1719	1539.9	0	0
XR_007191734.1	914	734.98	0	0
XR_007191735.1	545	366.056	2	2.34583
XR_007191736.1	545	366.056	2	2.34583
XR_007191737.1	4007	3827.9	2.5561	0.286701
XR_007191738.1	908	728.98	0	0
XR_007191739.1	2010	1830.9	0	0
XR_007191740.1	450	271.446	0	0
XR_007191741.1	6517	6337.9	10.2364	0.69345
XR_007191742.1	8201	8021.9	4.7636	0.25496
XR_007191743.1	608	428.98	0	0
XR_007191744.1	2096	1916.9	3	0.671946
XR_007191745.1	359	182.889	0	0
XR_007191746.1	3478	3298.9	0	0
XR_007191747.1	2899	2719.9	0	0
XR_007191748.1	2628	2448.9	46.612	8.17221
XR_007191749.1	4425	4245.9	2.00711	0.202961
XR_007191750.1	702	522.98	0	0
XR_007191751.1	4745	4565.9	0	0
XR_007191752.1	4741	4561.9	0	0
XR_007191753.1	4081	3901.9	20.058	2.20711
XR_007191754.1	3513	3333.9	100.789	12.9799
XR_007191755.1	5482	5302.9	1.67012	0.135222
XR_007191756.1	1651	1471.9	0	0
XR_007191757.1	1747	1567.9	0	0
XR_007191758.1	1258	1078.9	0	0
XR_007191759.1	1200	1020.9	0	0
XR_007191760.1	1153	973.905	0	0
XR_007191761.1	4064	3884.9	3	0.331554
XR_007191762.1	345	170.118	0	0
XR_007191763.1	458	279.391	0	0
XR_007191764.1	3584	3404.9	2	0.252196
XR_007191765.1	447	268.446	0	0
XR_007191766.1	9427	9247.9	9.04634	0.419994
XR_007191767.1	3320	3140.9	0	0
XR_007191768.1	4045	3865.9	9	0.999551
XR_007191769.1	4428	4248.9	5	0.50525
XR_007191770.1	665	485.98	0	0
XR_007191771.1	6470	6290.9	21	1.43324
XR_007191772.1	4994	4814.9	9.87673	0.880722
XR_007191773.1	4019	3839.9	17.0378	1.90505
XR_007191774.1	540	361.056	1	1.18916
XR_007191775.1	6305	6125.9	0	0
XR_007191776.1	4252	4072.9	0	0
XR_007191777.1	3516	3336.9	0	0
XR_007191778.1	1032	852.905	0	0
XR_007191779.1	5027	4847.9	0	0
XR_007191780.1	4832	4652.9	0	0
XR_007191781.1	904	724.98	0	0
XR_007191782.1	2280	2100.9	10.0929	2.06264
XR_007191783.1	6044	5864.9	10.9071	0.798476
XR_007191784.1	6052	5872.9	0	0
XR_007191785.1	4279	4099.9	5	0.523612
XR_007191786.1	4246	4066.9	0	0
XR_007191787.1	4618	4438.9	0	0
XR_007191788.1	7756	7576.9	0	0
XR_007191789.1	2989	2809.9	0	0
XR_007191790.1	1666	1486.9	0	0
XR_007191791.1	1932	1752.9	0	0
XR_007191792.1	754	574.98	1	0.746725
XR_007191793.1	1214	1034.9	0	0
XR_007191794.1	7063	6883.9	9.05717	0.5649
XR_007191795.1	7205	7025.9	0	0
XR_007191796.1	6972	6792.9	3.10299	0.196127
XR_007191797.1	510	331.091	0	0
XR_007191798.1	1101	921.905	0	0
XR_007191799.1	5296	5116.9	0	0
XR_007191800.1	5251	5071.9	22.5675	1.91041
XR_007191801.1	5136	4956.9	0	0
XR_007191802.1	8114	7934.9	0	0
XR_007191803.1	8858	8678.9	84.7626	4.19327
XR_007191804.1	2490	2310.9	0	0
XR_007191805.1	2347	2167.9	5.95469	1.17932
XR_007191806.1	2873	2693.9	3.12134	0.497476
XR_007191807.1	916	736.98	0	0
XR_007191808.1	2782	2602.9	11	1.81446
XR_007191809.1	1935	1755.9	2.32527	0.568572
